   1  -0.692352549055183295617051977942  -0.404692651856204457930980479824
   2   0.898628310299638717592140623116   0.234111887057011938354862968515
   3   0.614091590321438729720787961086  -0.696586487401144712648948069409
   4  -0.903216002330652276904625479454   0.008957826090768863933735566021
   5  -0.024400557603570584949695572153  -0.148213718493767198689443343345
   6   0.193020403045573005983289506933   0.470263322131220543822715509661
   7  -0.032464144425962797692267119080   0.645393782244312822471864762580
   8  -0.531195432628261379346636700859   0.592653357861627710543424514822
   9  -0.167549154572448121603332881051   0.599235590695464507123371198904
  10   0.563679526431749432429035382830  -0.563030647290282846412372365747
  11  -0.547303769761663970652230875794  -0.705604328258463246667230534268
  12   0.621186960785647887300145966790  -0.013619249232049372709085398506
  13  -0.456054456757789240467311911749   0.343586487717153940782542309525
  14   0.459239076529196433818637736708   0.475369060079585439836891823136
  15  -0.310302524779667583271776054216   0.599117659288443541044095620585
  16  -0.887830905732229017675733261260  -0.272208557102947728836489373232
  17  -0.459247532177956139968522639759  -0.593244915497725593114442471496
  18   0.162225940481905916099645899954  -0.748648001868707491214269732322
  19  -0.916245245498349715342252305942   0.151115405684025953734696397927
  20   0.713602166644095891984429395167  -0.594233256805970831179261699987
  21   0.491930258577761297740031335261  -0.074210036879000629327692076101
  22   0.795418477872675909635623120046  -0.098901638811510247684831331134
  23   0.785750515619903329397695613408   0.321502630740629348368194590645
  24   0.346567134650027949828631979997   0.563025047476417004282365885638
  25  -0.082131678184276940298393233417  -0.572564947119915844215334446326
  26   0.315191470237000000000000000000  -0.412329836329000000000000000000
  27  -0.673653828694205350903605019819  -0.639164872954558661455734177806
  28   0.593126180405672431128375412691  -0.279191900853909295448293906616
  29  -0.451526081413525001693250620168  -0.811458818139728933737902563610
  30  -0.495155442899845827320774136964   0.059898847064061466512519983244
  31   0.220598738474684762127293320463  -0.181544796501656757036109822809
  32   0.796249152264840828966310321742  -0.477837318813528008231680705667
  33  -0.555500399100684516945967892803  -0.364072119287470270000273466482
  34  -0.633538743818408048516806283681   0.024847447088898259622461922423
  35   0.770031670400078450933994832866  -0.239379568108910858196133204526
  36   0.069233530145203910914450043523  -0.377054871810786300625722134567
  37  -0.288643560542061383809583685191  -0.256333050027927188851407231542
  38  -0.553041988931259037212037140198   0.745979741154098660956113297884
  39  -0.213565025524688562219824629092  -0.628276829337544501386821042073
  40  -0.587683499006000000000000000000  -0.509940349301000000000000000000
  41  -0.646443104189031126557268033058   0.167016417320666160576718261253
  42   0.080142608436563058336244670836   0.557654065906190097250363933224
  43  -0.423392947146815896225631227387   0.686233071140516050897231660947
  44  -0.778575556952000000000000000000   0.112977520719000000000000000000
  45   0.116281457831694938386595345301   0.841143193839542972594364143366
  46   0.633342150552023042877595459063   0.128615732312856181667407912076
  47   0.657369412375939947706292560560  -0.151711134620917847315276949470
  48   0.099854932456840210014254025720  -0.923238976753808180778527025163
  49   0.446598599021584286286346979839  -0.356009858024628090598583431819
  50  -0.882257432383278875028672153412   0.289763763672828812601554424601
  51  -0.321817749872206120562303533439  -0.871076662298198102922516541562
  52  -0.326442820133698509866869465190  -0.540886085562574947959172618511
  53  -0.118034645352345080813841187829   0.080627434823251903246835447878
  54   0.239842445334920213910192540885  -0.040094386959607208527479455149
  55  -0.401521355151071331456628521288  -0.168942306252957635423758807979
  56   0.049989823284968459131550823102  -0.518505281352835849134352502228
  57   0.033330562977135770399002089111   0.276137510132381446836447759637
  58   0.374229000906085078386518802292  -0.849878738770544992631431945979
  59   0.754351619107768719198004643209   0.037817239638100288982334768290
  60   0.099697024626645774200270745506   0.699356399007995004278661376162
  61   0.327117575103701591001951249073   0.421309394205579344840856933493
  62   0.504085448344136453317480827533   0.068024944665904925048801234481
  63  -0.323932955288543841037367855230   0.397646153484233935863524253623
  64  -0.382277648290835879673729300866  -0.027491896710908086915128440318
  65  -0.175765765933051436162538849093  -0.343723793802896742279055655104
  66   0.233273754163755214741401846294  -0.872465394767950215336186020082
  67   0.886473120533263562014691130844   0.091876905512106383978369657933
  68   0.146208357586145718046046925209   0.188746766357411893408799336074
  69   0.259086152195155665693091761306   0.101356022582442339981150912512
  70   0.126964650725910266263147704787   0.047296356815362344900168968413
  71   0.201355031614449310344394100042  -0.322995206043706305544740190470
  72   0.520464355872287654683150449354   0.216006475996473591680739534205
  73  -0.088703806234470015184064415174  -0.715167000913779838216724156266
  74   0.626934529390469481706268882712   0.685050590534253492279093869998
  75  -0.131617133813127450803821907828   0.882458623702262361623301767752
  76   0.508645441065000000000000000000   0.776846413157000000000000000000
  77  -0.835618751650691616614265020633  -0.405071003187242038221337551498
  78  -0.670495006574815509557656662946  -0.263622504588771818435447765420
  79  -0.269399853681825932026684464769  -0.114882640485877640342776863881
  80  -0.220137153574881637105495810850  -0.770878883131408495388210752013
  81   0.369529466921987330384908230159   0.703919582182232856611266350695
  82   0.003467876333357873107243854144   0.928616815251110676971795331428
  83  -0.015879711220913633505942519285   0.787180577075860790787567529784
  84  -0.211668733101119576677986803505   0.309468588140271005183114239101
  85  -0.417805359722404300169995351712   0.505193865217873114051664379777
  86   0.088477237005439362697349263944  -0.235604462268736752117091766907
  87  -0.410997615795000000000000000000   0.832708708172000000000000000000
  88   0.181469647342141367882545120377  -0.607197592326657942705639364662
  89  -0.827420427759444120960837909982   0.421564528227598147808014352402
  90   0.652585857297782497499836936989   0.270066141870479686676774423848
  91   0.391207653664401065123035817825   0.155415688349522335062132856610
  92   0.278329859055391117475990981727   0.242806432124491888489781280172
  93   0.804994222480138781180594833828   0.462953040282678896876824958305
  94  -0.919062157979924992343170229756  -0.132913375935841305192540770084
  95   0.539708062688772549852792100891   0.357456885645449240104422847410
  96   0.235330606313424135996535774358   0.752594056238966543449830841707
  97  -0.442622604491674569298923056706  -0.451462863062439823427921890044
  98  -0.420765062011306783239527741709  -0.310392715795007183932389175640
  99  -0.685478503999056831622061286109   0.406364893609074673971318315209
 100  -0.042830782919260682378960697655  -0.927635025086861438422139182231
 101   0.860079463233817516332387407349  -0.350149300523087188423324547778
 102   0.371963946855801098278829800340   0.013965278800448005640381758141
 103   0.465842305881819738069246200260  -0.214559448482578542089953064158
 104  -0.660844474412704520333042613670   0.652400027875210320602306151759
 105  -0.753030120070744236148423807144   0.543403030907649061813516945668
 106   0.927539979298170752452309607681  -0.044841972937504152688796441491
 107  -0.514399149760081279103673357385  -0.081551562477988081996110384417
 108   0.052574269837371222181901309533   0.417587919674430995345078127297
 109   0.449656957689887658424137556673  -0.648922395618301069706165952819
 110  -0.274292143347786380859867980741   0.887189402456463233360140732972
 111  -0.307968658448000000000000000000  -0.397888487487000000000000000000
 112   0.182111324754213858561494879621  -0.464445615585755854053370558130
 113  -0.230912439961355028460886023927   0.168018178598221456674483871440
 114   0.591360577998441833248581793227   0.529428725846665434917873767236
 115  -0.043644264463806036732594792575  -0.289664128035816747198073711005
 116  -0.763659554651740880689996291304  -0.528360956470558738299936895339
 117  -0.079608607567000000000000000000   0.363678499444000000000000000000
 118  -0.349911987251000000000000000000  -0.698284468646000000000000000000
 119  -0.156522059072815984379639628672  -0.202273384260847193770425287443
 120  -0.098790938492109629030941967408   0.222077844365301451755465815538
 121  -0.343790234570364976107930860024   0.255408922373191010102132295003
 122   0.766506808874143874775454135481   0.180052221183005843358828078872
 123  -0.652782450678643500299705504101  -0.116602962453151288886168445238
 124   0.049348145872895968452601063858  -0.661257258093737937786621308760
 125   0.248595516269067491254900081191   0.894729839127037655491769946573
 126   0.436395651907896739369906170399  -0.498398194918952093054031523289
 127  -0.482432000567000000000000000000   0.203168094854000000000000000000
 128   0.352720239943930161557237376982  -0.127485130734576761955127878711
 129   0.382794376877630685643272536991   0.846055365070303968653205455562
 130   0.014086856116900318616102868689   0.134687100590331898327817391976
 131   0.407586561263277707036105613257   0.303397219771443145108387957767
 132  -0.765660245287653447946750340199  -0.029212218678181735458520021676
 133   0.107720943865674814480248484366  -0.094154052726687203608461399247
 134  -0.533642856620316730886572577807  -0.223001972020037630504740752077
 135  -0.062887971324041488515494012996  -0.431114537577866295706704078666
 136  -0.293639730902057887473054354169   0.745753164281213347175912931328
 137  -0.184504336580677350848834250634  -0.910109534900224528132781554301
 138  -0.549926861191649699599939408230   0.451134199450793118970682435679
 139  -0.060032483025154633846610480383   0.505327636012553720566578956653
 140  -0.250156146821590480243785244348   0.026567769056171908165853503780
 141  -0.782813366340607130713879807824  -0.175513908680889953481751062059
 142   0.706201359431101763567917747259  -0.367067586399351678004489362415
 143   0.671829564158017949282736157410   0.411516551412529235185404791509
 144   0.906395184356000000000000000000  -0.194861273110000000000000000000
 145  -0.137278352212580532596740408250  -0.060822974718797645261794919783
 146  -0.150964721367398957417008281256   0.741022385527012475439073966108
 147   0.322373083166034965365008344242  -0.584289943246970316347825110361
 148  -0.195117493171639957757676242355   0.459169444463705405218085392978
 149   0.333476533083694709774338156561  -0.268935540276626310463758246371
 150   0.573882473545436979345476192270  -0.420642310395958843956924274276
 151   0.212368274041464755440259524197   0.611699521533150691120930376650
 152   0.165452064446381169828946145630   0.330197175899461441917429703734
 153  -0.591606099565196372489433789627   0.298817181875435495783178189054
 154  -0.740315508622891585689895529539   0.274564129054305338764858387408
 155  -0.363033941430600427890830080446   0.113958512831141461593501927342
 156   0.724525236320562665146440469645   0.580865214716815096609293934032
 157  -0.005156850743335133166796351732  -0.006763308951717650180812975684
 158   0.303596138197000000000000000000  -0.725820342225000000000000000000
 159   0.500069021579576955715890134929  -0.782478235729162935942741656481
 160   0.024704985236101407940886396889  -0.801867546647475548214697336664
 161   0.493769871068348649808410206294   0.633614101664103830587673703202
 162  -0.195009472793286887945438069514  -0.485174203344946290787686022764
