   1  -0.179242062293005612810552342428   0.800504763128255178802741182772
   2  -0.087873987031520254643669133846  -0.824639080181775693057402237574
   3   0.078554650061183237315357842199   0.815087075214359378690186995828
   4   0.785701238600050703691272692245   0.216380554486820274404060253043
   5   0.315423207347491045402434361753  -0.118581710228276009678120453826
   6  -0.473994283460340659188110619806  -0.328952139604703134474536961029
   7   0.197670082115000000000000000000   0.561313057938000000000000000000
   8   0.112501892235427758177656665555  -0.453467689750415199575934023511
   9  -0.343500809062527496667368236849  -0.331716147636477909593689642556
  10   0.128931748399399655335282938449   0.679038068415629388624626765966
  11  -0.324311085693904936549088440769   0.572391194690206010791494941391
  12  -0.532059917143903697004817689523   0.011461855980985605661581971709
  13   0.778542673552107183986554684407  -0.019634182517940799069655705896
  14  -0.307156360978756843813989631740  -0.882831395536765776402969757766
  15  -0.541634721831028421596369851873  -0.440580799445416197773808150924
  16  -0.667340793885279221821336153655  -0.211795463700440520936960408080
  17  -0.203432529977589609555073691542   0.117562499758149118722547798550
  18  -0.662553391541716859525560072481   0.014225864012760380780734653237
  19  -0.820242513901000000000000000000  -0.448234449025000000000000000000
  20  -0.135792091606901847146814459476   0.229191159598862182021818988445
  21   0.514961039723956427787533768082  -0.010574342274890028645374180538
  22  -0.594912953171029097117300840415   0.125854523853473444080005843131
  23  -0.216745296067500377124023151431  -0.561130676994750422821579756467
  24  -0.874696174957000000000000000000  -0.329588856060000000000000000000
  25  -0.728600686686987978823344056616  -0.585557292153684430373209371137
  26   0.878362084118657352544210469311   0.319712921568450949884703721256
  27   0.115620052501599753303118144089  -0.228379511891089171651876497242
  28   0.726491126466352963107679078057   0.100060525162858296738085494588
  29   0.188047893215849878007153457330   0.109270475662824793365089753969
  30   0.384512856370443379216216752246  -0.006163213101914479267148073081
  31  -0.719652405023500021716213520649   0.367968727098783853948670211559
  32  -0.329138602031840409780039993325   0.346347835503124795559395541394
  33  -0.256670647323217174140829208702   0.684019854530919074090766131285
  34   0.567849012455569903287915260241  -0.575499518686279926892815567830
  35   0.042483720626334740436001624092  -0.818077475576067729637412885912
  36  -0.406353845089652896779851387740  -0.217323479763990071175265771134
  37   0.856917159052159282683676840387  -0.373402310594192914214857203199
  38  -0.411618559807156375981473551624  -0.701842261795609146137885210366
  39  -0.391176634623648061413419034005   0.848950613145206879772627201575
  40   0.497434124365797419539192834370   0.791388397028625982302434747519
  41   0.749730079064576323110596446853   0.341848726875222765750069602401
  42   0.100716877241920623877811848899  -0.683063964978438430296831147304
  43  -0.014873421896213409217624238868  -0.225615503859314396532723815715
  44  -0.669717845281953606947649927470   0.488561953874711725030263141189
  45   0.001617698918942333134493467724   0.707801228980840219294376702496
  46   0.708768655479094989115214478261  -0.129941811459729781670181305801
  47   0.057554418818036715486411074373   0.112034483694599568484242435496
  48   0.306391560176097069633649719083  -0.570324244625045398403778033650
  49   0.205500971797270677201919530323   0.784742092128349783957527713691
  50  -0.793006811650234625739209831261   0.018479307653271831897326521883
  51  -0.019660824239775771513400320043  -0.451636831572515298250418877032
  52  -0.657765989198154497229783991306   0.240247191725961282498429714553
  53  -0.284375798986809020416115774553  -0.672765356533385816632376602128
  54   0.062341821161599077782187155548   0.338055811407800470201937496813
  55   0.366940649967984257018450451412   0.794152405060400757421587429046
  56   0.655360082169699917740217764839   0.209498001093546761477055149907
  57  -0.469206881116778296892334538632  -0.102930811891502232756841899713
  58  -0.382497156806057558796187175100   0.718716772436939394573810596939
  59   0.530077213402310382158213812985   0.665013497072318511416437668883
  60  -0.538786728291323757418472362243  -0.763835822969986811122731360018
  61  -0.401566442746090534484075306566   0.008697847949210830542429290182
  62   0.153312133617771433070767477827   0.922080090187762573796742980296
  63   0.113055410808044016751421490779  -0.927876488074856958572894134396
  64   0.242995366633240920698399048513  -0.456231697782189974695086705037
  65  -0.505617448564895816550700965493   0.786185282704929994105216917446
  66   0.462637173432257194847641722503  -0.812221120627700336505010538363
  67  -0.208219932321151971850849772717  -0.108458827955051782995147262767
  68   0.269095069398372954564179870962   0.670759736690703592293978323307
  69   0.452747060173000000000000000000   0.105692593605000000000000000000
  70   0.374031998546784832041908951149  -0.458695584784332335104506843755
  71   0.500206615946216805408514245996  -0.687222226272579263049142464126
  72   0.067168360318411160370186219570   0.564053415119767148579373352243
  73   0.914333243654131733124886714702   0.194244749180048458538694371898
  74   0.437353579919091405296031095104  -0.572829558400091424630718592705
  75  -0.126177172925404011620086825745   0.681255846499144298971613449758
  76   0.125194857188724477894670306439   0.223663143535312631783513625391
  77   0.630702048482695303400398411132  -0.689892186558767765311239439252
  78   0.770100158843306584827644822549  -0.246900564560826409309908256699
  79   0.657798669828402372705260753351  -0.480920209430383581237323710316
  80   0.047979614130911990894858912024  -0.340008171731802234951147687137
  81  -0.280647773035402096554885085958  -0.446108815508965748012113513978
  82   0.726441278704294896786854538632  -0.369904990439816005739260336905
  83   0.180142330606115520585915897620  -0.341839029909702136276662833616
  84  -0.907242666709077335263365884130  -0.044658288276471290652198920627
  85  -0.396779040402528172188299225391   0.234719175662411732260124351499
  86   0.639724413879166997770982384903  -0.240707687534914632758417460328
  87   0.933647937928445925499644430390  -0.045142341953719545017205787804
  88   0.596065533740155309730192100986  -0.363712113413904229187769540533
  89   0.524988538850713004704076631777   0.215778709129903298296236262667
  90  -0.599700355514591459413076921589  -0.100166803859727457637689218185
  91  -0.214075509181687171528296564743  -0.791331987726964152832606158884
  92  -0.077726457923338809330107389760  -0.111222835986826558114299944294
  93   0.241201605215690832216587982626  -0.903082548096506950017798242830
  94  -0.450137595176745321204446407166   0.607088112596226331274539407044
  95   0.507622985665556028653297390215  -0.459702229003399326871262994698
  96   0.378276243374616445514917512645  -0.232974378100763848096544325247
  97  -0.639932436706295314967792333975  -0.681338960786955954731142472215
  98   0.441672436917472594450168183215  -0.347066924943619271805235653860
  99   0.044861453864739995769397433488  -0.565096349591128262875205213405
 100  -0.527272514800341334709041608348   0.237483183694186507379277033027
 101   0.578352437547772057307152350055  -0.124669553755281167166615920971
 102   0.323367906770475123115894904310   0.332504071343016696623372927872
 103   0.592908674173915755651882569992   0.549742017579780442766344952568
 104  -0.590125550827466734821524759240   0.351875851566674345797700904448
 105  -0.333926004375402772075816074500   0.120326507789923893841700480077
 106   0.445916798124028436443301674725  -0.121340218350074879733610335064
 107   0.332143699034444032326899339545  -0.809457112595925561385857856836
 108   0.796550033447851758965158893327  -0.489126105671463836622671921159
 109  -0.918265239883136235477785438977  -0.174714774010305233451750596271
 110   0.331756715887462189942327866294   0.556262118112460466082781497582
 111  -0.391990683148000000000000000000   0.460785782655000000000000000000
 112  -0.427135709281693959117712284749  -0.831439347692620321149930405722
 113  -0.800281874523000000000000000000   0.482962848817000000000000000000
 114  -0.051417482248087615450853112694   0.827063361107482776002192923602
 115   0.533696470455847025637946786650   0.433423052953790229947412850802
 116   0.678594453101125973584459350433   0.451283224724852081426046919333
 117  -0.601317203443365373277610000401  -0.556659169477931284091766130892
 118  -0.604487757858153821708853002764  -0.326188131572928359355384279502
 119   0.399583739004497219637471430027   0.667777505104093286535590350410
 120   0.247782768976803282994175129686  -0.230210370068989072977391643721
 121  -0.536847319487466059300593770698  -0.214559471732215296056113089607
 122   0.457462787941712990167294168077   0.327476782367484789245933754739
 123   0.839184873410417920923276606466  -0.135214069164178396173746690631
 124  -0.027429317165726191587354642947  -0.707857904956788438851927038870
 125  -0.138322728512671557200320564262   0.924447470553040954419862364308
 126   0.720651705855527772817743904243  -0.595312877302871419655747581738
 127  -0.140579493950464209442590540651   0.003169831885661280304123927128
 128  -0.522485112456778972413265527175   0.463504511407387409096972094344
 129   0.660549112544603518060141802058   0.661370677420493506065616142463
 130   0.310635805003928683106658280579  -0.344603037941476911395815515142
 131  -0.930984855281717345161160921940   0.083686930109698581159317250486
 132   0.192874432372661960595152521353   0.335268079374791471742525609399
 133  -0.474479200379163194006388679963  -0.587453772568373501494527224095
 134  -0.063324136898278611507603674854   0.566863178626656460553189578336
 135  -0.153882079103361570825821374546  -0.675517750362907044205368441479
 136   0.584735057796968622658873974228   0.099733286666898953955151419368
 137   0.183260490872287515711377376155  -0.116750852050376108352605307348
 138  -0.193817611296091774028346057811   0.569627186658431235672342259864
 139   0.280258455353858872957329165950   0.891735107101752979064083698159
 140   0.817370517435264085518855678919   0.453477386715935829049340792296
 141  -0.745233561102000000000000000000  -0.103341574001000000000000000000
 142  -0.736466255326918990418648365067   0.136120083285968198064428485023
 143  -0.072939055579776447034331308585   0.114798491726374343603395117023
 144   0.386220942797600523228378055201   0.218111403470528858204949056450
 145   0.052767016474474353190634993198  -0.113986844018601333233452625821
 146  -0.338713406718965134371592155674  -0.105694819923277007875994581240
 147  -0.000511214865526322330295995344   0.452448479280288308620361368234
 148  -0.269108624561354462415143253753   0.895163030526731333521498750787
 149   0.260514870743349723003411753419   0.446896739215504535041796799294
 150  -0.068151653236214084738555227410   0.340819819439575245321090178340
 151  -0.150154298637588934034142703000  -0.448872823540740523131266195505
 152   0.873005738070135188562922508331   0.070437544692518052086885196932
 153  -0.787292843394187784124472752715   0.256340067258070790649399021664
 154   0.369713141548403642887771863038  -0.684458218240804487929989782599
 155   0.250900929242975278119636608221  -0.005122192209663045053334117453
 156  -0.578140846385455468835425667695   0.581566469216297230114791721401
 157   0.900576039191170970724467124304  -0.250397884715203317785505122993
 158   0.509308195947844065962920256698  -0.235435429830466018254852075497
 159   0.619382249383057243570523567091   0.334964260098861868607114817567
 160  -0.411149821301000000000000000000  -0.443774656271000000000000000000
 161   0.318580504426912760820118823135   0.106482743629815794905677866555
 162  -0.198645127634027247259297610368   0.343583827471350020440242859867
 163  -0.464419478773215934596558457457   0.123090515821698668960853161604
 164  -0.275860370691839734259109004783  -0.220087487795764846294418452661
 165   0.255727468399787360707635672244   0.220875411502303633324101737977
 166  -0.131004689263339484851038378301   0.455212487312063083739514049762
 167   0.239209430276140123789947637443  -0.682229329509145931911465208378
 168  -0.213007334664714334146625853892  -0.334480155668252684712842324083
 169  -0.347238770465313539644765534389  -0.558366668962975647702427074940
 170  -0.910251488553361148937379069111   0.212552418526574288375036209308
 171  -0.859776631102000000000000000000   0.366761576382000000000000000000
 172  -0.797312820916541554980933303499  -0.223772892063709831889626116820
 173  -0.266285566004715009667556842434   0.231955167630636957140971669972
 174   0.023151689606000000000000000000   0.934395703482000000000000000000
 175   0.170629915033981555901168115938  -0.793283535597717721082316994345
 176  -0.271072968348277371963332923608   0.005933839917436055423276608655
 177  -0.082513860266901171625883470934  -0.337244163700027459831995005610
 178  -0.610199689418981648180349084135   0.708090843090125053708590571775
 179   0.746234891471813735992718582499   0.562911884565565144725318109228
 180  -0.689985453424058037133161723042  -0.460877500844659759733833029814
 181  -0.005298617209088684626072076519   0.226427151567087406902666306918
 182  -0.010086019552651046921848157693   0.000405823853886505184971245601
 183   0.648126455620784252178492556201  -0.014361924813492184566090321065
 184  -0.459632076429653572300782376282   0.349111843534899570678548222923
 185   0.462436775031622619749954580918   0.553384837231605448117166478988
 186   0.394609751914587590054811017185   0.441869450239972627664357626160
 187  -0.179819536298667507031099162992  -0.917279258132679004912280145181
 188   0.175567726108000000000000000000  -0.568250635191000000000000000000
 189  -0.261498163661152647371780761259   0.457976495343837858858666731289
 190   0.120407454845162115598894225264  -0.002358184177888269934181435926
 191  -0.017413254952000000000000000000  -0.934560891518000000000000000000
 192  -0.085658510092774972839191793646  -0.564244522530376892566170138479
 193   0.130021396345536560482669370461   0.449660747247279310160949480821
 194  -0.704473618786177143748794474778   0.614372218992211370008968074660
 195  -0.145366896294026571738366621826  -0.222851495827539621413571134188
 196  -0.734459784889416154868450152608  -0.338165559936197670308049988242
