   1  -0.609115290433431206418855658029  -0.481367251958389876711902320280
   2  -0.125296336089504894333897088157   0.384072299110751424657107398398
   3  -0.073086551869000000000000000000  -0.607673766137000000000000000000
   4  -0.345535514252610487819717961481  -0.853333351213274249895049236020
   5   0.569882958452718213551487160816  -0.266854685420279091155098196305
   6  -0.887288605939326206404658601755  -0.245543335631290027436573358870
   7  -0.161275425391863122707150693309   0.229477962689058064934316623052
   8  -0.661415049403000000000000000000  -0.638568772431000000000000000000
   9   0.680510052643762182184380250987  -0.380677133784108711341983335112
  10   0.517946833709897761310859056732   0.761120015078164110781396444217
  11  -0.233412777281587837586449341726  -0.079901853375052120946422044760
  12  -0.764740857103553591087111266071  -0.512585623461305705690913513423
  13  -0.768764094486116946878948905307   0.044924511209155992294519173392
  14   0.470251309942137565128220831830  -0.599538907906977397249415341374
  15   0.640984166728654807669545554544   0.660841810046750373115260301418
  16   0.142468909155263789378748412690   0.321754688429009101254215347884
  17   0.547446729136099031752246734471  -0.740185570421958352010373855743
  18   0.062554920486416790082306069993   0.584804998402420302539847536159
  19   0.540309315509000000000000000000  -0.455094197520000000000000000000
  20  -0.861726542384000000000000000000   0.323452482787000000000000000000
  21   0.045907644111282985863301884993  -0.773301755580028140693565877015
  22  -0.478928276617893188200184373365   0.585413487061509955062010852326
  23  -0.277168503363068350376846641157   0.337933936240775906497158035983
  24  -0.117519699310382609916753393878  -0.188357826926769962509263457690
  25  -0.421264033857509522002652499878  -0.280634552666720998829162182520
  26   0.150245545934386073795892106969  -0.250675437608512285912155508205
  27   0.529272498663000000000000000000   0.154329237281000000000000000000
  28  -0.526387436753764671704636660292  -0.755307133774396867347297307987
  29   0.026575831184058561709052464842   0.430210661980726942817056760814
  30  -0.804922357073483433384993948573  -0.109860968433260833863428719075
  31  -0.456951827036710140268409753077   0.742610622482281836910569595520
  32   0.641851815654417057397033402436   0.042298822391837289190747717928
  33   0.106310646567897302872703369424   0.166969208786592275096267455417
  34   0.122197782648335898002484101675  -0.912491261228579276428822677032
  35   0.077030787380011085928114171945   0.742869393502549398632638826308
  36   0.114266456632027845422638501817  -0.405269774030205645634946283551
  37  -0.465019759938990034793049799308   0.137201236949107028614417898222
  38   0.078287367329669617049384896665  -0.559864110451899005357737058896
  39  -0.325713744283086083773094150024   0.626876854051144583960506212652
  40  -0.689029279102278205715298000725  -0.218316941984978675426270132005
  41   0.826808597357511939675374751638   0.404919922007298805694476219207
  42   0.759262866949292406116506475583  -0.064511985837119222478646068203
  43   0.761730632192407867648101329344  -0.517048396073760091509090537115
  44   0.716861146619757607474862646855   0.290440833100372844248983022380
  45   0.916559775404544356919084017722   0.086549280835050574244194643007
  46  -0.537157111828714749672348447725  -0.172178579115003157266320769590
  47  -0.074841379893552370114835381054   0.696731030632573880472689463892
  48  -0.305370955886304294332956552030  -0.389090526218438840392003595450
  49   0.302117713207949529838841659969  -0.204537074738536767752206145790
  50   0.178447998457622017752002017842   0.476349024850702460977006123229
  51  -0.385284944555151293629398894726  -0.126040216245027639106371407175
  52   0.608056467976830426601946789471  -0.112787534829040828546354482922
  53   0.120305735805316342992657837921   0.912742641621960528719564087473
  54  -0.607351909328369429121543500766   0.691878788616819331180050294135
  55   0.559648789567759260618728508328   0.312308126276387108973093229045
  56  -0.045561520705666153170246183575   0.120830845916616756936318093001
  57  -0.089317246787146665960643483006   0.538666635532444784379898173744
  58  -0.429040670636631806419796194156   0.291795573370800388337208673567
  59   0.338096802510307758212095265120  -0.049942738316843408029415370444
  60   0.451412607526022222542065757320   0.428406501018321955188848558670
  61   0.891766343808967851874680765067  -0.228747432668170052850647379282
  62  -0.001626621339177382247057446030  -0.296813800478487804072104870620
  63   0.410054981115024214958602475423   0.259245934526543311416166180248
  64  -0.225456967217457295036514209334  -0.652140836191850041677635783726
  65  -0.313147592665426578750100246308   0.183339599819082546774367260637
  66  -0.009403258118299666664201140309   0.275616325559033583094265985468
  67  -0.081540610008024381543499788727  -0.033763490505076602786472682344
  68   0.382031701876796529135284002665  -0.467587384711947969037838334066
  69   0.453989880481512985881791212968  -0.158398711868561249592256783374
  70  -0.029567110091959654036052870111   0.860473781070556352205657265030
  71   0.502090616689688249618956775734   0.584014175186214237964297260464
  72   0.375746733457011468138557540110   0.680092928770857025022030308290
  73   0.379513648273988580242864045411   0.838774099907991038361940330235
  74  -0.112526215673756208313490487150  -0.763678045572691325967148702341
  75   0.606074840411491939748170656175   0.464092596904135857473031295472
  76  -0.573136201131072978045602052877  -0.326772915536696516989111544935
  77  -0.653050189799919977342044395573  -0.063722605563285315703479356659
  78   0.744968390450458497798759434985   0.540920231764671992623994336425
  79  -0.699156093234796154437893136838   0.351546002593907210610802622929
  80  -0.907161909082985527688506223564   0.156939066556438861912474135651
  81   0.186224635236744302169145712121  -0.096081101186818926189364732860
  82   0.070331557265539074499449764273   0.012374872364898915373476680071
  83  -0.920636261759680402921898458307  -0.001213851660819525865430189023
  84   0.767054410286486604638837680296   0.139860157038757962426026755596
  85   0.258182813841460758915652922424   0.213107571656567793256216817832
  86  -0.616891927212553490835999352308   0.091062874079131510454468535807
  87   0.917803814953900368312673566648  -0.072171719937658808462608591428
  88  -0.037605710641535610620311051182  -0.451408136900181163794895645966
  89   0.374075891812665986585348870272   0.104651598104849951693375404902
  90  -0.189477877915099066663260604182  -0.497546499770156681954845008381
  91   0.295762796772000000000000000000   0.369430836615000000000000000000
  92  -0.241189414060710122003593036006   0.492528272662469266219948811328
  93  -0.771395527968120978734962653907  -0.353999309183007868999414771800
  94   0.226903633277287082956824879977   0.795138254053953575146545648750
  95  -0.343877904253022598154662813556   0.854002685516411165928324394276
  96   0.266138623905591301465588054817  -0.359131411160230127474996921136
  97  -0.393556978016000000000000000000   0.448000759871000000000000000000
  98  -0.457243123159867750375906105029  -0.435228889088414358551952957865
  99  -0.197433687979229609213195736574   0.074692483046641238776368730586
 100  -0.755289741809422071645556670565   0.203077429426414380072423498066
 101   0.412170950431418976456922232377  -0.823217897960894681838023740318
 102   0.335880811894366064317740015694  -0.684028392312343546102766940301
 103  -0.349305855252793065256145289574   0.028554120176665720616419368171
 104   0.839221319907073952602920893431  -0.378523679729712402057101696168
 105   0.418010791179154757508537607816  -0.312993048290254609315047558720
 106   0.034352467963180846126196159121  -0.142219464056794444349314095275
 107   0.235668207547000000000000000000  -0.535224003648000000000000000000
 108   0.177154936146252123577302229730  -0.684037809587380576626384381103
 109   0.628915533901573225184897180213  -0.603962453548294711261924383650
 110   0.885233008737000000000000000000   0.248609229924000000000000000000
 111  -0.036354203701021948948633936595  -0.919919002834465774321251605950
 112  -0.341350045188662522706210157182  -0.543684862640132200114794370796
 113   0.489968969783871214255044818119  -0.003804375446867889869466008029
 114  -0.629328358909552477053318121054   0.534681653196047449331491550941
 115   0.253445074683305035716484446412  -0.823227315235931712361641181120
 116  -0.193825569572569306427604287188  -0.900002360264995273280044420237
 117  -0.544933748607837034089492142004   0.400251546922518229900050086498
 118   0.212427766383692787111016778025   0.637073858953824479053754358601
 119   0.222203724539102530542399317272   0.058513235234874433533426042487
 120  -0.780910163844362438960090918626   0.487598109007063580417369233779
 121  -0.501967639203765895750830466074  -0.598470986128811514077808259542
 122  -0.153498788612740838290006999030  -0.342952163348463322232054233035
 123   0.732309140839000000000000000000  -0.223338849793000000000000000000
 124  -0.378353449886001391568888480035  -0.698037224985176126251819624821
 125  -0.182674290721338778850993084941   0.902331814474115197274369986343
 126   0.328320844354898014780712725873   0.528617885402106637490912945672
 127  -0.580912837910195262462745747156   0.245657210500824870177259311152
 128  -0.269391866583946065959702946878  -0.234496189796745480669212820105
 129  -0.501178022526356521299094842574  -0.017584242693309797543529994244
 130  -0.224626610007039591456817922143   0.749250441906315851615963004237
