   1   0.641173137653507741908396728145  -0.222165829778101052175143516997
   2   0.577415422121400163930338615465   0.300301420429440889876809999160
   3  -0.838111141747324283074966650730   0.124028117110665978776305077654
   4   0.710351840429790532199585967989   0.356317902472662077329883287443
   5  -0.632895416538891037169914279158  -0.175098036804642741847723327266
   6  -0.525577928228162571256633252788  -0.663767732291752074798371653052
   7   0.482434938830903409417077820693  -0.461558537377860894216307346436
   8   0.072301857250794693001764254376  -0.126159569134795640892452844166
   9   0.434908522247374769512340234876   0.322700551248657261120062211913
  10  -0.138066230036000000000000000000   0.414300301645000000000000000000
  11  -0.174188494768677102128987780464   0.165362407847085677427001323194
  12   0.171656326029939756435881829465   0.625903550414021830623028746830
  13  -0.577935434931118644010553168539  -0.308474713906882726808523397460
  14  -0.330751264061000000000000000000  -0.823040037941000000000000000000
  15  -0.544391652011047052725516384629   0.751387858814170334631018248680
  16  -0.317300522288000000000000000000   0.188247700918000000000000000000
  17  -0.605813749972761331935213565967   0.216048411036630026934141854697
  18  -0.760086022223713846797433842316  -0.532179691432125680089222911862
  19  -0.695398475125510893567928343256   0.102979783237102064001871941579
  20  -0.927805988757088039233642150775   0.011046826654869973949627295279
  21   0.486763755872255144802694620340   0.188086390333577664373681235140
  22  -0.886608121203837701015732122690  -0.273627528892948853428390781884
  23   0.085360658251410424454829030179  -0.507602921060818059888343561731
  24   0.906589006650846133442776614288   0.197591391949377663223835232523
  25  -0.484759381186818742057467623947  -0.418602642162167743149090155577
  26   0.158444907930869888185513532556   0.914243510397223813516827514815
  27  -0.499583906422511378751600630305  -0.052182138725872653537764667474
  28  -0.070205042623230701416234126214  -0.103760438315579269649200631413
  29   0.409170890623725857128115401019  -0.305571991688307980125338246445
  30   0.357315656998845481837761015555  -0.170957830773228383378957269672
  31   0.384515443580893202901467938296   0.477565930477697183022161196661
  32  -0.775608083160704426676952586632  -0.154049702931078827073290191190
  33   0.499822556872870876255759396144  -0.193356961592444754622209482425
  34  -0.407347060891847515674630156179   0.075546508570438823167124771927
  35   0.119182825723464734234503517130  -0.920185546074937408136125966649
  36  -0.414255796610902112087696960546   0.689141600192190213776682631837
  37   0.678436333240529133198942673721   0.632985092156052461582703642287
  38   0.636212637563587112646643383620  -0.675410589905906248258022730854
  39   0.437872896583246439219858159052   0.677705868054964504569433403665
  40   0.523835142607855745706588416918  -0.765860776200000959870995594007
  41   0.253605189749084731257052244626   0.098270491056930810113804683873
  42  -0.065276127355104362726159664451  -0.925572802296059647303221642123
  43  -0.487673328002339821643400680889  -0.195946096986831826588941164736
  44  -0.432904147561938366767113238482  -0.553216803077247339895471132349
  45  -0.670609215597342848500073182845  -0.419025643121387461711423918162
  46  -0.577433161853042946546987638252  -0.529153571376672478051990676279
  47   0.538618989497135520093049005805   0.053472229418498067627300258368
  48  -0.533230565568145512107002201306   0.607563772783436431424042542923
  49   0.262618403700000000000000000000   0.738237753716000000000000000000
  50   0.298237631243048439616299158216   0.878635476442418628135613399481
  51   0.256349092598047694974983816905  -0.671418952451526553557519992684
  52   0.398220200068102715088979645901  -0.838073181416981490292414465281
  53  -0.748526416594574721442251873442   0.237096744910193941708574990772
  54   0.398855992472073089392982197495  -0.693818083270742924800772205436
  55  -0.743910964924536497011817097398  -0.294780759449120565667235555952
  56  -0.697742890909987168139504449452   0.372118858255396415314756180560
  57  -0.057146241622614969963169350410  -0.485203790241601688645091348978
  58  -0.410938145132629540265141282386   0.344185010763064380498831507113
  59  -0.264840161017822121256631775589   0.053147377751222451923872559175
  60  -0.018349808998350326125879740750  -0.238374599230658866395581608186
  61  -0.290304807745785383508811726124  -0.575019689518248542904967900245
  62   0.511521989355000000000000000000  -0.602853347634000000000000000000
  63   0.007114837729612936126300209786   0.389792468038812128433258851233
  64  -0.461721670817217093567888706376   0.209162897417861906892650317325
  65   0.863459658191000000000000000000   0.336296070599000000000000000000
  66  -0.840455557531800557646542756926   0.393167192128960330089189316635
  67   0.292401622373349375094341854286   0.345099682067873632363314424666
  68   0.113842192724022300556985436316  -0.649019821632310182314267779931
  69   0.812489335048506189482535872449  -0.448115013791210497671461988840
  70   0.314163225903965150853880210055   0.603504419594805459379776534077
  71  -0.112301734204375631522361090205   0.651864085146317350653510222219
  72   0.162953523499939712129408249501  -0.013944539038932415389324080147
  73   0.023716131978996986634175952234  -0.812037277671500313296790798109
  74   0.149621737603638330544298590376   0.367393337219595757190006638481
  75  -0.119104646244915762272421425561  -0.791735482660275380092889000871
  76  -0.555030224288173778632466141977   0.351070524381832500540323044484
  77   0.447967323247990500965405010680  -0.058742800677365157875828505652
  78   0.629574066941000000000000000000   0.165779429119000000000000000000
  79  -0.642298715874397422548121648015  -0.031148338872452787519491440276
  80  -0.380486331187596204433068845685  -0.687612897141426207790925691700
  81   0.201749956124204355966697859161   0.232884651972010406860185660646
  82  -0.208400118966679354837050740275   0.544276734499328653624452584154
  83  -0.226043728393557477419342165928   0.299976568762165274173382299966
  84   0.595447058966244972564196376098  -0.085348201889556948918365276599
  85   0.033505424626530049164474644715  -0.372988760145738463141962584958
  86  -0.109001475247495345253523735875  -0.350589629326522091898710372206
  87  -0.211051202709000000000000000000  -0.903550310618000000000000000000
  88   0.764519925863399347095680584081   0.222617655301540048137266631368
  89  -0.342160041370665758799166111589  -0.440405528603168946158586923473
  90   0.318519224374580838000471405894  -0.417787021784171205628467010464
  91   0.396112089623110125675050625215   0.075871360237714438870552471120
  92   0.124157090875675068292118639840  -0.260773730049875237638833820939
  93  -0.891239083216388110949290180916   0.258145078783757856483008126847
  94  -0.274085796487056874523897300278   0.886466559615598903196492670077
  95   0.020446623625914317711409868911   0.008454591780283955853928132606
  96  -0.551439140047391754041955015770   0.082432022189206943208616309299
  97   0.572124489457144296674264301708   0.730492678755962965826959808476
  98   0.705607942062085154955200385665  -0.351232066858099012491591178589
  99   0.872127751031818025772203177902  -0.316763588552793983027961824714
 100   0.165697426348902675847339821780  -0.783633982547389779060648756703
 101   0.813881086432350611795610232294   0.087069090571226217713381374782
 102   0.263506286509027750840830943311  -0.889668714816297618893554133798
 103  -0.918305239440005630680867611924  -0.132896472374907114834445417123
 104  -0.083536828519532083001343785339   0.277577437942948902930130087214
 105   0.344256855998229750384696239751   0.210485521152794035616933447893
 106  -0.355491827266967140384275770714  -0.059067652344640773579256204845
 107  -0.293256889035608076239633806194   0.427617975091254926586143209166
 108  -0.174660352661679480891952285994   0.781946137241363388665245271201
 109   0.522944645305349002442201078025   0.436979064583768009909825175155
 110  -0.027629503518149009771817363988  -0.677227918617478813033778816147
 111  -0.394288259891231784221565380375  -0.305896843355583595828765945637
 112   0.795042591206000000000000000000  -0.057778046973000000000000000000
 113   0.927870781811280464918323125845  -0.001340676539544104293042013036
 114  -0.129158359604550150663257135985   0.918838453318602807509682341201
 115   0.266663990749700462710117020429  -0.283172860869091608882086033692
 116  -0.473160111853820408922588859989  -0.798163826355930942693826212402
 117  -0.668412222912567113971613211779  -0.643561252262549763600851291239
 118  -0.199653141496640364381167731000  -0.462804659422385317401839136225
 119  -0.676539792197000000000000000000   0.633177675441000000000000000000
 120   0.031679035910282113840423212108   0.660778983370747436710513813367
 121   0.656971261694046947236670554639   0.490334511096365682263756224301
 122  -0.237979431313570810015070465095  -0.710012027960642579034177904453
 123   0.214808757124820087419762634965  -0.148558699954012012135705056919
 124  -0.031681594894651707710989399874   0.142963277027869306183749110441
 125  -0.160856708872375720543878121339  -0.215975468411442495152329395433
 126  -0.251508375121520739671522116464  -0.328190498507305720655458159453
 127  -0.360244159500282599738456384549   0.555378075157176962832307832371
 128   0.550521471404362722780752733020  -0.334380859873964277678272281017
 129  -0.303636593642086765093921385249  -0.193681813259720370325637181618
 130  -0.044740395895267439164054175678   0.524406628953891725179639828006
 131   0.014822410510107594699527166328   0.927753351543032893566685932349
 132   0.122652779813000000000000000000   0.773160034643000000000000000000
 133  -0.785011382496210812055159955490  -0.010100004998888872745058304201
 134   0.916449188254323116688964774660  -0.145144309225862352363664728686
 135   0.227867558125435818872827410769  -0.530002051880034431131595774484
 136  -0.769357368689625394445275599034   0.518686055717363912990759961591
 137   0.305460423373965106547406630090  -0.036343669858148786632576292899
 138  -0.122333261143796726838633394999   0.030748246932006080680620346421
 139   0.799835698605000000000000000000   0.469783493021000000000000000000
 140   0.543750781389526556802444390029   0.579727242415951045962963738335
 141   0.626330834880020405499729001049  -0.471752097765850132938501305597
 142   0.176012324500555443582473025304  -0.395387890964954834385214797711
 143  -0.626644702067812004938237291560   0.497637721843799998216326825515
 144  -0.833387771550907495309177756869  -0.407934807759858784045034549652
 145   0.733212227866441440027064487833  -0.568635044698961618118372115848
 146   0.058970071354493311416654595251   0.255178307123732531686877874461
 147   0.370374457999461213290825791358  -0.552401182699250802374847987237
 148   0.784081855923925565163740511304  -0.202492603924972270562793321945
 149  -0.408175517715879224448837403635   0.833269903386672479541186659787
 150   0.111098289875059336839053864036   0.120669621876147181357056896626
 151  -0.030679582547021735529167983681   0.790861035465793474722248862349
 152   0.681074143798061904919131250233   0.030746328198499716039661897991
 153  -0.147797907871759989090813345535  -0.597418820337464914148220112998
 154  -0.270758737423983204206641936064   0.674358786594374691636187633136
 155   0.097766503978757955253944204911   0.502007498134675353936387615253
 156  -0.212984927392941745966277390125  -0.081466783163857144822508417598
 157   0.240273403852783349671942585501   0.479608367315458982693135402501
 158  -0.479218928457525999757761625308   0.473800247748423180479667743456
 159   0.430821648556052115268855039706   0.821789931970516441628748216601
