   1                    -0.034942264215                    -0.932630533666
   2                     0.154281998625                    -0.920444316107
   3                    -0.167580725342                    -0.918116209773
   4                     0.283963023389                    -0.889036374679
   5                    -0.296793843296                    -0.884835628089
   6                     0.407839855563                    -0.839456566100
   7                     0.053635862629                    -0.832843047410
   8                     0.181939045283                    -0.789911888188
   9                    -0.172505811229                    -0.784776903875
  10                    -0.509131519478                    -0.782180139117
  11                    -0.375790434135                    -0.777303467299
  12                     0.309151615958                    -0.749655350451
  13                    -0.045580012639                    -0.743625128452
  14                     0.577775363236                    -0.732936766571
  15                     0.446059364631                    -0.711617229059
  16                     0.081292909286                    -0.702310619490
  17                    -0.620287949669                    -0.696652243307
  18                    -0.270975280916                    -0.694735854858
  19                     0.210682146272                    -0.659614301434
  20                    -0.144049482325                    -0.653584079435
  21                    -0.495132245773                    -0.649486328771
  22                     0.676389224071                    -0.643053879325
  23                     0.337894716947                    -0.619357763697
  24                    -0.017176560401                    -0.612269570474
  25                    -0.369444750603                    -0.604694805841
  26                    -0.724068854149                    -0.588850548617
  27                     0.465256298299                    -0.579575172478
  28                     0.110036010276                    -0.572013032736
  29                    -0.242518952012                    -0.563543030418
  30                    -0.593856329909                    -0.559724520746
  31                     0.761177716820                    -0.540026997076
  32                     0.592468868974                    -0.539318634741
  33                     0.239425247261                    -0.529316714680
  34                    -0.115646030087                    -0.522228521457
  35                    -0.468168834739                    -0.514932997816
  36                     0.366637817937                    -0.489060176943
  37                     0.011566540589                    -0.481971983719
  38                    -0.341243036148                    -0.473781222393
  39                    -0.733610433520                    -0.455761911868
  40                     0.493999399288                    -0.449277585724
  41                     0.138779111265                    -0.441715445982
  42                    -0.214370117091                    -0.432466692607
  43                    -0.569803179055                    -0.428480195526
  44                     0.621211969964                    -0.409021047987
  45                     0.754623007554                    -0.406757860534
  46                     0.268168348251                    -0.399019127926
  47                    -0.086902929098                    -0.391930934703
  48                    -0.848697300302                    -0.388244210021
  49                    -0.439457511155                    -0.383462100013
  50                     0.395380918926                    -0.358762590189
  51                     0.040309641578                    -0.351674396965
  52                    -0.312584969459                    -0.342146423422
  53                    -0.668865995280                    -0.339092358490
  54                     0.869551352804                    -0.338970675709
  55                     0.522742500278                    -0.318979998970
  56                     0.167522212254                    -0.311417859228
  57                    -0.185372398784                    -0.301889885685
  58                    -0.541922449505                    -0.297995361587
  59                     0.649955070953                    -0.278723461233
  60                     0.296911449240                    -0.268721541172
  61                    -0.895388278103                    -0.263249891908
  62                    -0.058159828108                    -0.261633347948
  63                    -0.411812231604                    -0.252927179447
  64                    -0.763243778354                    -0.244771305535
  65                     0.778160979108                    -0.241752228056
  66                     0.424124019915                    -0.228465003435
  67                     0.069052742568                    -0.221376810211
  68                    -0.283841868470                    -0.211848836668
  69                    -0.636300232579                    -0.203674308632
  70                     0.907636750768                    -0.203464559937
  71                     0.551485601267                    -0.188682412216
  72                     0.196265313244                    -0.181120272474
  73                    -0.156629297794                    -0.171592298931
  74                    -0.509523908831                    -0.162064325388
  75                     0.678698171943                    -0.148425874479
  76                     0.325654550229                    -0.138423954417
  77                    -0.923777556108                    -0.132874756768
  78                    -0.029416727119                    -0.131335761194
  79                    -0.382311338156                    -0.121807787650
  80                    -0.734769702265                    -0.113633259615
  81                     0.809312550027                    -0.112009380092
  82                     0.452867120905                    -0.098167416681
  83                     0.097795843557                    -0.091079223457
  84                    -0.255098767481                    -0.081551249914
  85                    -0.607993378518                    -0.072023276370
  86                     0.580228702256                    -0.058384825462
  87                     0.931461358331                    -0.058313052487
  88                     0.225008414233                    -0.050822685720
  89                    -0.127886196805                    -0.041294712177
  90                    -0.480780807842                    -0.031766738633
  91                    -0.838763695847                    -0.030033760410
  92                     0.713141214062                    -0.019517752865
  93                     0.354397651218                    -0.008126367663
  94                    -0.000673626130                    -0.001038174440
  95                    -0.353568237167                     0.008489799104
  96                    -0.709761093256                     0.018691196028
  97                     0.482095176956                     0.032022243845
  98                     0.126538944546                     0.039218363297
  99                    -0.226355666491                     0.048746336840
 100                     0.863879955611                     0.056736419371
 101                    -0.579250277529                     0.058274310384
 102                    -0.930915294305                     0.066463440948
 103                     0.614671744375                     0.070523296152
 104                     0.253751515222                     0.079474901034
 105                    -0.099143095816                     0.089002874577
 106                    -0.452037706853                     0.098530848121
 107                     0.741884315051                     0.110779833889
 108                    -0.807419520027                     0.116984928491
 109                     0.383140752207                     0.122171219091
 110                     0.028069474860                     0.129259412314
 111                    -0.324825136178                     0.138787385858
 112                    -0.677719747215                     0.148315359401
 113                     0.510353965940                     0.162425724679
 114                     0.155282045535                     0.169515950051
 115                    -0.197612565502                     0.179043923594
 116                     0.915833716544                     0.179636515764
 117                    -0.550507176540                     0.188571897138
 118                     0.637801038608                     0.201933580059
 119                     0.282494616211                     0.209772487789
 120                    -0.907896791157                     0.211846765769
 121                    -0.070399994827                     0.219300461331
 122                    -0.423294605864                     0.228828434875
 123                     0.765013609283                     0.242190117797
 124                    -0.778676419038                     0.247282515246
 125                     0.411883853195                     0.252468805845
 126                     0.056812575849                     0.259556999068
 127                    -0.296082035189                     0.269084972612
 128                    -0.648976646226                     0.278612946156
 129                     0.539097066928                     0.292723311434
 130                     0.184025146524                     0.299813536805
 131                     0.880857274429                     0.308400934239
 132                    -0.168869464513                     0.309341510349
 133                    -0.521764075550                     0.318869483892
 134                     0.666544139597                     0.332231166813
 135                     0.311237717199                     0.340070074543
 136                    -0.865860649206                     0.348290123763
 137                    -0.041656893838                     0.349598048086
 138                    -0.394551504875                     0.359126021629
 139                     0.440629035605                     0.382765933429
 140                     0.085555676838                     0.389854585822
 141                    -0.267338934200                     0.399382559366
 142                    -0.620233545237                     0.408910532910
 143                    -0.753217792862                     0.419810847215
 144                     0.569113012883                     0.425711424981
 145                     0.212768247512                     0.430111123560
 146                     0.827876145638                     0.430861650228
 147                    -0.140126363524                     0.439639097103
 148                    -0.493020974561                     0.449167070646
 149                     0.698100466388                     0.461876163662
 150                     0.339980818188                     0.470367661297
 151                    -0.012913792849                     0.479895634840
 152                    -0.365808403886                     0.489423608383
 153                     0.466168829892                     0.513729080445
 154                     0.114298777827                     0.520152172577
 155                    -0.238595833210                     0.529680146120
 156                    -0.596604626930                     0.540231898986
 157                    -0.751635129426                     0.553231693205
 158                     0.241511348502                     0.560408710315
 159                     0.590764648530                     0.561473283718
 160                    -0.111383262535                     0.569936683857
 161                    -0.469392056255                     0.580488436722
 162                     0.720307732739                     0.593445401288
 163                     0.367699360206                     0.603770129463
 164                     0.015829308140                     0.610193221595
 165                    -0.337065302897                     0.619721195137
 166                     0.143041878816                     0.650449759332
 167                     0.492295178845                     0.651514332736
 168                    -0.665061137281                     0.654762825635
 169                    -0.209852732221                     0.659977732874
 170                     0.626861752260                     0.691299956755
 171                     0.269229890520                     0.693811178480
 172                    -0.082640161546                     0.700234270612
 173                    -0.435689946608                     0.709592250662
 174                     0.045952703720                     0.742005793173
 175                    -0.564893322680                     0.742910632678
 176                    -0.308322201907                     0.750018781892
 177                     0.372656767107                     0.778111286237
 178                     0.505945968931                     0.784244445742
 179                     0.172134336122                     0.785403692475
 180                    -0.181201789933                     0.790565394919
 181                    -0.053897842382                     0.830532029831
 182                    -0.406946845619                     0.839889837416
 183                     0.293882891188                     0.885806706015
 184                    -0.281998637145                     0.888887470172
 185                     0.164561044836                     0.918662253865
 186                    -0.152161937297                     0.920797164957
 187                     0.031875577456                     0.932740382806
