   1                     0.069647999817                    -0.930126940448
   2                    -0.113261235183                    -0.925784375798
   3                     0.202736658086                    -0.910431115843
   4                    -0.245283005299                    -0.899885162660
   5                     0.331607278214                    -0.871793313958
   6                    -0.391666288994                    -0.846513134743
   7                    -0.019431767250                    -0.829303770661
   8                     0.463003580698                    -0.809700347960
   9                    -0.147611892085                    -0.788433585147
  10                    -0.509375928007                    -0.781359797529
  11                     0.220057624543                    -0.777012599183
  12                    -0.280901574103                    -0.770147603239
  13                     0.087663184675                    -0.746222253817
  14                     0.348928244672                    -0.738374797299
  15                     0.574675025152                    -0.734666988977
  16                    -0.398611213116                    -0.704994266025
  17                    -0.042264086793                    -0.696717188946
  18                     0.460599689126                    -0.663341438315
  19                    -0.569286688777                    -0.660897283813
  20                    -0.170444211628                    -0.655847003431
  21                     0.185400850101                    -0.647014812848
  22                     0.674390066667                    -0.644348513777
  23                    -0.697294269352                    -0.619489847500
  24                    -0.298624336464                    -0.614976817916
  25                     0.314271470229                    -0.608377010964
  26                     0.057220594537                    -0.606145037335
  27                    -0.436642206599                    -0.575943268348
  28                     0.560314730641                    -0.573022963115
  29                    -0.070959530298                    -0.565274851821
  30                     0.760074083651                    -0.540624043665
  31                     0.425942914684                    -0.533343651978
  32                    -0.561792517456                    -0.526568009777
  33                    -0.199139655133                    -0.524404666306
  34                     0.156924108685                    -0.515524920974
  35                    -0.690492277650                    -0.485123745467
  36                    -0.328278585742                    -0.483747435366
  37                     0.285794728813                    -0.476887119090
  38                     0.028525151033                    -0.474702700211
  39                     0.645998747625                    -0.469298493003
  40                    -0.819206531323                    -0.445968191987
  41                    -0.456457133787                    -0.442872290568
  42                    -0.099654973803                    -0.433832514696
  43                     0.516031063017                    -0.433420471492
  44                     0.829944377035                    -0.425651618409
  45                    -0.590487960961                    -0.395125672652
  46                    -0.228788826534                    -0.393174170224
  47                     0.388640894100                    -0.390150836298
  48                     0.128009832363                    -0.384130548600
  49                    -0.719187721155                    -0.353681408342
  50                    -0.356968951369                    -0.352303984710
  51                     0.256880452491                    -0.345492746716
  52                    -0.000170292472                    -0.343260363086
  53                     0.611996817481                    -0.339127892585
  54                    -0.874843971924                    -0.323473328135
  55                     0.745316711550                    -0.321063499097
  56                    -0.485152577292                    -0.311429953443
  57                    -0.129304145203                    -0.302602018614
  58                     0.882547260223                    -0.301823297145
  59                     0.484606648563                    -0.295858257390
  60                    -0.619183404466                    -0.263683335528
  61                    -0.257484270039                    -0.261731833100
  62                     0.356426523728                    -0.254988071876
  63                     0.099314388858                    -0.252688211475
  64                    -0.776307359742                    -0.231870639711
  65                    -0.385664394874                    -0.220861647585
  66                     0.228185008987                    -0.214050409592
  67                    -0.029819463873                    -0.212029867003
  68                     0.594721514004                    -0.204253681318
  69                     0.783811069321                    -0.192149958743
  70                    -0.912528499567                    -0.191717086518
  71                    -0.513848020797                    -0.179987616318
  72                     0.916788303772                    -0.171715390377
  73                    -0.157999588708                    -0.171159681489
  74                     0.455911205059                    -0.164415920265
  75                    -0.675646658841                    -0.141566926425
  76                    -0.286179713544                    -0.130289495975
  77                     0.327731080223                    -0.123545734751
  78                     0.069665217457                    -0.121457715393
  79                    -0.803647869879                    -0.100139804398
  80                     0.687757322988                    -0.097947016739
  81                    -0.414359838379                    -0.089419310461
  82                     0.198535837586                    -0.082819913510
  83                    -0.058514907378                    -0.080587529879
  84                     0.555395886389                    -0.073843768655
  85                    -0.931002031634                    -0.056764304973
  86                    -0.543302233064                    -0.048713224884
  87                    -0.186695032213                    -0.039717344364
  88                     0.931955105550                    -0.038034858547
  89                     0.427215761554                    -0.032973583141
  90                     0.798441288022                    -0.021464493565
  91                    -0.671243337690                    -0.007100844346
  92                    -0.314875157048                     0.001152841150
  93                     0.298081908823                     0.007684761331
  94                     0.040969773952                     0.009984621732
  95                     0.659061879483                     0.033495320385
  96                    -0.799946712165                     0.034347436254
  97                    -0.443055281884                     0.042023026664
  98                     0.169840394081                     0.048622423614
  99                    -0.087210350883                     0.050854807246
 100                     0.526700442884                     0.057598568470
 101                    -0.929483474704                     0.077765284529
 102                    -0.571235406719                     0.082893212178
 103                    -0.215390475718                     0.091724992760
 104                     0.927732112618                     0.096437007646
 105                     0.397566590153                     0.098256912942
 106                     0.794218295089                     0.113007372628
 107                    -0.699938781194                     0.124341492779
 108                    -0.343570600553                     0.132595178274
 109                     0.269386465318                     0.139127098456
 110                     0.012274330448                     0.141426958856
 111                    -0.827879885819                     0.165953873317
 112                     0.671203029659                     0.167484532411
 113                    -0.471750725389                     0.173465363789
 114                     0.141144950577                     0.180064760739
 115                    -0.115905794388                     0.182297144370
 116                     0.497051271483                     0.188829064552
 117                    -0.599930850224                     0.214335549303
 118                    -0.244085919223                     0.223167329885
 119                     0.904207186467                     0.228902453391
 120                     0.368871146648                     0.229699250066
 121                    -0.727871954849                     0.255947929841
 122                     0.772444425550                     0.256088687081
 123                    -0.372266044058                     0.264037515399
 124                     0.240691021813                     0.270569435581
 125                    -0.016421113057                     0.272869295981
 126                     0.596535952814                     0.279401216163
 127                    -0.887643350639                     0.286489530860
 128                    -0.500446168893                     0.304907700913
 129                     0.112449507072                     0.311507097864
 130                    -0.144601237893                     0.313739481495
 131                     0.468355827978                     0.320271401677
 132                    -0.272781362728                     0.354609667009
 133                     0.861869775017                     0.356605468463
 134                    -0.639453566437                     0.359221652470
 135                     0.340175703143                     0.361141587191
 136                     0.697973905650                     0.368167344956
 137                    -0.787635419669                     0.376483587385
 138                    -0.400961487563                     0.395479852524
 139                     0.211995578308                     0.402011772705
 140                    -0.045116556562                     0.404311633106
 141                     0.567840509309                     0.410843553287
 142                    -0.529141612398                     0.436350038038
 143                     0.083754063567                     0.442949434988
 144                    -0.173296681397                     0.445181818620
 145                     0.439660384473                     0.451713738802
 146                     0.801600729410                     0.476889127404
 147                    -0.301476806233                     0.486052004134
 148                     0.311480259638                     0.492583924316
 149                     0.668985969217                     0.499557207291
 150                    -0.646111716193                     0.502821921455
 151                    -0.780411472503                     0.510827664493
 152                     0.183300134803                     0.533454109830
 153                    -0.437001143971                     0.535171171557
 154                    -0.073812000068                     0.535753970231
 155                     0.539145065804                     0.542285890412
 156                     0.055058620061                     0.574391772113
 157                    -0.201992124903                     0.576624155746
 158                     0.411411318102                     0.584575314707
 159                    -0.555443218182                     0.602218802368
 160                    -0.330172249739                     0.617494341258
 161                     0.282784816133                     0.624026261440
 162                    -0.686857691114                     0.631041584512
 163                     0.684915560349                     0.633148990695
 164                     0.154604691298                     0.664896446954
 165                    -0.102507443573                     0.667196307356
 166                     0.557250341852                     0.675600238649
 167                    -0.447758726212                     0.682869696076
 168                     0.026363176557                     0.705834109237
 169                     0.380552057356                     0.716449651393
 170                    -0.572217168081                     0.736044222441
 171                    -0.331685466557                     0.752023990933
 172                    -0.197549552043                     0.762419802798
 173                     0.258365150484                     0.772760185541
 174                     0.491287233683                     0.792858009511
 175                     0.125909247793                     0.796338784079
 176                    -0.068678931914                     0.801057604680
 177                    -0.449271943029                     0.817399345750
 178                     0.367176191051                     0.856066871778
 179                    -0.300674385804                     0.882939342734
 180                    -0.166541923528                     0.893379602811
 181                     0.229268814699                     0.904114362143
 182                     0.096812912008                     0.927692960680
 183                    -0.037657232011                     0.931970440574
