   1                    -0.052971142731                    -0.918488008740
   2                     0.169039024709                    -0.904351686174
   3                    -0.211688513393                    -0.892958455945
   4                     0.323136416361                    -0.861399454714
   5                    -0.396917439876                    -0.829989584322
   6                     0.050727915467                    -0.796679118956
   7                     0.467464081882                    -0.792403619573
   8                    -0.107795242911                    -0.768204216065
   9                    -0.534688904297                    -0.748688145881
  10                    -0.265134364969                    -0.739302642210
  11                     0.317687644286                    -0.701520715714
  12                     0.597658409823                    -0.699450205039
  13                     0.159284011993                    -0.679178164881
  14                    -0.004096184713                    -0.646395326281
  15                     0.457100483637                    -0.623067159225
  16                    -0.161435306771                    -0.617493752425
  17                    -0.625476969600                    -0.616974716422
  18                    -0.318774428830                    -0.588592178570
  19                    -0.476113550890                    -0.559690604727
  20                     0.257835044746                    -0.553167870680
  21                     0.656220347035                    -0.550583150889
  22                     0.100276013712                    -0.525037397254
  23                    -0.755935573668                    -0.524392574914
  24                    -0.057632132636                    -0.495647846762
  25                     0.515662420849                    -0.474200105075
  26                     0.792648968221                    -0.467047939016
  27                    -0.214971254695                    -0.466746272906
  28                    -0.372310376757                    -0.437844699052
  29                     0.361534102944                    -0.431358980896
  30                    -0.529649498817                    -0.408943125209
  31                     0.203406047620                    -0.402740530834
  32                     0.652091042035                    -0.390664893202
  33                    -0.686988620876                    -0.380041551356
  34                     0.046066925561                    -0.373838956978
  35                    -0.846438524940                    -0.359094731594
  36                    -0.111272196497                    -0.344937383122
  37                     0.861569009711                    -0.322684064787
  38                     0.476120468177                    -0.319117987064
  39                    -0.268611318555                    -0.316035809267
  40                    -0.425950440614                    -0.287134235412
  41                     0.307105105817                    -0.280931641050
  42                    -0.583289562674                    -0.258232661568
  43                     0.149765983759                    -0.252030067194
  44                     0.717711493049                    -0.244771587289
  45                    -0.740628684733                    -0.229331087715
  46                    -0.007573138300                    -0.223128493339
  47                    -0.897944646118                    -0.200303711071
  48                    -0.164912260358                    -0.194226919483
  49                     0.568143286073                    -0.188024325122
  50                    -0.322251382417                    -0.165325345627
  51                     0.855110885611                    -0.162842915721
  52                     0.410804164014                    -0.159122751266
  53                    -0.479590504475                    -0.136423771772
  54                     0.253465041956                    -0.130221177410
  55                    -0.636929626535                    -0.107522197928
  56                     0.096125919898                    -0.101319603555
  57                     0.693688098883                    -0.084532580965
  58                    -0.794245587921                    -0.078494821287
  59                    -0.061213202161                    -0.072418029699
  60                    -0.218552324219                    -0.043516455843
  61                     0.514503222212                    -0.037313861482
  62                     0.919865114309                    -0.016563080586
  63                    -0.375891446278                    -0.014614881988
  64                     0.357164100154                    -0.008412287626
  65                    -0.533230568350                     0.014286691870
  66                     0.199824978095                     0.020489286229
  67                    -0.919782244094                     0.020658838546
  68                    -0.693762999711                     0.045980677379
  69                     0.042485856037                     0.049390860085
  70                     0.776137499150                     0.053674181192
  71                    -0.114853266022                     0.078292433940
  72                     0.619026059352                     0.083788891655
  73                    -0.272192388080                     0.107194007796
  74                     0.461883848798                     0.113760320877
  75                    -0.429531510138                     0.136095581652
  76                     0.303524036293                     0.142298176013
  77                     0.908828559722                     0.143027316256
  78                    -0.586870632195                     0.164997155516
  79                     0.146184914234                     0.171199749869
  80                    -0.902299321886                     0.179672195634
  81                    -0.743388109489                     0.198060422188
  82                    -0.011154207824                     0.200101323724
  83                     0.729338699375                     0.208430407611
  84                    -0.168493329883                     0.229002897580
  85                     0.568885120242                     0.235699347275
  86                    -0.325832451941                     0.257904471435
  87                     0.407223094490                     0.264107065797
  88                    -0.483171573998                     0.286806045300
  89                     0.249883972432                     0.293008639653
  90                     0.870314426997                     0.298293416490
  91                     0.092544850373                     0.321910213508
  92                    -0.857536226917                     0.333253332595
  93                    -0.690516806241                     0.349042293928
  94                    -0.064794271685                     0.350811787364
  95                     0.669777172537                     0.359843191606
  96                    -0.222133393744                     0.379713361219
  97                     0.511819423476                     0.385146349768
  98                    -0.387835378707                     0.415897226700
  99                     0.354680336097                     0.416080464687
 100                    -0.552981088389                     0.430741906023
 101                     0.196243908571                     0.443719103292
 102                     0.805487154775                     0.444540895366
 103                     0.039176653928                     0.474142032972
 104                    -0.786846329331                     0.476758867961
 105                    -0.118434335546                     0.501522251003
 106                    -0.275773457605                     0.530423824859
 107                     0.561448681915                     0.537224740764
 108                    -0.649310611479                     0.558458480055
 109                     0.298031052794                     0.567130114034
 110                     0.716306734760                     0.577348097684
 111                    -0.490540052337                     0.578024007169
 112                     0.141295357457                     0.599142956907
 113                    -0.016591134250                     0.624887005497
 114                     0.439842011804                     0.641160865793
 115                    -0.358021255013                     0.667632425620
 116                    -0.194952614649                     0.669641294398
 117                     0.595224116579                     0.701464647353
 118                    -0.589105693465                     0.706668696129
 119                     0.247387140301                     0.718873629312
 120                     0.089932884241                     0.759082424580
 121                    -0.073086140211                     0.774550677117
 122                    -0.457790262504                     0.798031477899
 123                     0.453352421995                     0.800560894393
 124                    -0.298860961700                     0.816262705161
 125                     0.307825071059                     0.866988979047
 126                    -0.165732883980                     0.904963411044
 127                     0.152990918138                     0.907204465999
 128                    -0.006468771538                     0.919991477762
