   1   0.591754550950940306209114325523  -0.719008755557943414512319071026
   2   0.727552498405038673132894676505   0.348603925521347514310181365083
   3   0.845335936650000000000000000000  -0.388865894854000000000000000000
   4   0.424088061646865173436939810373   0.330234962392552553095264626873
   5   0.143034975866614018617566980317  -0.142929937827224323678395343817
   6   0.078675106872011649876011350632   0.215352068331516353744380426831
   7   0.210346546086446597340766398916  -0.262925328379122552793075732804
   8   0.491399631866697752160139228973   0.210239571840654323980584237886
   9   0.488447930641467542178495440058  -0.028047043766188124327511143774
  10   0.356486593533540362932279395099  -0.860269927273401676779715690038
  11  -0.413647414696694031432151213630   0.614800907103388560885084923035
  12   0.213298247311676807322410187831  -0.024638712772280104484980351144
  13   0.225838431985297666538323003486  -0.903406908197271597385817670785
  14   0.515869688798134875059169237437   0.775258346178515455287012339455
  15  -0.891054648965181595151998780029   0.270497045635748920001190404939
  16   0.347921387751341964768809025030  -0.264629493876076562714341129119
  17  -0.688682998247677399477507301916   0.626787657077515367172733836197
  18   0.494351333091927962141783017887   0.448526187447496772288679619545
  19  -0.339952820573134872371404105537  -0.256108666391306513108014147544
  20  -0.199426277683009294961717690509  -0.019526216281418074721184162199
  21  -0.038937436256039314838645928549  -0.879518240918326664955595654274
  22  -0.411692091451000000000000000000  -0.635428987198000000000000000000
  23   0.396007964045890285609243187733   0.842807648014871954913398982197
  24   0.148938378317074438580854558146   0.333643293386460572937795419504
  25   0.356776491427032594713740391774   0.450230352944450782209945015861
  26  -0.410216092018197661076247313051  -0.374399891446250732301429140217
  27  -0.548931522623256022291092188635   0.589741948991041472018576712073
  28  -0.202377978908239504943361479424  -0.257812831888260523029279543859
  29  -0.707683460047102318474356093541   0.366739343994462098429790067592
  30   0.283561518756739596027253395345   0.093652512282664114708434641529
  31   0.261285791424625301130238728055   0.715907643279605624748822909239
  32   0.151890079542304648562498347061   0.571929908993303021245890801164
  33   0.479352685068014907826211095207  -0.798353331838864407360631051502
  34   0.262016429761307482844023196670  -0.630883859846573376825916680390
  35  -0.802139908658401614816327226123   0.067273872427958213214326874875
  36  -0.000443268248741768773763223626  -0.617799003543955210373320710822
  37  -0.474688073771711577199907854310  -0.016180843975696588192465112112
  38   0.861651014658183192313147020625  -0.119162004847176589618225251769
  39   0.931207191426669126902930992428  -0.000453624719600185937904634884
  40  -0.337113232106816209771865228196  -0.017885009472650598113730508428
  41  -0.195062964065200591087475399302   0.456171785363198424509345317544
  42  -0.551697937359262913747744909792  -0.750184260734431995047339939521
  43   0.865080997366887517382391932939   0.344647511429928337508421537421
  44   0.766394259867539143484358651756   0.216615066879217222634398873908
  45   0.626022772306362909606538066172  -0.029751209263142134248776540089
  46  -0.328812683928294757569451888426   0.723119002058087835312027448612
  47   0.476799488939000000000000000000  -0.643347651555000000000000000000
  48   0.128754405951156252213280125629  -0.665103360853816678602890478995
  49   0.702469229311796327794349961724  -0.398786917018624864099181670809
  50   0.289164420544169976441918536504   0.581176342990560263874751854411
  51   0.015726850269987775027054223240   0.811045460528031082089590295562
  52   0.072028474984212836762620497531  -0.790450518759752499338951598989
  53   0.090024066899542031942699003548   0.926845567783003541570440969611
  54  -0.265326235510263379792318606816   0.337880560308254205315930324871
  55  -0.773520558454487451083701915746   0.518471778198572052315496753526
  56  -0.841472235006277239692493210682   0.398837707412014844714297507954
  57  -0.477639774996941787181551643224  -0.254467459582539036500560493773
  58  -0.304788468093658037996512124257  -0.879915353234191855799714332870
  59  -0.639731783495312529865564798606   0.486373414781019306030989313164
  60  -0.332637805730095958515518025416   0.457875950860152434430610713859
  61  -0.323020231053303907382289047433  -0.743543273765756221953500509413
  62  -0.684099634364077696542281260777  -0.631786933548856040119061538006
  63   0.005460134201718651189524354203  -0.141225772330270313757129947502
  64  -0.357345376067051438740249220726   0.859913554576056797632751689389
  65   0.628810011504477934180805057726   0.217177064684842661860347229814
  66  -0.921185420730174860378244742450   0.136251457879547697827758269233
  67  -0.702877067660346987311817420767  -0.382066122991698492399621532283
  68   0.833705830087371722207558070355   0.096619676327318993519718484920
  69   0.485496229416237332196851651143  -0.266333659373030572635606525434
  70   0.277658116306279176063965817516  -0.382920718931020781907756121792
  71  -0.838545051859311723873774223336  -0.404955843447647565179959303701
  72   0.286513219981969806008897184260   0.331939127889506563016530023189
  73   0.084466396563560522457194016888   0.691862340857014717046759447607
  74   0.552807799636069910920051069742  -0.386329049924928801750286914421
  75  -0.417320295074000000000000000000   0.349438591972000000000000000000
  76  -0.126323417771627843657335605654   0.336988665692182059466514469590
  77   0.090260237943858706148397420706  -0.926822598228188133185165422447
  78  -0.544951345216774365904751061824  -0.134472069030640807385880104785
  79   0.563785685352663788400591169169   0.567305865698004289454688971521
  80   0.216249948536907017304053976746   0.213647902834562343823115030516
  81   0.228082699964000000000000000000  -0.765747240810000000000000000000
  82  -0.124288552600228725159899036620   0.811347580146428979253756034598
  83   0.618074984716055164584299719499  -0.507448560289266838724224620827
  84  -0.067754838468574347496962642225  -0.497803612992056981258640321835
  85   0.280609817531509386045609606430  -0.144634103324178333599660740132
  86   0.219201649762137227285697765661   0.451934518441404792131210412176
  87   0.896379156958035034158978025398  -0.252292382190453432317566252938
  88   0.140083274641383808635923191402  -0.381216553434066771986490725477
  89  -0.435139709083137924396300989647  -0.823286385602952580711607423295
  90   0.696121581724310512904004476326   0.097181674132944432745666840826
  91  -0.266849960661753421067022020682   0.100406215582293621079684484245
  92  -0.137557136417000000000000000000  -0.631488106404000000000000000000
  93   0.775632713237446093973817412567  -0.515306640065940880024082178774
  94   0.008411835426948861171168143118   0.097060843276572134550965434159
  95   0.421136360421634963455296021459   0.091948346785710104787169245214
  96   0.800255280099000000000000000000   0.468913927625000000000000000000
  97  -0.205329680133469714925005268339  -0.496099447495102971337374925519
  98   0.558711202086530330883338647573   0.090244181288756094865903848898
  99   0.691238468641704930763767170342  -0.623968283336582854649125128791
 100  -0.484500385702295605986293823738   0.228808852587908913328271702592
 101  -0.927587443764000000000000000000  -0.002778477635000000000000000000
 102  -0.226740350952447576772353633532   0.903180963257138373734443606558
 103  -0.559553642067414323681588819905   0.374564618721272771169882091578
 104  -0.407376503551878998476708435710  -0.136176234527594817307145501100
 105   0.002508432976488441207880565289  -0.379512387937112762065225329162
 106  -0.889060897295661888559651641559  -0.276979710520398903528741758313
 107   0.555759500861300120901694858657  -0.148042434318086353442191532761
 108  -0.272641250353302293648204686938  -0.376104056943204742222694536532
 109   0.398332214568223745660868734606   0.703741331484003660250025422664
 110   0.343670831933279777998161266444  -0.520148590645203549711930037383
 111   0.075723405646781439894367561718  -0.022934547275326094563714954829
 112  -0.064803137243344137515318853311  -0.259516997385214532950544940174
 113  -0.920168623956270711678789824101  -0.142957135626574072571864698727
 114   0.760525039146492732987357373122  -0.274050137424153983682565488901
 115  -0.682526397196501266652993304389  -0.136159170668800236088780729893
 116   0.267501421345043237066695855340   0.891958535313448905541274675858
 117   0.426210843687768420972548543055   0.569010031194958299375954367837
 118  -0.588811550632837927332756432678   0.721420818234048725213199040210
 119   0.014203125118497733752350809374   0.573571115802070497853344454935
 120   0.072771704421551229912723772803  -0.261221162882168542871810336489
 121   0.415232957971174543492008443629  -0.384624884427974791829021518107
 122   0.699824990696000000000000000000  -0.146018276851000000000000000000
 123   0.207394844861216387359122610002  -0.501211943985965001101171114465
 124  -0.633645041060052449247581772742  -0.503786639589476987682100218510
 125  -0.054025281155165936455055829106   0.929638805201373198447171027270
 126  -0.124799692620137802382632191788   0.574463010418142643702760310217
 127  -0.565310971782932627155991169884  -0.384370576117296547129121792307
 128  -0.622631372947000000000000000000  -0.008563544791000000000000000000
 129  -0.135066408688406926220162060824  -0.377808222440158752143959932847
 130  -0.541999643991544155923107272909   0.103814546576201640922215276875
 131   0.364298294738624766177177559327  -0.722906473023573925358713622608
 132   0.145986677091844228599210769232   0.095356677779618124629700037844
 133   0.658753897548268558377147382347   0.467752965632096494244863561730
 134  -0.129163006237946506256874482995   0.098765008773526144472230830474
 135  -0.769723843972763159790263148825  -0.524091827030268414695590521054
 136  -0.269689549128072083666560898023  -0.137817441336362293914599154871
 137   0.589319545287532732118339231066   0.348973287381588977078854209754
 138   0.719438237214047303627934835825   0.591232324872782673252341015793
 139  -0.459106331014685559974286305048   0.767315232305577093636825442447
 140   0.069820003196321019931079983888  -0.499507778489010991179905718150
 141   0.158763613193114779372838797196   0.807662448111987176527610121657
 142  -0.275592951578532503629848475852  -0.614390672550047190530789918192
 143  -0.404424802326648788495064646795   0.102110381079247631000949880560
 144   0.353824790201802384732096602859   0.211943737337608333901849634201
 145  -0.615214826976668687929793885790  -0.256154561220698465203461118881
 146  -0.677767258816086471337788231123   0.126105710835090331125124335137
 147  -0.757265874006006673933861662888   0.238398682218196173716682964576
 148  -0.803328518201140208738066887314  -0.070306389406786634066685257533
 149  -0.468753381195357816107116209934   0.477933152931294937157469490487
 150   0.906421027124382972288520963634   0.213419682145087124218692585398
 151  -0.190041681974856306869859313064  -0.778848326154230901531474828343
 152  -0.279386554813690787727441569339   0.584738260136785485633398516348
 153  -0.056060146326565054952492398140   0.455279890747126278659929462262
 154  -0.480479363463260449781090520565  -0.492691116501194951494844132889
 155  -0.196586689216690632362178813168   0.218697440637237840273099476917
 156   0.081626808097241859857655139547   0.453638683938358802052475808491
 157  -0.132114707463176716238518271910  -0.139521606833316303835864551187
 158  -0.194551824045291513864742244135   0.693056355091484760060341041925
 159  -0.058899734792883717552031275481   0.217056233828470363665645823146
 160  -0.057169199215685184224422851724  -0.743146161449891031109381830817
 161   0.623071071081132699624894277256  -0.268037824869984582556871921749
 162   0.763433151944143091627203894925  -0.022813716418953796369013548161
 163   0.480500143051159797156257093386  -0.505744394792312828802959224513
 164  -0.346925544037400238558251197625   0.227104687090954903407006306277
 165  -0.547851256812686856231746944644  -0.612652648775818523031634702618
 166   0.350873088976572174750452813944  -0.026342878269234114406245747459
 167  -0.061851436018113927533675064396  -0.021230381778372084642449558514
 168   0.011363536652179071152811932033   0.335347458883414582859060815819
 169  -0.342904521798365082353047894452  -0.494395281998148961416109529204
 170  -0.171809919015210437484082389889  -0.915220405622666535377688651800
 171   0.418184659196404753473652232544  -0.146338268821132343520926136446
 172   0.624470025018442533651378622646   0.690785224938690468462166425583
 173  -0.054536421175075013677788984274   0.692754235473086862896175302889
 174  -0.620268000526837921400974781952   0.251100016846797603531180760855
 175  -0.753392913096697151997694838990  -0.254089990064449830748403986895
