   1  -0.441970939403000000000000000000   0.657394214702000000000000000000
   2  -0.381179747876140975060584265826   0.086916483359079015526333260844
   3   0.368605354424384000923540517957   0.178287898929542080633727798509
   4   0.205083236990818497374517859984  -0.555786271339465763772159053461
   5   0.141062237992800741222833353924   0.007573328198119061229434313709
   6  -0.828795264454715839774216169708   0.419969100664035143680515333739
   7   0.548778188742852020227340059501  -0.300800812940876681752179907869
   8  -0.837741844950670340973483426006  -0.401826127963038091735487111392
   9  -0.201371845574736253371389663770  -0.247252693022875400378827061165
  10  -0.122245625242806205038706891164   0.118080920026660326534630872599
  11  -0.185671653338819251113711650847  -0.388127968498082927382120998364
  12   0.779822987800135400073697613828  -0.136555628752547958717252667275
  13   0.189400470761356473762502840970  -0.414909054871179447248539671106
  14   0.601496714867780136113069027048  -0.708150646330559562430653688632
  15  -0.394871270007000000000000000000  -0.840302421690000000000000000000
  16   0.518054755432906054405075154900  -0.018976463314428399196845836723
  17  -0.448237070221871469615513091315  -0.270444768426801998300134049599
  18   0.789157776769982799285826299874   0.145243087767165499116623045028
  19   0.450326468643742633116091295536  -0.525710540636002350123630672616
  20   0.349938536745418817092350713620   0.318800849201752324012819922940
  21   0.316946630850710685089809137785  -0.800019168586813493880979023913
  22  -0.154857552704271518805998334238  -0.669942624734588520062437067875
  23  -0.008848611798906662726900350869   0.203130650293513156244423671771
  24  -0.678147354066764066331569295149  -0.635131326630459775697446542999
  25  -0.778050486387371735159381360598  -0.131330185702808185889837777129
  26   0.026931096842667995446731374123  -0.079183886906461212363072009165
  27   0.067841346949735873554543369280   0.569808065805491701814114170312
  28  -0.026592192105514295363882878046   0.343763166570380369352320375765
  29   0.403226333062315891302923514708  -0.103084665048668721753469559473
  30   0.312907125651277870901950087486   0.599808879946551271138201184577
  31   0.073794048438047141829217867443  -0.502349502672047196724749681500
  32   0.218259102447612710901828612880   0.372802370263971987075712504349
  33  -0.272108739019159468773930775361  -0.750515361895478954330956328247
  34   0.237584161088467784720528346296   0.232378435747850881173426033784
  35   0.867417041253364679321349206782  -0.332961427853707233261710579480
  36  -0.402738437649320252153273882013   0.369245097734018185614633745107
  37   0.173700278525439471504824828047  -0.274033779395971920245245733908
  38  -0.170557744940188521063676347160  -0.529067349259380993059143130677
  39  -0.318036748052337931131679395658  -0.327761324897675295973618126422
  40  -0.333736940288254933389357408581  -0.186886049422467768970324189223
  41  -0.062512386768322712310623284907   0.625487895027767805754295862035
  42  -0.741670269916988232453220644851   0.299430165925264269002849732954
  43   0.799244591056402702347973351957   0.003854985530762201448329126924
  44   0.620893257686424140450786842609   0.196166964536650739900538432650
  45  -0.883034139743825750555212748095   0.289009245426513068394190480581
  46   0.104191198016863347126144532202   0.288654569013803925980234743957
  47   0.334549323005067862231465290175  -0.613499977238596351915375422289
  48   0.303551941970058598171563359916  -0.330874651812972353240662145106
  49  -0.533092171367378838018440536199   0.424924926956294289554815436830
  50   0.386151335759466321201529606262   0.037630592629978321785213838827
  51   0.743225465222669594235607479799   0.557576491380032268326500625707
  52   0.302048964359098821270374127057   0.747744659698535814142417752073
  53  -0.766868857664555961258230841120  -0.524583445258597403464562436148
  54   0.272141903583000000000000000000  -0.049080013360000000000000000000
  55   0.276217782169391632202062289849   0.887118578719070319419342878774
  56  -0.511565365111031707894656565452   0.142521609873968994062001030572
  57  -0.034403416160028162841257150954   0.928489117249976582603705760400
  58   0.052969867448865854265639418735   0.712836887323610360706024832982
  59  -0.438051281450166730702392321465   0.819381907729837333397408286923
  60   0.010476446841948411091799382548   0.062706715777392050342137201205
  61  -0.087220374366034128962329144824  -0.163218289964668306370949535165
  62  -0.308312916004144704440768749964   0.876480907789862848353344307396
  63  -0.562388541430573594024573610261  -0.354479171485009092308011575599
  64  -0.419695157923479295706633995905   0.509974657223147119264608236002
  65  -0.252908747090005589925654269326   0.173030786865482444346801739182
  66  -0.755266564511999076862684420696   0.541154370235853482514144650275
  67   0.086804051675324783421642642098  -0.647823528468815137837516774438
  68  -0.022971164497000000000000000000  -0.737504481009000000000000000000
  69   0.086447617710255714489162005025   0.429287085290671139088131447952
  70  -0.521462743094631645127542482701  -0.768994306519458598659867588975
  71   0.058331481314501999962087399968  -0.360934437856876266369659883562
  72  -0.062243271548522056669189047520  -0.927039055834250056415608071258
  73   0.427949736040216392490319628026   0.682619127327894423266381483445
  74   0.927392856773241183900371901813  -0.056728521054998538384844991267
  75   0.110935668639413047905157877153  -0.787501745593601217829982233123
  76  -0.916720805760825784610065137377   0.151322834299200105436174119340
  77  -0.557594206875159061413939795309   0.743212174519755272420428659470
  78   0.200515522141005078264846085702   0.513434886540839200183609208344
  79   0.727156194762474505579391400766  -0.578376611139903454973514301569
  80   0.898939737883566114002875231348   0.234910586285391358989071509929
  81   0.334249634901937568166688542912   0.459677382504520555181546730835
  82   0.555249725598920812453439571244   0.744965353635619748964991512613
  83  -0.641741676075000000000000000000  -0.083332943422000000000000000000
  84   0.420068822184000000000000000000   0.827485989909000000000000000000
  85  -0.432536877985954467357835078392  -0.411320043902009525303427986798
  86   0.925162791387000000000000000000   0.085318040634000000000000000000
  87   0.907971253516973881626096163684  -0.197139135338308698550426785466
  88  -0.139989205549413837675689418341   0.258713436303527539642527576593
  89  -0.774973356839387387842190224091   0.151321983083287041807455223231
  90  -0.287222647417790198823966079048  -0.609575981134180888653934195934
  91   0.852745006627302759004902406404   0.368919489275535865572604779334
  92  -0.499612005350654196703283401165  -0.138335134724434469713487052744
  93   0.719690942690595346544288215263   0.417796430120753785411691484198
  94  -0.929071221007771244090089182053   0.010114454520631818915519768547
  95  -0.323732914144484434452935353292   0.735574687438125803011462260023
  96  -0.045198462866034136298501513792   0.484284147085200932078303098125
  97  -0.416836685750037465100157065469  -0.552195319377217052306721923996
  98   0.611577440166832051360287373640  -0.427877928493001557143804947986
  99  -0.516135451093219794465080422307   0.284195367467165355904840945935
 100  -0.250799386770735460559985681950   0.031299033628941111919430471110
 101   0.079498030741058759148546184561  -0.925719017306771399259471191690
 102  -0.306215318431292107050615546140   0.594913843146299153830655656430
 103  -0.144044871362489094504465750554  -0.811277069222340429414206658208
 104   0.500309541475007472296980407720   0.121655846835297709824676453899
 105  -0.384994857342712619516291354835   0.228612581457150972506737041113
 106  -0.071520182130117126704651131901  -0.304093565439875833374243472363
 107   0.737236924025677666822277303568   0.277139123821190026563177524515
 108   0.255130142423550104998517434601   0.091721129448287122324912074101
 109  -0.401722777351406735050121761782  -0.693134700138515117983744056310
 110   0.603347276351341820172797754304   0.336824270836214498749052392333
 111   0.319245102152062912601485999621  -0.471765989148995798120007532738
 112   0.663332047060708597711825629467  -0.217315767447969407073349698250
 113   0.219834744542752273501402091944  -0.696764043705912229101312731647
 114   0.219389053306477542155384184398  -0.902853298816816864343544807628
 115  -0.040706081495569394396937815291  -0.585908221676381426054559541876
 116  -0.175552196584092722163668167978   0.539963976307477036018484789848
 117  -0.695994396029231944205608512720  -0.401826979178951155364206007501
 118  -0.523915780357977167374680610128   0.001313230095400707541346679780
 119   0.168432018767467178097738674131   0.795061159222732498314797267180
 120  -0.919797935308810131927256273884  -0.131329334486895122261118881020
 121  -0.166567578721457910791485804834   0.877254622903917821025710113550
 122   0.647631854824791595454147616544  -0.076440491972761880070055761051
 123  -0.217072037810653255629067676693  -0.106377417547667873375533123967
 124  -0.302336555816420928874001382735  -0.468636600372882822976912063620
 125  -0.653876062192877648304579147607   0.057905318074672084902073337614
 126   0.670624276422286278559495739904   0.063429761567951400093978296832
 127   0.726131298484688628844772943607  -0.344392883000094282464974738367
 128  -0.585805867922000000000000000000  -0.495011095333000000000000000000
 129  -0.289258598157133063497255432249   0.454184283657170220180681165536
 130   0.614079250798989644859948808235   0.616002466566529898946912803156
 131   0.482763560139925152018991319415   0.262313153134861468673190413581
 132   0.434626717534149895818279540555  -0.384835215999083775760057433869
 133   0.287851749734141595913885346993  -0.189999376337764826237368207907
 134   0.806674100428020197568870803150  -0.461034197857127767118235686998
 135  -0.260697987313201374793881207235  -0.891802778256474565431382816256
 136  -0.674838769200011483440435951367   0.424433725028103785411696282679
 137  -0.271515017850525430860272905071   0.313551767380303007072784461542
 138   0.458461313619248132052276510687  -0.808139133942685797551692168580
 139  -0.055819989894200124446973118978  -0.444968840915083360377537409562
 140  -0.385111875417037660477127718430  -0.054776415720100240383677192368
 141  -0.158595476309933678610308054086   0.399234416818348102368510298953
 142   0.181909251380485237330227449957   0.653955867055659762909591930704
 143  -0.192393740488343240169106986517   0.682260892414864302364079657965
 144   0.584680458672376636341607949967   0.477337221108424742128144516764
 145  -0.641525646945932188824555102931   0.199113697853240371422727688406
 146  -0.078286205642119852520434622849   0.766354945520766334218077199906
 147   0.123516256657718420944844265619   0.148230634497682820077948273392
 148   0.459860079772924210409483371454   0.544510223779568507495655530141
 149  -0.550048891641537881571800650092   0.565654486445423223204789927725
 150  -0.102920566601951131220007157747  -0.022343014489460779367655597967
 151  -0.787323772086332847322214268767   0.010113603304718755286800872438
 152   0.464096742460959968187801515079   0.402826103407071712052282538013
 153   0.158000086289522469247146815124  -0.133158503920764393241951796710
 154   0.465978641047262691766589054308  -0.666591159514224350047066642891
 155   0.107234483021736265154578253212   0.922917331913417804135677345267
 156  -0.613763476559356321112343920111  -0.222369537782641563721364578744
 157  -0.747369331158014671293378822570  -0.269717345476583626777559010646
 158  -0.536576651493262375177577786388  -0.628054925758160532982845456662
 159   0.585844542464260077462571268276  -0.567270027452337562507217718357
 160   0.533077996506935017969662046578  -0.159925537465669154748885970671
 161   0.042631289078584997704409387046  -0.220059162381668739366365946363
 162  -0.889116780079453068061253735856  -0.269716494260670563148840114537
 163  -0.664159386239349075704237829326   0.649744523305346516510348690680
 164   0.418926525298232893560601527631  -0.243959940523876248756763496671
