   1   0.496336502315956029794950126500  -0.616506638413640292630612816098
   2  -0.619733524389837886553240818226  -0.357084729227302269921198981913
   3   0.084417272993952065355619588172   0.032424702471968510740642704528
   4   0.022841200214977254613034768479   0.768564235027762679718452219897
   5  -0.563541012666005009416247491920   0.730446626994522634510430461715
   6   0.160548694149367110792643417537   0.908490431788488720133003802317
   7   0.314217426846319792051322616508  -0.105927885121296738277903102602
   8   0.645108418192935580926760184927  -0.659519428539379908952348642440
   9  -0.062788871675205830041020051051   0.304919753977423506283840018708
  10   0.168359190772223764716228853079  -0.907075482375542804808762171889
  11  -0.230177563157364221250735183715  -0.230086955447603672633229056982
  12  -0.385016591928574569250287349426  -0.227248251994212009700585086432
  13  -0.761104305882088256654847610710   0.197547760193845784005544811030
  14  -0.479604858770735751341274442132  -0.621699770725674694525318722969
  15  -0.719684127604553327417384527904   0.346770921598385217740814412344
  16   0.327432965844573447586120156252   0.431514349304925779529974282762
  17  -0.457292837827959509197279787598   0.440164704260391287588203671013
  18  -0.055685496954830580408492399521   0.574295523548333948642081109141
  19   0.309300648237424201444072176044  -0.374116949947652247517062805213
  20   0.079500494385056474748369147708  -0.235764362354386998498516998082
  21   0.326305909128730635317344648897   0.713145079389503450914561499350
  22   0.347602356019000000000000000000  -0.660299994505000000000000000000
  23  -0.297505804136469147343973519850   0.175083276744333246063226123227
  24   0.171928060786057487261933417749   0.434756231210513766504453914188
  25   0.695956501569602851026907155807   0.605619761704735891218277307540
  26  -0.363501818801674772806358563861  -0.847937011559335167693226530782
  27   0.090182144616274169838778169986   0.626312964955920663895753039767
  28   0.826536911246449485138976968654  -0.409838361054063102654402796858
  29  -0.619613821248271316305047048552  -0.091662373379254563804171695763
  30  -0.909479623873569161730807907402  -0.154846897298889614023104776892
  31  -0.293403000473249128396065806765   0.874668752818800697378297503518
  32   0.901928371866522424295407722721   0.194051436136158864158921353117
  33  -0.294002799006000000000000000000   0.445284242613000000000000000000
  34   0.746337827515355730730171970979  -0.542319642889653056941841297624
  35   0.734673901762735474871948214539  -0.222795853712637250255449513646
  36  -0.565769624225046257417922030935   0.329638825475968953073617360389
  37   0.004539369303899096052218285085  -0.100250478214513412412615161502
  38   0.775752621069980029864884928412   0.092300117247928315383969330844
  39   0.167011282177161896654682977285   0.166567166384158257265294211577
  40   0.001411736262000000000000000000  -0.920352752134000000000000000000
  41   0.623758623855351879306267843559  -0.114717251784059972025550869451
  42  -0.389933370537470159857537789890  -0.495437316820567518939744789043
  43  -0.539735917558218347001645745464   0.041012807307227359349086170268
  44   0.149518250799777672945762749927  -0.639482016522262448566050328364
  45   0.769533354108769436643501220247  -0.062439999679044432838833248979
  46   0.566152606747000000000000000000  -0.259243957421000000000000000000
  47   0.546071346511907932272493445750   0.566663075995621017907188902977
  48   0.921680233097568254516436637881   0.040451152783498630911382888928
  49  -0.417532400291400641224394634197   0.782067051058555001246808172539
  50   0.074583715776160884141118707245  -0.503953427180742507737676700693
  51  -0.452344832907679495343525685562   0.177921980197724908995870093777
  52  -0.372466929217626526040124382474   0.310597160884206832149127959807
  53  -0.459977717009731947946438212050  -0.091734367854338423614683249852
  54   0.401640866439856534323262755261   0.293317785647962302530683160458
  55  -0.909658892393120116637930640358   0.153790270610411559790174659748
  56  -0.677873164872000000000000000000   0.625774150085000000000000000000
  57   0.246889185867214865958084280372   0.299242347070640180418552077607
  58  -0.774022583877271210710511469692  -0.079783101874268691935881026012
  59  -0.319201695720000000000000000000  -0.635963326688000000000000000000
  60  -0.870764588207012913694379873717  -0.304794651805068469621321086459
  61   0.370489365242748556043823108260  -0.844907319228758344013852895392
  62   0.396724087830960943716012314797   0.025128720821606793291523457848
  63  -0.000377409304996494555032155379  -0.368439543040868921651774864113
  64  -0.227971121629239632037600127004  -0.773006288941294942214520458289
  65   0.410530057559844351247483962096  -0.256917164297925395506555460397
  66   0.915460966136357661295052929716  -0.114288964143474117311419690895
  67  -0.310055466847417190554136486802  -0.362762136134085595786486923013
  68  -0.584673265709831484852598849805  -0.507928891624787972060742482392
  69   0.236161188694189107846668442546  -0.767841606663136483187005101014
  70  -0.073182490254422721042015941741  -0.777870717501675851498494697256
  71  -0.380099813319678978643036908962   0.040940812832143499538574616178
  72  -0.075338534386153873251183018003  -0.232925658900995335565873027532
  73  -0.150299659467311251947333880627  -0.097411774761121749479971190952
  74   0.017089032014847139262381252037   0.437594934663905429437097884738
  75  -0.607189802502581186655385113742   0.180415664071429519338347759075
  76   0.485491176617794466637325912118  -0.392431051769607911948401804516
  77  -0.137749996756363208737170913675   0.440433638117297092369741855288
  78  -0.869625265352677515964076278729   0.308030267513741122409371722668
  79  -0.122156751550505097200298992562   0.714169593270298580961978917701
  80  -0.210524525726040928408044565232   0.577134227001725611574725079691
  81  -0.464894495618627538553688652514  -0.359923432680693932853842952463
  82  -0.622834192975252637748215332774  -0.680594090413050426855680053666
  83   0.239256301765162413355171753884   0.029585999018576847807998733978
  84   0.081680116298897406451710429570  -0.778740291891577937663528145155
  85   0.551563116602171291715564480509   0.022290017368215130358879487298
  86   0.234339523156266822747921313420  -0.238603065807778661431160968632
  87   0.883445817639715026003758272966  -0.265808643838376866577185339988
  88   0.597565911638376179598361912552  -0.499306852763913440620105471282
  89  -0.235094341766259811857985624178  -0.498276020273959181872388759593
  90  -0.727902599914348371259539740446  -0.566823211312163704391103813089
  91   0.506597868605345961198818834308  -0.771031353038786828100477107318
  92  -0.070421755777258282643932577539   0.035263405925360173673286675078
  93  -0.155216438076206842554584321091  -0.365600839587477258719130893563
  94  -0.500215548885124811503288467567  -0.775187172557605606761635869853
  95   0.012172253405951548655130811573   0.169405869837549920197938182127
  96   0.310250653007485702836779142693   0.868835588677587725211516592455
  97  -0.922567320413535715997200999924  -0.000535863126391919732278726773
  98  -0.138675161511917188326756678923   0.868151167494147602765822096383
  99   0.787453670634387005739982079427   0.480673968973494599635290518794
 100   0.579455853100074864133624579315   0.717886942458466896320958198528
 101  -0.730721803352000000000000000000  -0.233882214216000000000000000000
 102  -0.782821856608670336350961840351   0.488180999896612199150739545084
 103  -0.539855620699784917249839515138  -0.224409548540820346767941115882
 104   0.159378398075109444051770450796  -0.103089181667905075345259132052
 105  -0.698983884654424082895774593702   0.055687842195118694685981543648
 106  -0.364894650733815331430566787001   0.589505466761430681269501579402
 107   0.006322790253565163486577082118   0.922545809251611701522295398579
 108   0.236482481635743372543482300406   0.575525225725888649707592921398
 109   0.391319665939266263907314970861   0.572587637418298895795057820127
 110   0.321762962749803565019861452173   0.160642604961480379377425294428
 111   0.557145771498372494647449493764   0.290075903742374315556203529032
 112   0.639767105184000000000000000000   0.426914580994000000000000000000
 113   0.677764995369469934007166910227  -0.366825570928323486332666970516
 114   0.154461619466213853444520010332  -0.371278246494260584584418834663
 115  -0.519575453254207480104936581871   0.581953486904767291725627709785
 116   0.633563743033869107386722210275   0.153663836422534873618947341330
 117   0.177067104110779201919101103898   0.754508857564639698329160623635
 118   0.451210361363053144972119117144   0.804698675059754711172913758550
 119  -0.225260784548468630643484743251   0.038102109378751836605930645628
 120  -0.160133216685102433161834761555  -0.633789904413832767958290596173
 121  -0.305138688238521599946886046339  -0.094573071307730086547327220402
 122  -0.154789524650015609093152272642  -0.909489390209101840782743663544
 123   0.711984218366921324179246033967   0.287205635559157832668881113172
 124   0.476601991521013913019413617885   0.157803901508088716444781323878
 125   0.468898576420926969092944487042  -0.113472753204040505928248502459
 126  -0.628788271949200725664155951975   0.472154838002321604466357092461
 127   0.856761950872970630102803750246   0.342183733366510515246453939511
 128  -0.080255312995049463858433458467  -0.501114723727350844805032730143
 129  -0.005344585310285522166250576292  -0.638654332974213677242264835140
 130   0.092050157096004517958532114661   0.302081050524031843351196048158
 131  -0.217627900446416178040572216762   0.307758457430815169216483989258
 132   0.384261767295374316833914126066  -0.509630837419334763958909149332
 133  -0.762962858594354772960181708867  -0.415979048914678002251560312610
 134  -0.276995780321715445199851158274   0.717008296723690243894622888252
 135  -0.142666775365258799344421354139   0.172244573290941583130582152677
 136   0.229422184596794453152727411269  -0.506822510900275588859960996672
 137   0.482184646417215115951298631140   0.425589787882247901642105365613
