   1   0.067268453286556117328997242730  -0.679784158928991132881393624205
   2   0.797698648024523546070369532387  -0.015357643997564298018466371316
   3  -0.508318167271765275045551442437   0.218436628921754212907312688522
   4  -0.514828276162185422573789734247  -0.053597081691007174904124278158
   5   0.660364520906804385298490755356  -0.657640248235371311941597560648
   6  -0.146798375044146370161111864962   0.550021887666945789505487370202
   7   0.197876425174895435254807385946  -0.641669358836468671197410257899
   8  -0.175594045993015611621597533367  -0.674140852602302360004199436273
   9  -0.523863656852011680140526452113  -0.462967109447161560773608801216
  10  -0.050162176899813942803172409107  -0.336906631664782106937056613731
  11   0.082279620141829295960077651703   0.272350257373677629583302719075
  12  -0.462837563380675629796839570950  -0.808921125014913401064300088689
  13  -0.695043733783614432305267402605  -0.378093566823799921305675433011
  14  -0.388896588010962331338777965247   0.283626096734691173804798087969
  15  -0.814980309988141450062378747406  -0.002269291017812708603079164617
  16  -0.384016185987000000000000000000   0.558561024038000000000000000000
  17  -0.637504909868198440044682357342  -0.254803404810324829707328160944
  18   0.557576798832615458076786835904  -0.746779826973872640645143990301
  19   0.264805206698290506280456438315   0.765204249251435328748843697497
  20   0.085534674587039369724196797608   0.408367112680058323489021202415
  21  -0.773046734166275061656026078463  -0.266618402602432525727798679600
  22   0.544232868552000000000000000000  -0.289957150000000000000000000000
  23  -0.292260389866629903980838509392  -0.603302422597036722637745895964
  24   0.301729361794000000000000000000  -0.413622974563000000000000000000
  25  -0.385641533565752257574658819342   0.419642952041071867710516571309
  26  -0.618280305410572807831554621517   0.697353182048352669008805675666
  27   0.624474413904236522476715418385  -0.526403513567739425423026078144
  28   0.688710420318525389979879920199   0.413449372139656249811031279000
  29  -0.030631850228553500218457533677   0.479194500173502056497254286309
  30  -0.540930941866000000000000000000  -0.601116546510000000000000000000
  31   0.430779194588607905788040645558   0.059868094893346430558603467395
  32   0.298144308904726410249354153551  -0.549704518820192447389789533527
  33  -0.926418323096000000000000000000  -0.087348187386000000000000000000
  34   0.159192990901127192907097394819  -0.780088992766775298070736338940
  35   0.361615803251611631059829183196   0.669606714231601936886804616958
  36   0.304847506437384814553028876558  -0.277355083532351918150318898731
  37  -0.624484692087358144988205773722   0.289264016415197945915545772416
  38   0.191936036067002018374493691178  -0.070510840732527491236367331498
  39  -0.756213280938589534536415471463   0.408233984929638083429465293329
  40  -0.510158930920375487845683489993   0.779942216945418102717115009155
  41  -0.262971028848000000000000000000   0.893881312784000000000000000000
  42   0.075769511251409148431839359893   0.000316546760916241771865752395
  43  -0.289005335421419830216719363487  -0.467285567290656028732027412624
  44  -0.627739746532568218752324919627   0.153247161108817252009827289076
  45   0.669855416035015900136078516484   0.189818252251045096227028209800
  46  -0.769791679721064987891906932558  -0.130601547296051831822080196260
  47  -0.027376795783343426454338387772   0.615211355479882750402972769649
  48  -0.756519003152224344908002611069   0.544289439950031418711288229899
  49   0.198446144957422165902731982988   0.201522869880233896575069635182
  50  -0.395406696901382478867016257057   0.011592386121929785993361121289
  51   0.660631072400278498159020898565  -0.216518375468900711820810025408
  52   0.453749520302000000000000000000   0.496540592544000000000000000000
  53   0.786786189768910268786508417462   0.120259827449508779387994960381
  54  -0.756969944550669660426285705665   0.258298904004441323228210958253
  55   0.364582163583545737573652037604   0.857701488029661041165177826118
  56  -0.392151642456172405102897111152   0.147609241428310479899079604629
  57  -0.501808058381345127517313150627   0.490470339534515600718749655202
  58  -0.505063112826555201281432296532   0.354453484228134906813031171862
  59   0.553023829546702705545803495157   0.403432916099813269309196515611
  60  -0.046907122454603869039053263202  -0.200889776358401413031338130391
  61   0.434034249033817979552159791463   0.195884950199727124464321950735
  62  -0.053417231345024016567291555012  -0.472923486971162800842775097071
  63  -0.852188944086332642256600347157  -0.377287688837809155955459191111
  64   0.429762154215476519676911346844  -0.515238258468456588937229793062
  65   0.321122778663435183373624606083   0.402729192999551551378273517969
  66   0.666600361589805826371959370579   0.053801396944664402321309726460
  67  -0.125910486338000000000000000000  -0.800897786346000000000000000000
  68  -0.788175768690370845765041593206  -0.497343899350235438722910363157
  69   0.072514456806199074667720213988  -0.135700308545464452133852730945
  70  -0.266219954304949313867885342152   0.484832419854008828608001970756
  71   0.830354275027941357760040339594  -0.423182909052783001594707850093
  72   0.922998320477906048259637903584  -0.129019754171672201741447536816
  73  -0.390341447845000000000000000000   0.845943805890000000000000000000
  74  -0.143543320598936296396992719057   0.686038742973326483411205853542
  75   0.188680981621791944610374545273  -0.206527696038908185142085814838
  76  -0.652486369920589968978775226091  -0.507322244321901414948115022362
  77  -0.043652068009393795274934117297  -0.064872921052020719125619647051
  78  -0.169583756160616886509945886297  -0.402096099477719067834542013178
  79   0.759891540242897542208393841712  -0.539570981094082663579827749157
  80  -0.285750280976209756452600217582  -0.331268711984275334826308929284
  81   0.461392760136866862353024782485   0.762103953009827649303138745579
  82   0.071997661654289899888007352161   0.929186920532068445135108731964
  83   0.764922436227489727742083817341  -0.303893954081797123712660249828
  84   0.069259402360989000903601068083  -0.271717163851845146039571214285
  85   0.921035260351428275709329803975   0.142358862600580015147522430429
  86  -0.262964899859739240103766196247   0.620849275160389522513720454096
  87  -0.052738779006237390598293030747  -0.615679209788525520645951721611
  88  -0.393992406104782617903029158708   0.709114829451974369708881925262
  89   0.010132996862000000000000000000  -0.803376098056000000000000000000
  90  -0.153308483934566517689350156772   0.277988177054184401694050403522
  91  -0.902991964011000000000000000000  -0.225036300946000000000000000000
  92  -0.575682457236654892825649034980  -0.732913163343053278984362510610
  93   0.550200773849410849494814122748   0.125057562706283391456088866842
  94  -0.665697662597000000000000000000   0.017072182947000000000000000000
  95   0.311357615327804962081267168368  -0.005321372919590530338881932051
  96   0.546945719404200775730694976843  -0.010959292600097302449629616498
  97   0.755949727709973507546188143727   0.295169805652470753642094577955
  98  -0.929215078459676942934975746268   0.071633333963529221427776456030
  99  -0.040397013564183721510814971392   0.071143934254359974780098836289
 100  -0.275985117640579535160242779867   0.076781853934866746890846520736
 101  -0.147166422566978668384563204216   0.822046292171918218352310932965
 102   0.890493514206433655450550357624   0.274942353463103657038868954103
 103   0.182170872731371797082136253463  -0.478561406651669572953522781518
 104   0.521686691830047595255011498933  -0.615543092306240754126572507797
 105   0.532549876289665446898615266296  -0.426098679729955260233683363409
 106   0.390068846519297485827454305640  -0.650009352657976612579132248261
 107   0.088789729032249443488315943513   0.544383967986439017394739685755
 108  -0.156563538379776591453469302677   0.141971321747803707788331920182
 109   0.678911575153029998904411452149  -0.081696257379972778697035465631
 110   0.314612669773015035845386314273   0.130695482386790163566836551289
 111   0.195191090512212092138612837083   0.065506014573853202669351151842
 112   0.425958953521865348649229642611  -0.781246087325608499097703730766
 113  -0.518083330607395496337908880152  -0.189613936997387868809842761498
 114  -0.414969370548288942684399371210  -0.544534349913423789374035357973
 115  -0.279240172085789608924361925772  -0.059235001371513947014871962604
 116   0.195083097903695055728872731790  -0.911325727434407184589307821445
 117  -0.210170713558235170280980858955  -0.907964904461607673005115600265
 118  -0.878969122051163494345259050394   0.198071161260078216251934706021
 119  -0.150053429489356443925231010867   0.414005032360565095599768886862
 120  -0.269475008750159387632004488057   0.348815564547628134702283487416
 121  -0.163073647270196738981707594487  -0.130062388864957680023105046498
 122   0.421014031252977684495683207842  -0.348182471025795651158551982625
 123  -0.037141959118973647746695825487   0.207160789560740668685817319629
 124   0.325691069792034373654682875006  -0.873210927341884722905324455138
 125  -0.166328701715406812745826740392  -0.266079244171338373928823529838
 126  -0.064056895575440383394638025188   0.929768095118772728631055080494
 127   0.590975855211795421709460460583   0.720638283140884141129580582254
 128  -0.621535359855782881595673767422   0.561336326741971975103087192326
 129   0.840973391981336039935023995219   0.401666217836352537912880696977
 130  -0.272730063195369461396123633962   0.212798709241247440796565004076
 131   0.553905864124000000000000000000   0.261792968631000000000000000000
 132   0.437289303479028053316278937368   0.331901805506107818370040434075
 133   0.221324258638000000000000000000   0.629128079808000000000000000000
 134  -0.621229637642148071224086627817   0.425280871721578639821264255756
 135  -0.522002364467000000000000000000  -0.326730793215000000000000000000
 136  -0.401916805791802626395254548867  -0.260441324490831601818075845391
 137   0.062749293470568853375362776273  -0.543750874464606533851008180965
 138   0.060317475970944972868212290708  -0.930018171147235467744615846584
 139  -0.870128288530128932099255973233   0.333839419588494344663541438433
 140  -0.398661751346592552631135402962  -0.124424469184450907912357362051
 141  -0.340128582699016591093278709133  -0.867689197698526334328010626681
 142   0.665378679322849041092355958096  -0.396642111843490608537931974855
 143  -0.417724605935477594031931872375  -0.680562247731626387637974297728
 144  -0.172838810605826960274065032202  -0.538112954784099761740260496518
 145   0.773530276436511944132565082792   0.519829691348625738173805984282
 146   0.317867724218225109609505460178   0.266712337693170857472555034629
 147  -0.033886904673763573982576679582   0.343177644867121362591535802969
 148   0.308102560882594888317148022463  -0.141338228225971224244600415391
 149  -0.282495226530999682688481071677  -0.195251856677894640920590445944
 150   0.066004347915778927139481922178  -0.407734019158225839945289697625
 151   0.589824571869470228600989130871   0.534417211614090289077081310876
 152   0.689601528754725459894184730160   0.626914450392316001493415439497
 153   0.790562212587000000000000000000  -0.165911207766000000000000000000
 154   0.289800962789466510832907538035  -0.741974192674252836386752972633
 155  -0.295015625253818555328371010557  -0.739330320415239320901684835719
 156  -0.405171860237012700159373694772  -0.396458179797212295723794328731
 157  -0.006693869990000000000000000000   0.785153986102000000000000000000
 158  -0.502113780594979937888900290232   0.626525794554908936000572591773
 159   0.427524140143397832023921499653  -0.076148760413034263347115015945
 160  -0.075733644087189321589192458416  -0.928889881377135585796077134462
 161   0.079024565696619222195958505798   0.136333402067296935677584235735
 162   0.204956253847842313430970274798   0.473556580492995284386506601862
 163   0.201701199402632239666851128893   0.337539725186614590480788118522
 164   0.324377833108645257137743751988   0.538746048305932245283992001309
 165  -0.159818592824986665217588448582   0.005954466441423013882613436842
 166   0.424269085698187758259802353748  -0.212165615719414957252833499285
 167  -0.676258291293932129804083927416  -0.641285209581326088318168880466
 168  -0.266588001827781612091336681406   0.756856824358981257454825533519
 169   0.543690664958990701966575830938  -0.146976147906477996355348099838
 170   0.136040943850340320905863701034   0.809146767614658201804558024811
 171  -0.634249855422988366280563211437  -0.118786549503944135801609677604
 172   0.931947718607041552993190918901   0.006741391153506937741061098732
 173   0.092044783477459517252435089418   0.680400823292819711300458169095
 174   0.185425927176581870846255399368  -0.342544551345288879047804298178
 175  -0.760224998995879734190404851570   0.122282048698060629322492474913
 176   0.894377797328906166929292237646  -0.262031204662055719350716116112
 177  -0.511573221716975348809670588342   0.082419773615373519001594205182
 178   0.491198898326540190416264861294   0.628141044362658428713246453632
 179   0.235817900735595552199059300323   0.901644006392883914220892153433
