   1   0.349970494909883187596110392862   0.319655289207175087673220909374
   2   0.011054644365818649708132818300  -0.805600653134601903057563780283
   3   0.886464126490338991175752324960   0.294045563103512253952216034908
   4   0.238036536791068116973880216727  -0.408399817339890255901195207555
   5  -0.107661556846199875361190566514   0.184499720886127995423777538890
   6  -0.925806742037810323990194960368  -0.123139421520797571145232128018
   7   0.008133090187762500231173516435  -0.145207982165378878123405019356
   8   0.006453884168675645241716080640   0.251027948027479917095719347383
   9  -0.349675479177294020190584062812   0.738518551915646422754398951063
  10   0.580904838338526654992026778279  -0.340893938632887318830940762099
  11   0.123935441687010020832093864195  -0.474928168337902903877805580815
  12   0.355336866801454502955133606772  -0.738545032277754517863286498644
  13   0.923208123650700943417385835877  -0.141308885638849374901109642317
  14   0.396346762291327645242383042288   0.720166049946610458295622824075
  15  -0.563294417862129385507015843632  -0.612402036519936777472965027147
  16  -0.452678882248000000000000000000  -0.816913546540000000000000000000
  17   0.110891911644820131269255185298  -0.927353451854738468743545877902
  18   0.235427809183119692323195044412   0.516149599081097696770050900849
  19   0.340282098672783273822001804081  -0.869764068042585627634829133517
  20  -0.357327518368645677809911796299   0.601093630486316664090411172526
  21   0.016661414184824442276438332340   0.778926652051437284394935276640
  22  -0.567818946429295992779901656226   0.444265929773545298206086777292
  23   0.693311849990171599472460160064   0.121870279741359945963453620875
  24  -0.450345093376246762198080137482  -0.281677703470820370560220147692
  25  -0.809167024165092815283735923513   0.081266945914576879453245648397
  26  -0.921793076131596866627636330095   0.150262987894522438072472162589
  27   0.122806052699158127419881487733  -0.210770923420496857348130618878
  28  -0.815385994614654362563267639565  -0.050666392544690348998410110785
  29   0.930728966001000000000000000000  -0.008857030491000000000000000000
  30   0.125396197507601861634684293657  -0.608520351295415737455724239036
  31  -0.468180262173161112541389984961   0.808139013417502040511443351967
  32   0.005324921048994243912961263408   0.515185194765317345981140856293
  33   0.694441238958447033913362140562  -0.142286965176129798581735718934
  34   0.352137739145508390573112073828  -0.341871650284640986120245502435
  35  -0.104838889148923544701927084197  -0.475893475565811426097649886386
  36  -0.811832200958589311824371382326   0.223431883756400329923599168115
  37   0.007568608627921799566796107819  -0.013129358796460163680694264901
  38  -0.223530984615448014811502459386   0.777667598930822724579072671862
  39  -0.219504832961277346292638081871  -0.410342939644796132127971271700
  40   0.006195171576759418506888097888   0.647262157383629421422603352604
  41   0.627687992361005476676324719384  -0.596728496023868422819165183361
  42  -0.339209236569228996421033828360   0.870183046583454285726730875099
  43   0.238141890416542215289424994598   0.648201540200940628854309939528
  44   0.121676982348671007604991561895   0.053386507260187647748465936045
  45   0.472823631950000000000000000000  -0.804526905913000000000000000000
  46  -0.449780611816406061523428021587  -0.413756326839739085002886989797
  47  -0.333119157528551586671913701939  -0.608816087425603026868162073029
  48  -0.098004269729456531987170933376   0.844477108365106729056696325976
  49  -0.687229571675745309219632718334  -0.018713103982109715453420517587
  50  -0.466061522208162762097285352637   0.676073613144943392422953464597
  51  -0.452038538055768864191212363330   0.114558166635935772767912115673
  52   0.464727385427221810433389473611   0.385048726782105274566746034027
  53   0.814254912407212845216463600132   0.056197620381359641827863087749
  54   0.808542334062505130055148493095  -0.075758614178117150605125345673
  55   0.581541827204992218443340491363  -0.472972232215307893077131367071
  56   0.008697571747603200908016782158  -0.277286605534297592566062496859
  57   0.142730158028150465839982405146   0.739534353105755937415987428826
  58  -0.564446295730687035793933206197  -0.348205870526069640346964748936
  59   0.465109552531673229731441950430  -0.011186238311901971794106457506
  60  -0.807832884143717764068933590147  -0.182530079406062114781687642219
  61   0.822950899929317933331345035626  -0.441625697894344769863091178930
  62   0.350443868617392255467832684713   0.054364218001767472867654591829
  63  -0.685120996353156149787782975997   0.634736686422960691505939401808
  64  -0.107097075286359174696813157898   0.052421097517209280981066784435
  65  -0.562451747914372803468043355463   0.585774079487421296319578774482
  66  -0.108470512337521555756721167829   0.712812613697298866084364401940
  67  -0.152539707260084461745293467743  -0.921419056913926145598788934847
  68  -0.331962661980885378581011658889  -0.872973213670216671078174998142
  69   0.241495252300904980661373293934   0.902198140017625829614752014231
  70  -0.221198277640799448296045014999  -0.014107069538039988799882920685
  71   0.353339422496111671244876777162  -0.606028566325806432639030777312
  72  -0.453717744074855719180669799125   0.510794096828794567987036482411
  73  -0.565575258850368437126066811815  -0.084048623788232211455748343902
  74  -0.334812815159346484554751662704  -0.212580218229136059091697683139
  75  -0.335941778279027885883506479936   0.051577028508701369793723825771
  76  -0.450909574936087462862457546098  -0.149599080101901656117509393237
  77  -0.868868761851811574775410145609   0.342561695776456123116403575735
  78  -0.222877483659886303285502450794   0.382128860654818806419241446053
  79   0.877019647851200340330590816442  -0.321119881069512542902895710391
  80   0.237471842306930399753429226478  -0.276321194881145383628600537650
  81  -0.220633796080958747631667606383  -0.146185692906958703242593675140
  82  -0.223441965219727003949879859410   0.514207484023737520861952200509
  83   0.695642922309050314585126843896  -0.406443881217295245100520993810
  84  -0.452603019615609564855589771946   0.246636790004854487210622870128
  85  -0.678547382059174926019487332247  -0.414734236574838903643024252114
  86   0.795193956619043215038597510089   0.489844885746184504511429036449
  87  -0.334248333599505783890374254088  -0.344658841598054773534408437594
  88  -0.105403630606837072692937126637  -0.343814772589546862347810649204
  89  -0.000855166207362514900510439729   0.933959693683779438803889276669
  90  -0.453153262515015018516292390509   0.378715473459875853544325727956
  91   0.005889402608834944577338672024   0.383106571396398631538430101838
  92   0.211261996113347169036294701662  -0.841499345754675738905994543391
  93  -0.221762759200640148960422423615   0.117971553830878725642827833770
  94  -0.213064742007382991041952224933   0.909332093598630587551404595897
  95   0.351008350177232956132210093329  -0.077714405367151241575056162626
  96   0.579210754886113503330673807531   0.055341928743347297986843247615
  97  -0.108211799745605329021893185077   0.316578404341149361757480396718
  98   0.626728090764023130561248597054   0.692454576836938610826822148553
  99   0.580340143854388937771575788030  -0.208815316174142446558346092194
 100   0.123370747202872303611642873945  -0.342849545879158031605210910911
 101  -0.217783642902497641657927602567  -0.806578688348039315229070990143
 102   0.695005933442584751133813130812  -0.274365587634874670854330388838
 103  -0.711317451569000000000000000000  -0.282682409435000000000000000000
 104  -0.932807257547000000000000000000   0.013025279824000000000000000000
 105   0.234663460243865126879143391817   0.384071981139376998305829253448
 106   0.466238941499948664172343930929  -0.275343483229391716339295797315
 107  -0.222327240760480849624799832230   0.250050177199797440085538588225
 108  -0.218375437463139594810608491707  -0.674500184534367669256357473914
 109   0.693876544474309316692911150313  -0.010208342717384926309141049029
 110   0.663362115621880719509206122470   0.435046611178593663151499452082
 111   0.464545070971832529067064541814   0.120892385057016742648604296949
 112   0.467440624850551944844108634262  -0.539500399270557162858081072191
 113   0.584403112391504899391548598928   0.329166692405836844725120891429
 114   0.120133448780000000000000000000   0.449867163283000000000000000000
 115   0.515301288855000000000000000000   0.778898291137000000000000000000
 116  -0.021034233542753404114510593833  -0.933723193325736255015201743465
 117  -0.103646481179250524872307292305  -0.740112232866936562310817443847
 118   0.771932285308897430257226301959   0.359829594190464715708218331502
 119   0.809107028546642847275599483344  -0.207837236636862022877720015578
 120   0.383449886089804414148515416366   0.851614716637081931658603183432
 121  -0.218940138450163849748829645617  -0.542421562103425671019058065030
 122  -0.713601252725251555415228110591   0.373437087229363039900111325363
 123   0.463980589411991828402687133198   0.252971008425935457091315051404
 124  -0.808625843127662815529556255650  -0.391828443497235993502682009573
 125   0.236907147822792682532978236228  -0.144242572422400511356005867746
 126   0.238601231275205834194331206977  -0.540478439798635128173789877459
 127  -0.332554456541527331733692548029  -0.740894709856545025105461481912
 128   0.466080737402306609922129863416   0.517121622672562734483189736577
 129  -0.588730770646946108417024973170   0.725036220080482787609314091923
 130   0.235778184703111281204223418996   0.119914674315436917529415641164
 131  -0.681010601226183761940101002282   0.113220234477157512998235241594
 132   0.120555086523115918840947937741   0.317556115082729186876669052503
 133  -0.566139740410209137790444220431   0.048029999580686502986962410553
 134  -0.108776281305446029686270593693   0.448657027710068076200191151173
 135   0.122424514171000061256765515024   0.584526032937097670543239248776
 136  -0.104260500773547331914108996269  -0.607995578567634578904913416869
 137   0.007004127068081098902418699203   0.118949264572458550762016489555
 138   0.925156582332090818290848278707   0.127932556070558509372010122940
 139   0.503999286528788776131406130968   0.643641443343486227069061809513
 140  -0.694858601428529309937214486755  -0.624061667430334627327472120049
 141   0.113810517706918459363098825988   0.868409237370109994142128227334
 142  -0.888810873216788866212880602525  -0.286873966031688908687292595991
 143   0.465674247015810946951892940680  -0.143264860770646844066701127410
 144  -0.220069314521118046967290197767  -0.278264316275877417685304429595
 145   0.358428213164845479033106774735   0.593646229275686965709750751139
 146   0.349879387057551554803455276097   0.186442841370686187310365346285
 147  -0.449235085287127226142622904791  -0.679001961767681104124592949135
 148  -0.106532593726518474032435749282  -0.079657525851709433461643970020
 149   0.235213703143270580539846010380   0.251993297684355631972126395619
 150  -0.335377296719187185219129071320  -0.080501594860217344648986928684
 151   0.351573044661370673352661083579  -0.209793027825896113847650832531
 152   0.595413416316854822341288158569   0.548307617942683722121410711631
 153  -0.451474056495928163526834954714  -0.017520456732982941674798638782
 154  -0.563903787740238492054482288875  -0.480323318532853888008913801058
 155   0.010418717198793954780707461400  -0.673522354436071110400437626787
 156   0.466803635984086381392794921179  -0.407422105688136588611890467219
 157   0.240097323052671036215124404262  -0.674008771563081078202470575472
 158   0.009826960742778468990658923072  -0.541443850451672328431113120750
 159   0.807581470723962643863874513958   0.188108751703020057837212119495
 160   0.351025578422250660872788619689   0.452257211918019285553309007453
 161  -0.567300330707365952824046579732   0.312187118282477610268631432415
 162   0.009262266258640751770207932822  -0.409365227992927456158518450845
 163   0.469175656559878037622152161144  -0.671568832499045619506025621180
 164  -0.686288261625797915871084152363   0.502662014807834706839337340821
 165   0.590618148020468712602899028517  -0.723499581177496635243049846632
 166   0.692973282078521610139568778417   0.253949675417707897281839770849
 167  -0.337056502738274040208586507115   0.315734335332641450570137438054
 168  -0.563941978729319516390164766192  -0.744480278692458762084105749318
 169   0.121112500788830306940614153279   0.185465130629106362191176690500
 170  -0.566704221970049838454821629047   0.180108622949605217429673165008
 171  -0.679676461204808710725298668916  -0.150576790843481481236698049022
 172  -0.449215917305292564979619585333  -0.545834949298368623893973783127
 173   0.752423650474352355558190014439  -0.553299277915660189965825500797
 174   0.718142220552089176771130624654   0.597120751436136105879171050672
 175   0.352702433629646107793563064078  -0.473950272743385858392840172340
 176   0.122241463908511708269368970511  -0.078692116108731066694244818411
 177   0.236342666262951981868600827612  -0.012163949053481796913295113291
 178  -0.681575082786024462604478410898   0.245298857846076227440945996049
 179  -0.333683852039665083215722138192  -0.476737464966973487977075279699
 180  -0.337620984298114740872963915731   0.447812958701560165012848192509
 181   0.578757820433517535009783373740   0.187615901914713238023920056338
 182  -0.109340762865286730350648002309   0.580735651078986790642901905628
 183  -0.775943590942090391815366554200  -0.519800908436138875702173723130
 184  -0.811856827260685502446077562616   0.461703295164063990412883369316
 185   0.276060439543024381498701262151   0.774721360871864121440182012464
 186  -0.565010777290527736462746224897  -0.216127247157150925900307768671
 187  -0.336506259838868586547883888552   0.183655651877620084236434580226
 188   0.126032124674626556562109650558  -0.740598649993946530112850392533
 189  -0.105968112166677773368058340666  -0.211736149220628147904354724476
 190   0.579775449370251220551124797780  -0.076736693715397574285751422290
 191  -0.233092273275814877307912595374   0.645934295815728776140032849477
