   1  -0.491208480178303374234503208839   0.578752488541412764775498469083
   2  -0.718636974494071396196866038590   0.573566879816289001535827629360
   3  -0.749459701666011066239254516713   0.153241142401976480232218030057
   4  -0.602323170446809686036168242223   0.462149287217163157201033051275
   5   0.047989399907173233035058085584  -0.691930932250321063609623734259
   6  -0.361451158336562646855554662576   0.674176900412738916933005797605
   7   0.081844518396750231229943239058   0.793342091895727448865296460020
   8  -0.140064863619046439968670146336   0.433836350265273575496860763618
   9   0.145375751210878141619393257114  -0.421135600643249304277207409702
  10  -0.871976355714112661396495981840   0.291676707688017483670681547003
  11   0.386617497606336923976368450349   0.681836958259196505646092298474
  12   0.188314168330112659800221142945   0.158012432866473601055291634584
  13  -0.190188062315787730465524028701  -0.142264125834298839297763627895
  14  -0.287168394766391567039928709854  -0.403842332065932529993032278063
  15  -0.340274515597135581031746196669  -0.083810404875275488797931242858
  16   0.118354793545193482422604859453  -0.262350687004204696958592212643
  17  -0.439732337949221203816888152744   0.426132084486971603737345296227
  18  -0.464275805713424076802939275484  -0.186603697467864572174584695967
  19  -0.163167104650103071268735631039  -0.301049039473343446616378824954
  20   0.150272643831893660470771258779  -0.907103191069218302009823244527
  21   0.574108354099015208585010511663   0.505808536567331543035906193919
  22  -0.260147437100706907843140312193  -0.562627245704977137311647475122
  23  -0.202141615112000000000000000000  -0.896523745490000000000000000000
  24   0.011777650250388097611643056378   0.376696245882761865868255251300
  25   0.856323943681706974331450777560  -0.334854252189806716417433172144
  26   0.339336416112085814768202619421   0.102020811820018077113329890633
  27   0.767448872504614908283563303042   0.098756886527752551818486505299
  28  -0.412834028703306593693467946184  -0.504594152891974413722499683687
  29  -0.284483040549709074015691085729   0.362518953197283217718175808091
  30   0.601129311764699867781798909325   0.347023622928286935717290996860
  31  -0.807699330719432396437027995662   0.439363013791064238666021295097
  32   0.312315458446401155571414221759   0.260805725459062684431945087692
  33   0.235595249824363769008386973872   0.737828579305652029588054042424
  34   0.306258236386415489907152975605  -0.866962490179170545934771567588
  35   0.784752511729670723113403214398  -0.479146702029930441007047586034
  36   0.837127143676379514472035465463   0.380310678330772331651090068799
  37   0.532870921937445734042543752613   0.749310781509062866099710931555
  38   0.138607458070929221492701249176   0.476259372021928039673928240498
  39   0.199620887373460996749208390672  -0.746251029463880922316821723448
  40  -0.477764962383824357016252458943   0.785594493011864761267800375689
  41  -0.178699417810182825536996784748   0.901933802896026093514250389189
  42   0.440993538997218168074557282707   0.364324352181443958674471488807
  43   0.517379621559743628932972493559  -0.112755722865482054147247050376
  44   0.262616207490048428205175371534   0.579043665666607422269438845365
  45  -0.113151873711587068914883255797   0.275033101158806718101819349311
  46   0.651720202790223962203885056502  -0.569949707105584022764824972062
  47   0.544400579225428288129760891221  -0.271540636504526661465862247435
  48   0.366357373777770473964991017083  -0.056764101819026530205285306426
  49   0.641380911676032124704165572374  -0.009962430272892970770593597267
  50  -0.854284780432815930736316958303  -0.340022911953064435748032351168
  51  -0.590765627873000000000000000000  -0.287338715824000000000000000000
  52   0.482453865709000000000000000000  -0.584212922335000000000000000000
  53   0.205853267815869437942417361416   0.896126385540406831460807064887
  54  -0.538599574992766560142845888583  -0.605221228368921865215032074954
  55  -0.711914291954201500227633119042   0.309871673149024428261781726254
  56  -0.109125189318733752875158835716  -0.618618866751432661253609219072
  57  -0.217032981405900012808533723183   0.745494297480729274711690753132
  58   0.296397998992851296587374733591  -0.477127221689704828219169153652
  59  -0.010324265224482969590028136542  -0.919408220694029070785281915784
  60   0.037291920548139504832239666468   0.214004053912929124997253378534
  61   0.614359954010347465507377174713   0.148822483366151636548021599792
  62   0.289971291215245013106575806230   0.420315973227899482616433232757
  63   0.901617933301323487549561270439  -0.180286353009971680866962851033
  64   0.242356083661481978193797938268  -0.159557394411615613581938759534
  65  -0.511578617327081900946057490922  -0.764006142007966472533647272013
  66   0.794469830170299567480351700704  -0.060028027111292055500128691761
  67  -0.376687699217788301401698339140   0.091004817170894062182531027668
  68   0.490358663894058969736184095898   0.046029190773562553171368146683
  69   0.166129516748765009479048461618  -0.582451739043645395252772369532
  70   0.571421536891112521978717476649  -0.430325550143572416045164827966
  71  -0.526434998208577114678318256556   0.150321993414313441358985693193
  72  -0.009161961921422126725868492329  -0.360749152580640058706491709681
  73   0.918471120286588063251544779519   0.042765265481297027876524761348
  74  -0.639468330882739721238086337469   0.035577727077813381821725760881
  75  -0.251016503242733377439422878167   0.191749700190970649031489995166
  76   0.269377041327166637390586335929  -0.318342308050660220900553956593
  77  -0.136146146984418412071947233378  -0.459833953112388053934994022013
  78  -0.058854513038000000000000000000   0.714167282975000000000000000000
  79   0.317761004215052773193198766706  -0.636771836257205253959970358720
  80   0.424398353228007266351143351638  -0.757483296972494877577920202861
  81   0.017858995744262532470919905332  -0.519534066219684666025106906740
  82   0.091333835879508823225816461791  -0.103565773365160089639977015584
  83  -0.385813071037621934496679548522  -0.663379066531019021041114880746
  84   0.757918017675790521207853305775   0.520555804131109483418275425963
  85  -0.919105804522250352033860281979  -0.025740761948568235779476909689
  86  -0.333346785453161722969231519550   0.856911890079855119046485331216
  87  -0.550847028217727515618553186128   0.309528883162721996162879878419
  88  -0.400763802233522190716042795582   0.251066876434390028207944660691
  89  -0.726468765808258932133120865075  -0.438032336795905994802474173108
  90  -0.090224834918476104316233685314   0.115605588336493763249353881496
  91  -0.370408840601166149576338585981  -0.841555320544458218849193544138
  92  -0.165556839176817842390918667088   0.592873893426288113673537580276
  93  -0.015048908538594915458560824758   0.535514118605169324018510792138
  94  -0.314189352432076226236717107516  -0.245057418426887922674417081004
  95  -0.909495623236781933123934323210   0.135039912786270494697733857761
  96  -0.244643294311706183126960643582  -0.740928245067510767356661152870
  97   0.363223053173000000000000000000   0.843454661861000000000000000000
  98  -0.489721031891950907961466420054  -0.023739449165605997354728904644
  99  -0.565620532658451219339634286245  -0.446436314729877257896416877895
 100   0.655451166431003240263243090186   0.644826980791299725462384596365
 101  -0.699447808142574272936332467414  -0.596817250434950602121089370167
 102  -0.227241182922972974471978115756   0.030933861461224570739328689454
 103  -0.900511998340211013651053023782  -0.185731547071319391024557016538
 104  -0.739966153011193789782501583531  -0.226559118710612335025788564603
 105   0.579456353859898853614312250024  -0.713896631665661815926853458952
 106  -0.607522284225565084395201005206   0.690170081140538609110293047168
 107   0.734262491975164669156528930285   0.256368577400873073561445148948
 108  -0.018568420191665767708294602119   0.919278674017716824069459529042
 109  -0.613722322008239403732659498869  -0.126532741758195080731382357752
 110  -0.063203877252791445119445287652  -0.043179325302550844069261315563
 111   0.413972581331533508877768885045   0.523109265820488565993086685866
 112  -0.309975016107480476437939606481   0.521556496358297755894852624749
 113   0.695422827007401017749910555464  -0.327532257550983332668511374857
 114   0.420399289109139792358567812406  -0.374333929097115744842515700544
 115   0.215335125995797318997009540606  -0.000772480772571006263323562475
 116   0.111586500405244562295912851514   0.635044285660972646992543437557
 117  -0.036182919587106785922656889991  -0.201964238941595451387876512622
 118   0.673616805191000000000000000000  -0.167945870537000000000000000000
 119   0.064312878213824164029028064129   0.055219140273884517678638181475
 120  -0.763469620999028217009279416284  -0.067215565514775701554927692228
 121   0.161293210664428000603432745283   0.316797346505518208373906831643
 122   0.463337706228374310539395698236   0.204814104412607160489983343742
 123  -0.439854986368991252890256343846  -0.345809239252929806403884486628
 124  -0.087969100563081085368257722615  -0.778291033584267129035274723124
 125   0.892744903056000000000000000000   0.218223786573000000000000000000
 126   0.393378331443455133161779414744  -0.215549015458071137523900503485
