   1                    -0.002106755444                    -0.946361885373
   2                     0.107332311368                    -0.940257960053
   3                    -0.135340716505                    -0.934349185240
   4                    -0.240189793423                    -0.911519114271
   5                     0.304301929736                    -0.896105792897
   6                     0.197868564993                    -0.882722145823
   7                    -0.346388183810                    -0.880693183022
   8                    -0.059694480874                    -0.855858642230
   9                     0.047477489527                    -0.851237830632
  10                     0.422992886334                    -0.846570891666
  11                    -0.161393771168                    -0.821734787036
  12                    -0.267747858150                    -0.807735096975
  13                    -0.419076451048                    -0.801803393155
  14                     0.330578793538                    -0.792102381567
  15                    -0.525343682695                    -0.787158987472
  16                     0.223273183907                    -0.778502241403
  17                     0.116766166881                    -0.764945508147
  18                     0.488293998991                    -0.761465381707
  19                     0.010261452498                    -0.750628935761
  20                     0.592883409099                    -0.737627629445
  21                    -0.096092638008                    -0.736629272470
  22                    -0.202446727421                    -0.722629600883
  23                    -0.625275136159                    -0.710377547932
  24                    -0.308843361246                    -0.708647545967
  25                     0.395879906196                    -0.706996871609
  26                    -0.415191432165                    -0.694602228199
  27                     0.288574296534                    -0.693396731421
  28                    -0.522416146157                    -0.679927403182
  29                     0.181916872947                    -0.679523260386
  30                     0.075562782988                    -0.665523592945
  31                    -0.030791524835                    -0.651523758340
  32                     0.686019779292                    -0.651369631553
  33                    -0.137145614794                    -0.637524090902
  34                     0.578008394339                    -0.631392432474
  35                     0.470743835871                    -0.630168653010
  36                    -0.243499704755                    -0.623524423463
  37                    -0.666328113493                    -0.611272370512
  38                    -0.349853794715                    -0.609524756023
  39                     0.353875409190                    -0.608291221462
  40                    -0.456244409498                    -0.595497050778
  41                     0.247217985575                    -0.594417750402
  42                    -0.563469123491                    -0.580822225761
  43                     0.140863895616                    -0.580418082964
  44                     0.755660806759                    -0.569564314395
  45                     0.034509805654                    -0.566418415524
  46                    -0.761534253451                    -0.561845919559
  47                    -0.071844502168                    -0.552418580920
  48                     0.643382468115                    -0.546342955007
  49                    -0.178198592128                    -0.538418913481
  50                     0.525435939210                    -0.537886710183
  51                    -0.284552682088                    -0.524419246042
  52                     0.419176521851                    -0.523185711507
  53                    -0.390906772047                    -0.510419578602
  54                     0.312519098232                    -0.509312240444
  55                    -0.497297386832                    -0.496391873357
  56                     0.206165008242                    -0.495312572982
  57                    -0.606446534873                    -0.482529249179
  58                     0.099810918283                    -0.481312905543
  59                    -0.820225521582                    -0.472054393317
  60                     0.717321396140                    -0.468624115192
  61                    -0.006543171679                    -0.467313238103
  62                    -0.712633472297                    -0.466368714206
  63                     0.824514490705                    -0.464522454917
  64                    -0.112897479501                    -0.453313403499
  65                     0.591391758351                    -0.452512526905
  66                    -0.219251569461                    -0.439313736060
  67                     0.485037668845                    -0.438512856021
  68                    -0.325605659420                    -0.425314068620
  69                     0.377820210893                    -0.424206730488
  70                    -0.431959749381                    -0.411314401181
  71                     0.271466120899                    -0.410207063023
  72                    -0.540254545625                    -0.398097083831
  73                     0.165112030909                    -0.396207395561
  74                     0.058757940949                    -0.382207728122
  75                    -0.646319081714                    -0.382050360681
  76                    -0.771324740427                    -0.376577187965
  77                     0.764594062048                    -0.372330407208
  78                     0.871787156614                    -0.368228746933
  79                    -0.047596149012                    -0.368208060682
  80                     0.657411456397                    -0.367963235899
  81                    -0.876684084106                    -0.356413065390
  82                    -0.153950456834                    -0.354208226078
  83                     0.550338784228                    -0.353407348154
  84                    -0.260304546793                    -0.340208558639
  85                     0.443681357887                    -0.339533875002
  86                    -0.366658636754                    -0.326208891200
  87                     0.336767233559                    -0.325101553067
  88                    -0.473035826064                    -0.312218795507
  89                     0.230413143566                    -0.311101885602
  90                    -0.579389943774                    -0.298219139563
  91                     0.124059053576                    -0.297102218141
  92                    -0.700192585745                    -0.289288144758
  93                     0.017704963616                    -0.283102550701
  94                    -0.806541769872                    -0.275251258526
  95                    -0.088649126345                    -0.269102883261
  96                     0.616358482274                    -0.268858057148
  97                     0.907858666213                    -0.267203852304
  98                     0.748867871288                    -0.266217872304
  99                    -0.195003434166                    -0.255103048657
 100                     0.508983382362                    -0.254427987295
 101                    -0.912967091947                    -0.248230166210
 102                    -0.301357524127                    -0.241103381218
 103                     0.402628380554                    -0.240428697581
 104                    -0.407734713437                    -0.227113285526
 105                     0.295714256226                    -0.225996375646
 106                    -0.514088831147                    -0.213113629581
 107                     0.189360166232                    -0.211996708181
 108                    -0.620442921161                    -0.199113962164
 109                     0.083006076243                    -0.197997040720
 110                     0.828809914864                    -0.194688488073
 111                    -0.726831237268                    -0.185376810513
 112                    -0.023348013717                    -0.183997373281
 113                     0.680932779318                    -0.183199763325
 114                    -0.833220438080                    -0.171350191148
 115                    -0.129702103678                    -0.169997705840
 116                     0.574526097317                    -0.169508388286
 117                     0.932265554752                    -0.162745789277
 118                    -0.236056411499                    -0.155997871237
 119                     0.467929493181                    -0.155323187600
 120                    -0.342433600810                    -0.142007775544
 121                     0.361575403221                    -0.141323520161
 122                    -0.935904374821                    -0.140314852018
 123                    -0.448787718520                    -0.128008119600
 124                     0.254661278893                    -0.126891198225
 125                    -0.555141808533                    -0.114008452183
 126                     0.148307188899                    -0.112891530761
 127                    -0.661495898493                    -0.100008784743
 128                     0.041953098910                    -0.098891863299
 129                     0.746233891945                    -0.098094253343
 130                     0.853216803403                    -0.090230425045
 131                    -0.767884214600                    -0.086271633092
 132                    -0.064400991050                    -0.084892195860
 133                     0.639584695767                    -0.084217345057
 134                    -0.170755081012                    -0.070892528419
 135                     0.533230605807                    -0.070217677618
 136                    -0.277132488182                    -0.056902265563
 137                     0.426876515848                    -0.056218010179
 138                    -0.383486605893                    -0.042902609618
 139                     0.320522425888                    -0.042218342740
 140                    -0.903343218626                    -0.038104508868
 141                     0.945684821813                    -0.035853511647
 142                    -0.489840695907                    -0.028902942201
 143                     0.213608301559                    -0.027786020804
 144                    -0.596194785866                    -0.014903274762
 145                     0.107254211566                    -0.013786353340
 146                    -0.702548875826                    -0.000903607322
 147                     0.000900121578                     0.000213314122
 148                     0.704885808393                     0.000888164925
 149                    -0.808937191933                     0.012833544329
 150                    -0.105453968383                     0.014212981561
 151                     0.598531718434                     0.014887832364
 152                     0.852359024225                     0.017037684635
 153                    -0.211831152616                     0.028203079360
 154                     0.492177628474                     0.028887499803
 155                    -0.318185493265                     0.042202900362
 156                     0.385823538514                     0.042887167242
 157                    -0.424539583280                     0.056202567780
 158                     0.279469448554                     0.056886834681
 159                    -0.944396195958                     0.061000668553
 160                    -0.530893673239                     0.070202235220
 161                     0.172555324226                     0.071319156616
 162                     0.943496649258                     0.073616094323
 163                    -0.637247763199                     0.084201902660
 164                     0.066201234233                     0.085318824081
 165                     0.770186921020                     0.085993674907
 166                    -0.743601853158                     0.098201570099
 167                    -0.040152855756                     0.099318491542
 168                     0.663832831060                     0.099993342346
 169                    -0.849990169265                     0.111938721751
 170                    -0.146530039987                     0.113308589340
 171                     0.557478741101                     0.113993009785
 172                    -0.252884162779                     0.127308243181
 173                     0.451124651141                     0.127992677224
 174                    -0.359238470651                     0.141308077761
 175                     0.344770561181                     0.141992344663
 176                     0.861324546053                     0.142572084595
 177                    -0.465592560612                     0.155307745202
 178                     0.238416471221                     0.155992012102
 179                    -0.571946650572                     0.169307412641
 180                     0.131502346893                     0.170424334037
 181                    -0.678300740531                     0.183307080081
 182                     0.025148256900                     0.184424001502
 183                     0.729133943687                     0.185098852328
 184                    -0.927989622217                     0.185581565793
 185                    -0.784654830491                     0.197306747520
 186                    -0.081228927359                     0.198414099322
 187                     0.622779853727                     0.199098519767
 188                    -0.187583050151                     0.212413753162
 189                     0.516425763767                     0.213098187206
 190                    -0.293937140166                     0.226413420580
 191                     0.410071673808                     0.227097854645
 192                     0.916894552646                     0.234328051740
 193                    -0.400291447984                     0.240413255182
 194                     0.303717583848                     0.241097522083
 195                     0.811425804605                     0.253911879918
 196                    -0.506645537944                     0.254412922623
 197                     0.197363493888                     0.255097189522
 198                    -0.612999627904                     0.268412590063
 199                     0.090449369560                     0.269529511458
 200                    -0.862812272470                     0.270781895719
 201                    -0.719353717864                     0.282412257502
 202                    -0.015927702336                     0.283519655859
 203                     0.691382128825                     0.285507933661
 204                    -0.122281937523                     0.297519263142
 205                     0.581726876394                     0.298203697188
 206                    -0.228636027537                     0.311518930561
 207                     0.475372786434                     0.312203364627
 208                    -0.334990117498                     0.325518598001
 209                     0.369018696475                     0.326203032066
 210                     0.879801134738                     0.338361166663
 211                    -0.441344425314                     0.339518432604
 212                     0.262664606515                     0.340202699505
 213                    -0.547698515274                     0.353518100045
 214                     0.156310516555                     0.354202366943
 215                     0.773673989743                     0.354320961252
 216                    -0.654052605233                     0.367517767485
 217                     0.049373548365                     0.368625223034
 218                    -0.867618755365                     0.377945699598
 219                    -0.760406695193                     0.381517434924
 220                    -0.056980824894                     0.382624773122
 221                     0.647133490454                     0.383228152356
 222                    -0.163334914909                     0.396624440541
 223                     0.540796845305                     0.397359714124
 224                    -0.269689004870                     0.410624107982
 225                     0.434319809101                     0.411308542048
 226                    -0.376043094829                     0.424623775423
 227                     0.327965719141                     0.425308209486
 228                    -0.482397402645                     0.438623610025
 229                     0.221611629182                     0.439307876925
 230                     0.837622355395                     0.440447552209
 231                    -0.588751490023                     0.452623297084
 232                     0.731060356859                     0.452765165916
 233                     0.115234744648                     0.453298098949
 234                    -0.695105582566                     0.466622944906
 235                     0.008320287735                     0.467730283102
 236                    -0.815446560043                     0.478862444793
 237                    -0.098033802280                     0.481729950521
 238                     0.630146502230                     0.489146164850
 239                    -0.204387892241                     0.495729617962
 240                     0.499621072781                     0.496413936127
 241                    -0.310741982201                     0.509729285403
 242                     0.393266831768                     0.510413719468
 243                    -0.417096072160                     0.523728952845
 244                     0.286912741808                     0.524413386907
 245                    -0.523450126282                     0.537728892536
 246                     0.180536058383                     0.538403692292
 247                     0.074181434719                     0.552403138596
 248                     0.767510556260                     0.553654045893
 249                    -0.647789749900                     0.562895449385
 250                    -0.032732689651                     0.566835460502
 251                    -0.756405269801                     0.568429699035
 252                     0.569612532274                     0.577705871382
 253                    -0.139086779613                     0.580835127942
 254                    -0.245440869572                     0.594834795384
 255                     0.458568095448                     0.595519113547
 256                     0.673344550567                     0.605034455694
 257                    -0.351794959531                     0.608834462825
 258                     0.352213854434                     0.609518896889
 259                     0.245837171010                     0.623509202274
 260                    -0.461015418513                     0.625061194137
 261                    -0.568458417215                     0.635101562658
 262                     0.139482547301                     0.637508648612
 263                     0.033128457334                     0.651508315995
 264                    -0.073785666984                     0.665940637923
 265                    -0.670656411961                     0.667701455443
 266                     0.528559554941                     0.676811048803
 267                    -0.180139756943                     0.679940305364
 268                    -0.286493846902                     0.693939972806
 269                     0.417515118114                     0.694624290968
 270                     0.632291573234                     0.704139633114
 271                    -0.392847936862                     0.707939640247
 272                     0.311160271702                     0.708623823530
 273                     0.204783659928                     0.722614158595
 274                     0.098429569968                     0.736613826033
 275                    -0.589575860803                     0.740273976892
 276                    -0.007924519999                     0.750613493416
 277                    -0.484784931743                     0.763209633116
 278                    -0.113958169991                     0.767426484824
 279                    -0.221192734274                     0.779045482786
 280                     0.529937381328                     0.784073739119
 281                    -0.327546824233                     0.793045150228
 282                     0.424122566614                     0.801692142183
 283                     0.270084772538                     0.807719668588
 284                     0.163730682578                     0.821719336028
 285                    -0.419483819115                     0.848315143096
 286                    -0.045135445987                     0.851224278755
 287                     0.062036012130                     0.855856956654
 288                     0.350020818520                     0.879255755232
 289                    -0.195053866835                     0.883083662069
 290                    -0.301407956795                     0.897083329510
 291                     0.243856973279                     0.913759464271
 292                     0.138212847804                     0.934124563333
 293                    -0.104491223346                     0.940577929121
 294                     0.004438266324                     0.946353822995
