   1                    -0.023730380520                    -0.938345357218
   2                    -0.145935288158                    -0.927231379992
   3                     0.163914310025                    -0.924222505320
   4                    -0.267955673980                    -0.899348620688
   5                     0.380350264807                    -0.858131001907
   6                    -0.388952552900                    -0.854266382321
   7                     0.064179988817                    -0.852733869065
   8                     0.258265578495                    -0.845766160269
   9                    -0.050940833321                    -0.810251446217
  10                    -0.173623276712                    -0.807686680275
  11                     0.497289708120                    -0.796089245355
  12                    -0.487245567122                    -0.780808616934
  13                    -0.292719653445                    -0.778129735409
  14                     0.158531257286                    -0.774277524013
  15                     0.390393505858                    -0.735833441629
  16                     0.043410435148                    -0.731795101165
  17                    -0.596425769907                    -0.724797517492
  18                     0.265956962174                    -0.711843095964
  19                     0.612945356173                    -0.710879290346
  20                    -0.071710386989                    -0.689312678317
  21                    -0.194392830380                    -0.686747912375
  22                    -0.373804705669                    -0.686027757980
  23                     0.496024663741                    -0.673386516765
  24                    -0.493328633504                    -0.658250238012
  25                     0.156327067180                    -0.651588072605
  26                     0.699846763026                    -0.624223333699
  27                     0.365799157788                    -0.615614150401
  28                     0.041206245043                    -0.609105649758
  29                    -0.283762691281                    -0.602661124452
  30                    -0.602508836289                    -0.602239138570
  31                    -0.725064479388                    -0.596101200386
  32                     0.575432709360                    -0.579834807900
  33                     0.250678335649                    -0.573131727553
  34                    -0.073914577095                    -0.566623226910
  35                    -0.400981320938                    -0.566365769348
  36                     0.460311887222                    -0.537352385052
  37                     0.135557513512                    -0.530649304706
  38                    -0.189167132394                    -0.524499495889
  39                    -0.513608642660                    -0.517655951627
  40                     0.792482275560                    -0.503017875721
  41                     0.669783977829                    -0.501378462848
  42                     0.345029604119                    -0.494675382501
  43                     0.020436691374                    -0.488166881858
  44                    -0.304156221370                    -0.481658381214
  45                    -0.751433915549                    -0.476258750573
  46                    -0.628729464798                    -0.475173528779
  47                     0.554663155692                    -0.458896040000
  48                     0.229908781981                    -0.452192959654
  49                    -0.094684130764                    -0.445684459010
  50                    -0.419277043508                    -0.439175958367
  51                     0.439542333554                    -0.416413617152
  52                     0.114787959844                    -0.409710536806
  53                    -0.209804952901                    -0.403202036162
  54                    -0.848555460885                    -0.401258981425
  55                    -0.534397865646                    -0.396693535519
  56                     0.851329336569                    -0.395339728675
  57                     0.649014424161                    -0.380439694948
  58                     0.324260050451                    -0.373736614602
  59                    -0.000332862294                    -0.367228113958
  60                    -0.324925775039                    -0.360719613314
  61                    -0.649518848218                    -0.354211547426
  62                     0.533893602023                    -0.337957272100
  63                     0.209139228313                    -0.331254191754
  64                    -0.115453684432                    -0.324745691110
  65                     0.755244224344                    -0.319016657789
  66                    -0.440046597177                    -0.318237190467
  67                    -0.764639509920                    -0.311728689824
  68                     0.418772779885                    -0.295474849253
  69                     0.094018406175                    -0.288771768906
  70                    -0.230574506570                    -0.282263268263
  71                    -0.889335736027                    -0.282093270387
  72                    -0.555167419314                    -0.275754767619
  73                     0.869384498738                    -0.273966045119
  74                     0.628244870492                    -0.259500927049
  75                     0.303490496782                    -0.252797846702
  76                    -0.021102415963                    -0.246289346059
  77                    -0.345695328707                    -0.239780845415
  78                    -0.670288241452                    -0.233272344771
  79                     0.513124048355                    -0.217018504201
  80                     0.188369674645                    -0.210315423854
  81                    -0.136223238100                    -0.203806923211
  82                     0.734474670675                    -0.198077889890
  83                    -0.460816150845                    -0.197298422567
  84                    -0.785409063590                    -0.190789921924
  85                     0.398003226216                    -0.174536081353
  86                     0.073248852507                    -0.167833001007
  87                    -0.923844705757                    -0.164296336659
  88                     0.924177237879                    -0.164169343538
  89                    -0.251344060238                    -0.161324500363
  90                    -0.575936972982                    -0.154815999719
  91                     0.607967548198                    -0.138478655787
  92                     0.282720943114                    -0.131859078802
  93                    -0.041871969631                    -0.125350578159
  94                    -0.366464882376                    -0.118842077515
  95                    -0.691059197018                    -0.112331890926
  96                     0.815956292098                    -0.106326566679
  97                     0.492354494686                    -0.096079736301
  98                     0.167600120976                    -0.089376655955
  99                    -0.156992791769                    -0.082868155311
 100                    -0.835474735769                    -0.078758728010
 101                    -0.481585704513                    -0.076359654667
 102                     0.702318816667                    -0.060022310736
 103                     0.377233672548                    -0.053597313453
 104                     0.052479298838                    -0.046894233107
 105                     0.937695956263                    -0.042207037091
 106                    -0.272113613906                    -0.040385732463
 107                    -0.596706526651                    -0.033877231820
 108                     0.586707259316                    -0.017625190561
 109                    -0.938566055678                    -0.012202438299
 110                     0.261951389445                    -0.010920310903
 111                    -0.062641523299                    -0.004411810259
 112                    -0.387234436044                     0.002096690385
 113                    -0.711825179022                     0.008611070300
 114                     0.829475010481                     0.015635739769
 115                     0.471584941018                     0.024859031599
 116                     0.146830567308                     0.031562111945
 117                    -0.177762345437                     0.038070612589
 118                    -0.829380958053                     0.043799118797
 119                    -0.502355258182                     0.044579113232
 120                     0.681058527785                     0.060831154491
 121                     0.356464118879                     0.067341454446
 122                     0.031709745170                     0.074044534793
 123                    -0.292883167575                     0.080553035436
 124                     0.934305059129                     0.085222295403
 125                    -0.617473910553                     0.087067415353
 126                     0.565937705648                     0.103313577339
 127                     0.241181835777                     0.110018456997
 128                    -0.932060382406                     0.110989116231
 129                    -0.083411076968                     0.116526957641
 130                    -0.408003989713                     0.123035458284
 131                     0.782964284759                     0.129188865368
 132                    -0.739358919077                     0.137307879636
 133                     0.450815387349                     0.145797799498
 134                     0.126061013639                     0.152500879845
 135                    -0.198531899106                     0.159009380488
 136                    -0.523122642083                     0.165523760405
 137                     0.665408149686                     0.182752921370
 138                     0.335694565211                     0.188280222346
 139                     0.010940191502                     0.194983302693
 140                    -0.313652721243                     0.201491803336
 141                     0.915313720792                     0.206586065737
 142                    -0.638243464221                     0.208006183252
 143                    -0.862432256174                     0.212031107394
 144                     0.545168151979                     0.224252345239
 145                     0.220412282109                     0.230957224897
 146                    -0.104180630636                     0.237465725540
 147                    -0.428771373614                     0.243980105456
 148                     0.800754336826                     0.250601690012
 149                    -0.749442433357                     0.259894035431
 150                     0.430045833681                     0.266736567398
 151                     0.105291459971                     0.273439647744
 152                    -0.219301452774                     0.279948148388
 153                    -0.543892195752                     0.286462528304
 154                     0.639519420448                     0.302708690291
 155                     0.314925011543                     0.309218990246
 156                    -0.009829362167                     0.315922070592
 157                    -0.334420105145                     0.322436450509
 158                    -0.877272005509                     0.333839735086
 159                    -0.655091164888                     0.338350380483
 160                     0.524398598311                     0.345191113138
 161                     0.870252135628                     0.351733366071
 162                     0.199642728440                     0.351895992796
 163                    -0.124950184305                     0.358404493440
 164                     0.747434051906                     0.361120951486
 165                    -0.449540927282                     0.364918873356
 166                     0.409278586342                     0.387675731355
 167                    -0.767238497015                     0.388155358522
 168                     0.084521906302                     0.394378415644
 169                    -0.240068836676                     0.400892795561
 170                    -0.560739896419                     0.416806725536
 171                     0.294155457874                     0.430157758146
 172                     0.638833400606                     0.431555653290
 173                    -0.030598915836                     0.436860838492
 174                    -0.355537293677                     0.443795141398
 175                     0.816931850707                     0.462252627545
 176                    -0.672887228546                     0.466611703574
 177                     0.515137982543                     0.467550423926
 178                     0.178873174771                     0.472834760696
 179                    -0.145717568206                     0.479349140613
 180                     0.388506726377                     0.508614103158
 181                    -0.788666833827                     0.508979140626
 182                     0.063752352633                     0.515317183544
 183                    -0.488089199521                     0.515697757389
 184                    -0.260838390344                     0.521831563461
 185                     0.724257147699                     0.542682468791
 186                     0.273385904205                     0.551096526045
 187                     0.602084070853                     0.554141056607
 188                    -0.051366299737                     0.557805485665
 189                    -0.375711211610                     0.564980084583
 190                    -0.600236531649                     0.565502735427
 191                     0.483621339066                     0.586143261502
 192                     0.158103621102                     0.593773528596
 193                    -0.166487121875                     0.600287908513
 194                    -0.715530909315                     0.607511858474
 195                     0.367737172707                     0.629552871057
 196                     0.042984968732                     0.636261830717
 197                    -0.281359943141                     0.643436429635
 198                    -0.514871917849                     0.653652849730
 199                     0.673094037417                     0.654216750906
 200                     0.252616350536                     0.672035293945
 201                    -0.072135853406                     0.678744253565
 202                    -0.396480765279                     0.685918852483
 203                    -0.630166295516                     0.695661972777
 204                     0.462851785397                     0.707082029402
 205                     0.137583308881                     0.714754835941
 206                    -0.187008674672                     0.721892774687
 207                     0.581999374666                     0.736431849026
 208                     0.346967619038                     0.750491638957
 209                     0.022464656511                     0.757243138063
 210                    -0.302129496809                     0.764375197535
 211                    -0.527224709932                     0.776534946300
 212                     0.232180396843                     0.793867364442
 213                    -0.092496639454                     0.800155378399
 214                    -0.413881225301                     0.823797202329
 215                     0.442082231727                     0.828020797301
 216                     0.116819931697                     0.835694664404
 217                     0.327811452777                     0.876126552238
 218                    -0.184530038266                     0.881318260579
 219                    -0.307108446628                     0.886983394648
 220                     0.210723668608                     0.914686107832
 221                    -0.074520563826                     0.935682545492
 222                     0.048176551086                     0.937408214332
