   1                     0.011641666504                    -0.944154768264
   2                    -0.099783265411                    -0.938939324333
   3                     0.154090283218                    -0.931554431659
   4                    -0.209815616193                    -0.920619987854
   5                     0.262885365890                    -0.906890750736
   6                    -0.330903958090                    -0.884345139273
   7                     0.374662950741                    -0.866713002197
   8                     0.075232112837                    -0.852508865776
   9                    -0.432885277136                    -0.839150815810
  10                    -0.133950649824                    -0.832754079831
  11                    -0.243983000607                    -0.814434743352
  12                    -0.025834102315                    -0.805303606932
  13                     0.175484516804                    -0.803599032341
  14                     0.286884834879                    -0.797881914139
  15                     0.456153453823                    -0.790542048316
  16                    -0.528825223742                    -0.782245254105
  17                     0.562881085138                    -0.758108593032
  18                    -0.419878055348                    -0.728364590984
  19                    -0.308441773609                    -0.723397482349
  20                    -0.193739208263                    -0.714844193405
  21                    -0.082338890188                    -0.709127075204
  22                     0.363013259840                    -0.706930187978
  23                     0.029188649491                    -0.705544693344
  24                     0.140461745961                    -0.697692838801
  25                     0.251862064036                    -0.691975720599
  26                     0.648356648674                    -0.686438206218
  27                    -0.577329689145                    -0.681796097097
  28                     0.474662700186                    -0.680541484195
  29                    -0.684398954051                    -0.650508898117
  30                    -0.477185951597                    -0.632664150893
  31                    -0.365749661130                    -0.627697313407
  32                    -0.254390536900                    -0.621227247064
  33                    -0.142990218825                    -0.615510128862
  34                    -0.031589900750                    -0.609793010661
  35                     0.079810417325                    -0.604075892459
  36                     0.191210735400                    -0.598358774257
  37                     0.302611053474                    -0.592641656055
  38                     0.414011371549                    -0.586924537854
  39                     0.525411689624                    -0.581207419652
  40                     0.636812007699                    -0.575490301450
  41                     0.749078748194                    -0.574833422591
  42                    -0.762077238605                    -0.557490575541
  43                    -0.649859922101                    -0.544443957729
  44                    -0.538084525074                    -0.539205442931
  45                    -0.426442183612                    -0.533327418924
  46                    -0.315041865537                    -0.527610300722
  47                    -0.203641547462                    -0.521893182521
  48                    -0.092241229387                    -0.516176064319
  49                     0.019159088688                    -0.510458946117
  50                     0.130559406763                    -0.504741827915
  51                     0.241959724838                    -0.499024709714
  52                     0.353360042913                    -0.493307591512
  53                     0.464760360988                    -0.487590473310
  54                     0.811647060793                    -0.482471714389
  55                     0.576160679063                    -0.481873355108
  56                     0.687560997138                    -0.476156236907
  57                    -0.717067388637                    -0.455416586940
  58                    -0.828583248421                    -0.452784225953
  59                    -0.598493830324                    -0.445427590782
  60                    -0.487093512249                    -0.439710472582
  61                    -0.375693194173                    -0.433993354381
  62                    -0.264292876099                    -0.428276236179
  63                    -0.152892558024                    -0.422559117977
  64                    -0.041492239949                    -0.416841999775
  65                     0.069908078126                    -0.411124881574
  66                     0.181308396201                    -0.405407763372
  67                     0.292708714276                    -0.399690645170
  68                     0.404109032351                    -0.393973526969
  69                     0.515509350426                    -0.388256408767
  70                     0.754302203452                    -0.386778791836
  71                     0.626909668501                    -0.382539290565
  72                     0.865465513265                    -0.377535693921
  73                    -0.770545627042                    -0.357524838949
  74                    -0.659145158960                    -0.351810644432
  75                    -0.547744840885                    -0.346093526240
  76                    -0.436344522810                    -0.340376408039
  77                    -0.880759676128                    -0.340332407717
  78                    -0.324944204735                    -0.334659289837
  79                    -0.213543886660                    -0.328942171635
  80                    -0.102143568585                    -0.323225053434
  81                     0.009256749490                    -0.317507935232
  82                     0.120657067564                    -0.311790817030
  83                     0.232057385640                    -0.306073698829
  84                     0.343457703714                    -0.300356580627
  85                     0.454858021789                    -0.294639462425
  86                     0.566258339864                    -0.288922344223
  87                     0.677658657939                    -0.283205226022
  88                     0.789180180526                    -0.280824825308
  89                     0.903948863539                    -0.272837326887
  90                    -0.720133544083                    -0.258019370760
  91                    -0.608397428475                    -0.252475936706
  92                    -0.496995851447                    -0.246759461696
  93                    -0.385595533372                    -0.241042343496
  94                    -0.274195215297                    -0.235325225294
  95                    -0.162794897222                    -0.229608107092
  96                    -0.871113766068                    -0.229203326343
  97                    -0.051394579147                    -0.223890988890
  98                     0.060005738928                    -0.218173870689
  99                     0.171406057003                    -0.212456752487
 100                     0.282806375078                    -0.206739634285
 101                     0.394206693153                    -0.201022516083
 102                     0.505607011228                    -0.195305397882
 103                     0.617007329303                    -0.189588279680
 104                     0.728407647377                    -0.183871161478
 105                     0.839929169965                    -0.181490760765
 106                    -0.780466659851                    -0.164197030939
 107                    -0.669047572240                    -0.158858189905
 108                    -0.557647180085                    -0.153142515356
 109                    -0.446246862009                    -0.147425397153
 110                    -0.334846543934                    -0.141708278952
 111                    -0.934203713451                    -0.137212159121
 112                    -0.223446225859                    -0.135991160750
 113                    -0.112045907784                    -0.130274042549
 114                     0.935952540908                    -0.124726083893
 115                    -0.000645589709                    -0.124556924347
 116                     0.110754728366                    -0.118839806145
 117                     0.222155046441                    -0.113122687944
 118                     0.333555364516                    -0.107405569742
 119                     0.444955682591                    -0.101688451540
 120                     0.556356000666                    -0.095971333338
 121                     0.667756318741                    -0.090254215137
 122                     0.782106921182                    -0.086100489492
 123                    -0.841761927738                    -0.071000429915
 124                    -0.730403669761                    -0.064515471306
 125                    -0.618631320815                    -0.059354833680
 126                    -0.506898190647                    -0.053808450812
 127                    -0.395497872570                    -0.048091332610
 128                    -0.284097554495                    -0.042374214409
 129                    -0.172697236420                    -0.036657096207
 130                    -0.061296918345                    -0.030939978005
 131                    -0.943866173187                    -0.026084515487
 132                     0.050103399730                    -0.025222859804
 133                     0.161503717804                    -0.019505741602
 134                     0.272904035879                    -0.013788623400
 135                     0.944130320716                    -0.013479330119
 136                     0.384304353954                    -0.008071505198
 137                     0.495704672029                    -0.002354386997
 138                     0.607104990104                     0.003362731205
 139                     0.718505308179                     0.009079849407
 140                     0.829911382229                     0.014683684919
 141                    -0.678968382268                     0.034464968723
 142                    -0.804619613073                     0.035198777467
 143                    -0.567549519283                     0.039808495529
 144                    -0.456149201208                     0.045525613731
 145                    -0.344748883132                     0.051242731933
 146                    -0.233348565057                     0.056959850135
 147                    -0.121948246982                     0.062676968336
 148                    -0.010547928907                     0.068394086538
 149                     0.100852389168                     0.074111204740
 150                     0.212252707243                     0.079828322941
 151                    -0.940355980983                     0.085407165182
 152                     0.323653025318                     0.085545441143
 153                     0.435053343393                     0.091262559345
 154                     0.909710827701                     0.092624462500
 155                     0.546453661468                     0.096979677547
 156                     0.657853979543                     0.102696795748
 157                     0.779213718953                     0.115105856034
 158                    -0.739619710905                     0.128081915065
 159                    -0.628219392830                     0.133799033266
 160                    -0.516800529844                     0.139142560073
 161                    -0.405400211770                     0.144859678274
 162                    -0.849084465315                     0.149533811245
 163                    -0.293999893694                     0.150576796476
 164                    -0.182599575619                     0.156293914678
 165                    -0.071199257544                     0.162011032880
 166                     0.040201060531                     0.167728151082
 167                     0.151601378606                     0.173445269283
 168                     0.263001696681                     0.179162387485
 169                     0.374402014756                     0.184879505687
 170                     0.485802332831                     0.190596623888
 171                     0.597202650906                     0.196313742090
 172                     0.708602968981                     0.202030860292
 173                     0.922039253230                     0.203488010305
 174                    -0.688870721467                     0.227415979608
 175                    -0.577470403392                     0.233133097810
 176                     0.815099532707                     0.235215167158
 177                    -0.466051540406                     0.238476624616
 178                    -0.912957203215                     0.240983194298
 179                    -0.354651222331                     0.244193742818
 180                    -0.798335475877                     0.248867875788
 181                    -0.243250904256                     0.249910861019
 182                    -0.131850586181                     0.255627979221
 183                    -0.020450268105                     0.261345097423
 184                     0.090950049969                     0.267062215625
 185                     0.202350368044                     0.272779333827
 186                     0.313750686119                     0.278496452028
 187                     0.425151004194                     0.284213570230
 188                     0.536551322269                     0.289930688432
 189                     0.647951640344                     0.295647806634
 190                     0.888669734115                     0.319103899437
 191                    -0.638121732028                     0.326750044152
 192                     0.754448204070                     0.328832113500
 193                    -0.526721413953                     0.332467162353
 194                    -0.415302550968                     0.337810689160
 195                    -0.862208213777                     0.340317258842
 196                    -0.303902232893                     0.343527807361
 197                    -0.747586486438                     0.348201940331
 198                    -0.192501914818                     0.349244925563
 199                    -0.081101596742                     0.354962043765
 200                     0.030298721333                     0.360679161967
 201                     0.141699039408                     0.366396280168
 202                     0.253099357482                     0.372113398370
 203                     0.364499675558                     0.377830516572
 204                     0.475899993633                     0.383547634773
 205                     0.590582903524                     0.391338104800
 206                     0.844836264378                     0.421679476475
 207                    -0.475972424515                     0.431801226896
 208                    -0.605175536282                     0.433899062013
 209                    -0.364553561530                     0.437144753703
 210                     0.734567794373                     0.438593152207
 211                    -0.253153243455                     0.442861871904
 212                    -0.831430665538                     0.447534136394
 213                    -0.141752925380                     0.448578990106
 214                    -0.030352607304                     0.454296108308
 215                    -0.720232090375                     0.456342836036
 216                     0.081047710771                     0.460013226510
 217                     0.192448028846                     0.465730344712
 218                     0.303848346921                     0.471447462914
 219                     0.415248664996                     0.477164581115
 220                     0.526648983072                     0.482881699317
 221                     0.637657345768                     0.493829745683
 222                    -0.538819723478                     0.523958339052
 223                    -0.427585673730                     0.532307140435
 224                    -0.314074270687                     0.536616144081
 225                    -0.648883603940                     0.542087280702
 226                    -0.202404254016                     0.542195936448
 227                     0.772000522366                     0.543671728438
 228                    -0.091003935941                     0.547913054650
 229                     0.020396382134                     0.553630172852
 230                     0.131796700209                     0.559347291053
 231                    -0.759599237661                     0.560737774804
 232                     0.243197018284                     0.565064409255
 233                     0.354597336359                     0.570781527457
 234                     0.465997654434                     0.576498645658
 235                     0.596121244251                     0.597354953137
 236                    -0.578151539696                     0.628340926396
 237                    -0.374471773839                     0.630397047898
 238                     0.702498547015                     0.630919603656
 239                    -0.263056377168                     0.635812368044
 240                    -0.151655264578                     0.641530000991
 241                    -0.688215420158                     0.646469868046
 242                    -0.040254946503                     0.647247119193
 243                     0.071145371573                     0.652964237395
 244                     0.182545689648                     0.658681355597
 245                     0.294049921585                     0.664465714339
 246                     0.405324297294                     0.672258635377
 247                    -0.476770955402                     0.674867192482
 248                     0.516815157776                     0.675797677183
 249                     0.623192460540                     0.709362327701
 250                    -0.212307387730                     0.735146432588
 251                    -0.587076477133                     0.739530232534
 252                    -0.100906275140                     0.740864065535
 253                    -0.390158144102                     0.745158993046
 254                     0.010494042935                     0.746581183736
 255                     0.121793493186                     0.754825137948
 256                     0.233294820215                     0.758015348039
 257                     0.344569472615                     0.765808942352
 258                     0.521341434805                     0.787252731460
 259                    -0.495767412532                     0.803603401876
 260                    -0.297458024358                     0.807202559249
 261                    -0.168121213294                     0.837568589841
 262                     0.424863181018                     0.843240791382
 263                    -0.056720940226                     0.843286584964
 264                     0.054679377849                     0.849003703165
 265                    -0.397539388704                     0.856461434780
 266                     0.212683380707                     0.867641462031
 267                     0.322455511636                     0.887460533123
 268                    -0.253271849922                     0.909624716503
 269                     0.124521123527                     0.935979831317
 270                    -0.117373005795                     0.936903053868
 271                    -0.003491227974                     0.944217021425
