   1                    -0.062955982372                    -0.943433858176
   2                     0.143753145502                    -0.934540493305
   3                    -0.171051777261                    -0.929931282388
   4                     0.271105991944                    -0.905832457798
   5                     0.038931402758                    -0.904885431787
   6                    -0.276877097010                    -0.904085158389
   7                     0.375000301552                    -0.867989443660
   8                    -0.403341841798                    -0.855186690488
   9                    -0.105310306168                    -0.843068865865
  10                     0.188250904956                    -0.835107250227
  11                     0.490982316964                    -0.808063899019
  12                     0.002164934565                    -0.802341552192
  13                    -0.498164917772                    -0.801555791721
  14                    -0.309179533093                    -0.800048755872
  15                     0.290928274895                    -0.798715243849
  16                    -0.195998594129                    -0.782674792698
  17                     0.104613077746                    -0.765309155598
  18                     0.392957505087                    -0.760543832922
  19                    -0.084366659803                    -0.736165245241
  20                    -0.594725971409                    -0.735072730687
  21                    -0.392646243063                    -0.730046407680
  22                     0.207136681920                    -0.727820961009
  23                     0.552174754494                    -0.717938952335
  24                    -0.266868238554                    -0.699665615953
  25                     0.021312805105                    -0.695101729927
  26                    -0.494696644643                    -0.691931634127
  27                     0.309493848763                    -0.690537843900
  28                     0.654985990237                    -0.681926867826
  29                    -0.164511071710                    -0.662382498844
  30                    -0.675326845918                    -0.661788902635
  31                     0.123669971949                    -0.657818612818
  32                     0.412110373427                    -0.653304753146
  33                    -0.350334948524                    -0.629663267761
  34                    -0.062153904866                    -0.625099381735
  35                     0.226027138793                    -0.620535495709
  36                     0.514375936608                    -0.615771101266
  37                     0.729074101438                    -0.602064660216
  38                    -0.545503154822                    -0.595569198764
  39                    -0.247977781680                    -0.592380150652
  40                     0.040203261978                    -0.587816264626
  41                     0.328384305638                    -0.583252378600
  42                    -0.746963693043                    -0.579720744621
  43                     0.622867345245                    -0.577833577602
  44                    -0.435441232259                    -0.561635574362
  45                    -0.145620614836                    -0.555097033543
  46                     0.142560428822                    -0.550533147517
  47                    -0.643040398941                    -0.547056247553
  48                     0.430741472481                    -0.545969261491
  49                    -0.331444491651                    -0.522377802460
  50                    -0.043263447992                    -0.517813916435
  51                     0.793484764971                    -0.514210879143
  52                     0.244917595667                    -0.513250030408
  53                     0.538074029200                    -0.509444148741
  54                    -0.517743918221                    -0.490229532878
  55                    -0.808685632978                    -0.489957597638
  56                    -0.229087324807                    -0.485094685351
  57                     0.059093718852                    -0.480530799326
  58                     0.347274762511                    -0.475966913299
  59                     0.652631265177                    -0.473042691978
  60                    -0.704762338877                    -0.457293100569
  61                    -0.415386751377                    -0.452946415770
  62                    -0.126730157963                    -0.447811568243
  63                     0.161450885696                    -0.443247682217
  64                     0.449631929355                    -0.438683796191
  65                    -0.601958884973                    -0.421113897397
  66                    -0.312554034777                    -0.415092337160
  67                     0.751307763793                    -0.413771240566
  68                    -0.024372991119                    -0.410528451134
  69                     0.263808052540                    -0.405964565108
  70                     0.551989096199                    -0.401400679082
  71                     0.859859450008                    -0.392019375295
  72                    -0.498853461347                    -0.382944067578
  73                    -0.809447719490                    -0.381024408711
  74                    -0.210196867933                    -0.377809220051
  75                     0.077984175726                    -0.373245334025
  76                     0.366165219385                    -0.368681447999
  77                     0.654346263043                    -0.364117561973
  78                    -0.684677338162                    -0.350224836495
  79                    -0.396496294503                    -0.345660950469
  80                    -0.107839701089                    -0.340526102942
  81                     0.180341342570                    -0.335962216916
  82                     0.468522386228                    -0.331398330890
  83                    -0.582320171318                    -0.312941719386
  84                    -0.892914429460                    -0.311022060519
  85                    -0.293663577904                    -0.307806871859
  86                     0.770198220667                    -0.306485775266
  87                    -0.005482534245                    -0.303242985833
  88                     0.282698509414                    -0.298679099807
  89                     0.570879553072                    -0.294115213781
  90                     0.899987462255                    -0.289896632633
  91                    -0.768144048132                    -0.280222488303
  92                    -0.479963004474                    -0.275658602277
  93                    -0.191306411060                    -0.270523754750
  94                     0.096874632599                    -0.265959868724
  95                     0.385055676258                    -0.261395982698
  96                     0.673236719917                    -0.256832096672
  97                    -0.665786881288                    -0.242939371194
  98                    -0.377605837630                    -0.238375485168
  99                    -0.088949244216                    -0.233240637641
 100                     0.199231799443                    -0.228676751615
 101                     0.487412843102                    -0.224112865589
 102                     0.823827607965                    -0.211665370058
 103                    -0.851610758103                    -0.210220140111
 104                    -0.563429714444                    -0.205656254085
 105                    -0.274773121030                    -0.200521406558
 106                     0.013407922629                    -0.195957520532
 107                     0.301588966287                    -0.191393634506
 108                     0.589770009946                    -0.186829748480
 109                     0.928169888778                    -0.180365068776
 110                    -0.749253591259                    -0.172937023002
 111                    -0.461072547600                    -0.168373136976
 112                    -0.172415954186                    -0.163238289449
 113                     0.115765089473                    -0.158674403423
 114                     0.403946133131                    -0.154110517397
 115                     0.699194436972                    -0.150653551341
 116                    -0.935077468073                    -0.140217791919
 117                    -0.646896424415                    -0.135653905893
 118                    -0.358715380756                    -0.131090019868
 119                    -0.070058787342                    -0.125955172340
 120                     0.218122256317                    -0.121391286315
 121                     0.506303299975                    -0.116827400288
 122                     0.800755356673                    -0.105200861203
 123                    -0.832720301229                    -0.102934674810
 124                    -0.544539257571                    -0.098370788784
 125                    -0.255882664157                    -0.093235941257
 126                     0.032298379502                    -0.088672055232
 127                     0.320479423161                    -0.084108169206
 128                     0.609391829933                    -0.079675632339
 129                     0.942755367994                    -0.072410058602
 130                    -0.730363134385                    -0.065651557701
 131                    -0.442182090727                    -0.061087671676
 132                    -0.153525497313                    -0.055952824148
 133                     0.134655546346                    -0.051388938123
 134                     0.422836590005                    -0.046825052097
 135                     0.711748996777                    -0.042392515230
 136                    -0.944999369229                    -0.031734722719
 137                    -0.628005967541                    -0.028368440593
 138                    -0.339824923883                    -0.023804554567
 139                    -0.051168330468                    -0.018669707040
 140                     0.237012713190                    -0.014105821014
 141                     0.525925119963                    -0.009673284147
 142                     0.844241186207                    -0.005320917994
 143                    -0.842642202385                     0.005548394390
 144                    -0.525648800697                     0.008914676516
 145                    -0.236992207283                     0.014049524043
 146                     0.051188836376                     0.018613410069
 147                     0.339369880034                     0.023177296095
 148                     0.628282286807                     0.027609832962
 149                     0.944827077046                     0.036506094687
 150                    -0.711472677512                     0.041633907599
 151                    -0.423291633853                     0.046197793625
 152                    -0.134635040439                     0.051332641152
 153                     0.153546003220                     0.055896527178
 154                     0.442458409992                     0.060329064045
 155                     0.731343899982                     0.064771030105
 156                    -0.926108912355                     0.075550742582
 157                    -0.609115510668                     0.078917024708
 158                    -0.320934467009                     0.083480910734
 159                    -0.032277873595                     0.088615758261
 160                     0.255903170064                     0.093179644287
 161                     0.544815576836                     0.097612181154
 162                     0.833771626030                     0.103110667512
 163                    -0.799627388289                     0.105632090335
 164                    -0.506758343824                     0.116200141817
 165                    -0.218101750410                     0.121334989344
 166                     0.070079293249                     0.125898875370
 167                     0.358991700022                     0.130331412237
 168                     0.647172743680                     0.134895298263
 169                     0.934357516868                     0.144937680194
 170                    -0.700142473217                     0.150114131008
 171                    -0.404401176980                     0.153483258926
 172                    -0.115744583566                     0.158618106453
 173                     0.172436460093                     0.163181992479
 174                     0.461348866866                     0.167614529345
 175                     0.749529910524                     0.172178415371
 176                    -0.927360906307                     0.184479402432
 177                    -0.590225053794                     0.186202490009
 178                    -0.302044010136                     0.190766376035
 179                    -0.013387416721                     0.195901223562
 180                     0.275524990051                     0.200333760429
 181                     0.563706033709                     0.204897646454
 182                    -0.822021919213                     0.212241214759
 183                    -0.487867886950                     0.223485607118
 184                    -0.199211293536                     0.228620454645
 185                     0.864879641412                     0.228841465851
 186                     0.088969750123                     0.233184340671
 187                     0.377882156895                     0.237616877537
 188                     0.666063200554                     0.242180763563
 189                    -0.673691763765                     0.256204838201
 190                    -0.385510720106                     0.260768724226
 191                    -0.096854126692                     0.265903571754
 192                     0.192058280080                     0.270336108620
 193                     0.480239323739                     0.274899994646
 194                     0.768420367397                     0.279463880672
 195                    -0.571334596921                     0.293487955310
 196                    -0.897756088660                     0.294476524781
 197                    -0.283153553262                     0.298051841335
 198                     0.005503040152                     0.303186688863
 199                     0.294415446924                     0.307619225729
 200                    -0.769653646786                     0.307763905616
 201                     0.582596490583                     0.312183111755
 202                    -0.468977430077                     0.330771072418
 203                    -0.180320836663                     0.335905919946
 204                     0.883770098285                     0.336126931152
 205                     0.108591570110                     0.340338456812
 206                     0.396772613769                     0.344902342838
 207                     0.684953657427                     0.349466228864
 208                    -0.654801306891                     0.363490303501
 209                    -0.366620263233                     0.368054189527
 210                    -0.077963669818                     0.373189037054
 211                     0.210948736954                     0.377621573921
 212                     0.499129780613                     0.382185459947
 213                     0.787310824271                     0.386749345973
 214                    -0.858426017274                     0.396220442054
 215                    -0.552444140047                     0.400773420610
 216                    -0.264263096389                     0.405337306636
 217                     0.025124860139                     0.410340805004
 218                     0.313305903798                     0.414904691030
 219                    -0.750763189912                     0.415049370917
 220                     0.601486947456                     0.419468577056
 221                    -0.450086973203                     0.438056537719
 222                    -0.161430379789                     0.443191385246
 223                     0.127482026984                     0.447623922113
 224                     0.415663070642                     0.452187808139
 225                     0.703844114301                     0.456751694165
 226                    -0.649090399573                     0.472797447330
 227                    -0.347729806359                     0.475339654828
 228                    -0.058341849831                     0.480343153196
 229                     0.229839193827                     0.484907039222
 230                     0.518020237486                     0.489470925248
 231                     0.806201281144                     0.494034811273
 232                    -0.538477203645                     0.508810197280
 233                    -0.245372639515                     0.512622771937
 234                    -0.792548654732                     0.515652528697
 235                     0.044015317013                     0.517626270305
 236                     0.332196360672                     0.522190156331
 237                    -0.431196516330                     0.545342003020
 238                     0.641669702024                     0.546202031692
 239                    -0.141808559802                     0.550345501388
 240                     0.146372483857                     0.554909387414
 241                     0.439376141242                     0.565381886904
 242                    -0.621815855369                     0.578964951607
 243                    -0.328839349486                     0.582625120128
 244                     0.744026868868                     0.583485148801
 245                    -0.039451392958                     0.587628618497
 246                     0.248729650701                     0.592192504523
 247                     0.544362084024                     0.595173941036
 248                    -0.727978385665                     0.603389070561
 249                    -0.514827563087                     0.615147937180
 250                    -0.225750819528                     0.619776888078
 251                     0.062905773886                     0.624911735606
 252                     0.351086817545                     0.629475621631
 253                    -0.412340011294                     0.652649459723
 254                     0.660560158898                     0.653487496993
 255                    -0.122918102928                     0.657630966688
 256                     0.165262940730                     0.662194852714
 257                    -0.653745213038                     0.683116459251
 258                    -0.309217529498                     0.689779236270
 259                     0.492943610691                     0.691211230803
 260                    -0.020560936084                     0.694914083797
 261                     0.267620107574                     0.699477969823
 262                    -0.550564284576                     0.718055211767
 263                    -0.206860362654                     0.727062353379
 264                     0.391407203503                     0.730674865215
 265                     0.085083115416                     0.735939113768
 266                     0.591460334226                     0.737702903279
 267                    -0.392664214806                     0.759805453765
 268                    -0.103956030583                     0.765029886502
 269                     0.187546934695                     0.773502380887
 270                    -0.291162201805                     0.799357467396
 271                     0.307940493532                     0.800677213407
 272                    -0.001418315678                     0.802154843351
 273                     0.497837276127                     0.803614468576
 274                    -0.490044305555                     0.808633092980
 275                    -0.188000591081                     0.834353217117
 276                     0.103777492502                     0.843258919447
 277                     0.402073784544                     0.855660742159
 278                    -0.376166256881                     0.867484782375
 279                    -0.040239364686                     0.903938666131
 280                     0.275233076531                     0.904587007452
 281                    -0.269888604726                     0.906195917839
 282                     0.169360945224                     0.930240705786
 283                    -0.144837493550                     0.934373052336
 284                     0.061240782227                     0.943546748742
