   1                     0.023800315385                    -0.941768441469
   2                     0.139225871241                    -0.931724427680
   3                    -0.186672271978                    -0.923389254450
   4                     0.252545543146                    -0.907587461899
   5                    -0.077296004652                    -0.885169190299
   6                    -0.363753378726                    -0.869009627003
   7                     0.374153194289                    -0.864339086981
   8                    -0.254778886031                    -0.829658628292
   9                     0.050103764415                    -0.828931968080
  10                     0.165529320272                    -0.818887954291
  11                    -0.467676513292                    -0.817785382160
  12                     0.483808388365                    -0.808346272154
  13                     0.278848992177                    -0.794750988510
  14                    -0.145402618705                    -0.791438564141
  15                    -0.343254075835                    -0.754851663731
  16                    -0.564525729375                    -0.754191589208
  17                    -0.036480129556                    -0.751943849110
  18                     0.384877925036                    -0.748041176323
  19                     0.579376916168                    -0.742843618381
  20                     0.077225184817                    -0.716204318837
  21                    -0.232603692640                    -0.715150204201
  22                     0.192659792394                    -0.706056469125
  23                    -0.447233340531                    -0.703741452706
  24                     0.480446452839                    -0.682538522550
  25                    -0.652836118132                    -0.679190146587
  26                    -0.123667247152                    -0.675534665197
  27                     0.303773707333                    -0.665300333757
  28                    -0.321648532521                    -0.641022222654
  29                    -0.543867859819                    -0.639821887315
  30                    -0.009573663517                    -0.639249646761
  31                     0.622695856487                    -0.635384739886
  32                    -0.212520454148                    -0.601042339925
  33                     0.399342235136                    -0.599797679984
  34                     0.099145471570                    -0.599198544109
  35                     0.731006607279                    -0.594242031897
  36                    -0.731271926167                    -0.593915501025
  37                     0.214728867443                    -0.591172352220
  38                    -0.425627797217                    -0.589912011629
  39                     0.509989083991                    -0.564712464532
  40                    -0.096386576445                    -0.562519865667
  41                    -0.622303667855                    -0.554547241754
  42                    -0.301565294031                    -0.526914358378
  43                     0.310297395247                    -0.525669698447
  44                     0.012332558642                    -0.522468763015
  45                     0.616799074949                    -0.519673162569
  46                    -0.513584532767                    -0.514496139101
  47                    -0.798646759688                    -0.499657488285
  48                    -0.185431416343                    -0.488391884140
  49                     0.419016530334                    -0.485618595795
  50                     0.121684526431                    -0.484179230524
  51                     0.725109825741                    -0.478530454580
  52                    -0.404865397680                    -0.474445036449
  53                    -0.689678501375                    -0.460289229013
  54                    -0.076712281248                    -0.448340781478
  55                     0.527735665421                    -0.445567493143
  56                     0.229770828816                    -0.442366557710
  57                     0.833818922792                    -0.438452114094
  58                    -0.580959366288                    -0.420238126360
  59                    -0.274476256225                    -0.414263902593
  60                     0.032006853839                    -0.408289678826
  61                     0.636046416213                    -0.404424785154
  62                     0.338489963904                    -0.402315455058
  63                    -0.778972464491                    -0.385478404096
  64                    -0.472240231201                    -0.380187023708
  65                    -0.165757121138                    -0.374212799941
  66                     0.140725988926                    -0.368238576173
  67                     0.744755513264                    -0.364346444668
  68                     0.447209098991                    -0.362264352405
  69                    -0.670004206179                    -0.346110144823
  70                    -0.363521096114                    -0.340135921056
  71                    -0.057037986051                    -0.334161697289
  72                     0.881334505737                    -0.332781822454
  73                    -0.881681523302                    -0.331861332225
  74                     0.249445124014                    -0.328187473521
  75                     0.560033982771                    -0.316983083889
  76                    -0.561285071092                    -0.306059042171
  77                    -0.254801961027                    -0.300084818404
  78                     0.051681149037                    -0.294110594636
  79                     0.358164259101                    -0.288136370869
  80                     0.668860473281                    -0.276802832316
  81                    -0.759298169294                    -0.271299319906
  82                    -0.452565936005                    -0.266007939519
  83                    -0.146082825940                    -0.260033715751
  84                     0.792271096209                    -0.258676153028
  85                     0.160400284124                    -0.254059491984
  86                     0.466883394189                    -0.248085268216
  87                    -0.650329910982                    -0.231931060634
  88                    -0.343846800917                    -0.225956836867
  89                     0.915519317791                    -0.222077984298
  90                    -0.037363690853                    -0.219982613099
  91                    -0.862007228105                    -0.217682248036
  92                     0.269119419211                    -0.214008389332
  93                     0.579708277967                    -0.202803999700
  94                    -0.541610775894                    -0.191879957982
  95                    -0.235127665830                    -0.185905734214
  96                     0.071355444234                    -0.179931510447
  97                     0.377838554298                    -0.173957286679
  98                     0.712615660569                    -0.169520845276
  99                    -0.749043895267                    -0.155774441715
 100                    -0.432891640807                    -0.151828855330
 101                     0.826455908263                    -0.147972314872
 102                    -0.126408530743                    -0.145854631562
 103                     0.180074579321                    -0.139880407794
 104                     0.486557689386                    -0.133906184027
 105                    -0.933532777252                    -0.126533814275
 106                    -0.630655615785                    -0.117751976445
 107                    -0.324172505720                    -0.111777752677
 108                     0.935748603606                    -0.106985474180
 109                    -0.017689395656                    -0.105803528910
 110                     0.288793714409                    -0.099829305142
 111                     0.622837884398                    -0.095268990485
 112                    -0.521936480697                    -0.077700873793
 113                    -0.215453370633                    -0.071726650025
 114                    -0.832604666300                    -0.069635153680
 115                     0.091029739432                    -0.065752426258
 116                     0.397512849496                    -0.059778202490
 117                     0.731557019486                    -0.055217887833
 118                    -0.719700455675                    -0.043623994908
 119                    -0.413217345610                    -0.037649771141
 120                     0.845397267181                    -0.033669357429
 121                    -0.106734235546                    -0.031675547373
 122                     0.199748874519                    -0.025701323605
 123                     0.506231984583                    -0.019727099837
 124                    -0.942005117937                    -0.010982264736
 125                    -0.610981320587                    -0.003572892256
 126                    -0.304498210523                     0.002401331512
 127                     0.001984899541                     0.008375555279
 128                     0.308468009606                     0.014349779047
 129                     0.614951119671                     0.020324002814
 130                     0.941560353513                     0.030957277829
 131                    -0.502262185500                     0.036478210396
 132                    -0.195779075436                     0.042452434164
 133                    -0.841077006986                     0.045916395859
 134                     0.110704034629                     0.048426657932
 135                     0.417187144693                     0.054400881699
 136                     0.723670254758                     0.060375105466
 137                    -0.706032934077                     0.071449132238
 138                    -0.393543050413                     0.076529313049
 139                     0.837510502452                     0.081923635870
 140                    -0.087059940348                     0.082503536816
 141                     0.219423169716                     0.088477760584
 142                     0.525906279781                     0.094451984352
 143                    -0.591307025390                     0.110606191933
 144                    -0.934417492364                     0.115161926838
 145                    -0.284823915326                     0.116580415701
 146                     0.021659194739                     0.122554639469
 147                     0.328142304803                     0.128528863236
 148                     0.634625414868                     0.134503087004
 149                    -0.791010097841                     0.150402020548
 150                    -0.482587890303                     0.150657294586
 151                     0.929711692638                     0.152086886124
 152                    -0.176104780239                     0.156631518353
 153                     0.130378329826                     0.162605742121
 154                     0.436861439891                     0.168579965889
 155                     0.761928803861                     0.169737917145
 156                    -0.680351865280                     0.184734173470
 157                    -0.373868755216                     0.190708397238
 158                    -0.067385645151                     0.196682621005
 159                     0.239097464913                     0.202656844773
 160                     0.545580574978                     0.208631068541
 161                    -0.571632730193                     0.224785276122
 162                    -0.913637737808                     0.229180971041
 163                    -0.265149620129                     0.230759499890
 164                     0.041333489936                     0.236733723658
 165                     0.347816600001                     0.242707947425
 166                     0.672883963972                     0.243865898682
 167                    -0.462913595106                     0.264836378775
 168                     0.904011211769                     0.265062221666
 169                    -0.803069916666                     0.265634402835
 170                    -0.156430485041                     0.270810602542
 171                     0.150052625023                     0.276784826310
 172                     0.789436971804                     0.282286759228
 173                     0.456535735088                     0.282759050078
 174                    -0.660677570083                     0.298913257659
 175                    -0.354194460019                     0.304887481427
 176                    -0.047711349954                     0.310861705195
 177                     0.258771760110                     0.316835928962
 178                     0.583839124082                     0.317993880219
 179                    -0.551958434996                     0.338964360311
 180                    -0.245475324931                     0.344938584079
 181                     0.061007785133                     0.350912807847
 182                     0.700392131914                     0.356414740765
 183                     0.367490895198                     0.356887031615
 184                    -0.870687649520                     0.359718319429
 185                    -0.752328299647                     0.369794037340
 186                     0.864636959740                     0.374028314718
 187                    -0.443239299909                     0.379015462964
 188                    -0.136756189844                     0.384989686731
 189                     0.169726920220                     0.390963910499
 190                     0.476210030286                     0.396938134267
 191                    -0.642263171742                     0.413315414801
 192                    -0.334520164822                     0.419066565616
 193                    -0.028037054757                     0.425040789384
 194                     0.278446055308                     0.431015013151
 195                     0.586039824895                     0.433834710990
 196                    -0.532284139799                     0.453143444501
 197                    -0.225801029734                     0.459117668268
 198                    -0.819946032501                     0.463877953933
 199                     0.080682080330                     0.465091892036
 200                     0.387165190396                     0.471066115804
 201                     0.696436305322                     0.472208922803
 202                     0.812184498314                     0.477336980609
 203                    -0.423565004712                     0.493194547153
 204                    -0.117081894647                     0.499168770920
 205                     0.189401215418                     0.505142994688
 206                     0.498132105272                     0.511818866798
 207                    -0.621328979689                     0.527271426038
 208                    -0.314845869624                     0.533245649805
 209                    -0.008362759560                     0.539219873573
 210                    -0.736013177258                     0.543747954363
 211                     0.298120350505                     0.545194097340
 212                     0.608390061851                     0.547520277646
 213                    -0.512609844602                     0.567322528690
 214                    -0.206126734537                     0.573296752457
 215                     0.100356375528                     0.579270976225
 216                     0.740539155027                     0.581300185244
 217                     0.406839485593                     0.585245199993
 218                    -0.403890709514                     0.607373631342
 219                    -0.097407599450                     0.613347855110
 220                     0.209075510615                     0.619322078877
 221                     0.548052940990                     0.646431212350
 222                    -0.295171574427                     0.647424733994
 223                    -0.684331721374                     0.647444474437
 224                     0.317794645702                     0.659373181529
 225                     0.662823263531                     0.668971233559
 226                     0.028011746251                     0.669770676625
 227                    -0.492935549404                     0.681501612879
 228                    -0.186452439340                     0.687475836647
 229                     0.443009276485                     0.695316483190
 230                     0.136730881338                     0.709821779278
 231                    -0.384216414317                     0.721552715531
 232                    -0.599680035115                     0.726552205862
 233                    -0.072955458208                     0.726599936532
 234                     0.553728991383                     0.762153827295
 235                     0.238159292297                     0.765823731102
 236                     0.353964436594                     0.769444464726
 237                     0.030291428495                     0.785609980001
 238                    -0.295299765065                     0.795834413436
 239                    -0.500881707299                     0.797794651251
 240                    -0.179668509784                     0.803138792936
 241                     0.455984035099                     0.824362063716
 242                     0.138985781961                     0.825728288570
 243                    -0.070675775964                     0.842439239908
 244                    -0.398629946861                     0.852451081720
 245                     0.329284525216                     0.882647128706
 246                    -0.258843912339                     0.905811283548
 247                     0.218446007217                     0.916392707462
 248                    -0.145694639373                     0.930734830345
 249                     0.104303347993                     0.936277236697
 250                    -0.011416968780                     0.941999949672
