   1  -0.276648633652011336550999016376  -0.790491367678172719103495331990
   2   0.199171330884554087911854703523  -0.504030690104259982753453732095
   3  -0.003698087452812167317131706754   0.541914121714566412554146725879
   4  -0.549622756822797310756650473405   0.630234570771549671244262285188
   5   0.533343914487658777863254505259   0.465195580817613020632652785730
   6   0.519802933490000000000000000000  -0.512635526369000000000000000000
   7  -0.316118247299155087106915194871  -0.001034714618748346753049497719
   8   0.926493841197318192966149642127  -0.163495609396215192933976970164
   9   0.825458047583677976933023522042   0.041336805888166394652975354650
  10  -0.771865504998382113149977305104  -0.537908258220668879168457832822
  11   0.467298020492205653625690054658  -0.271143198157411645824323307391
  12   0.377922457289655131721078270946  -0.348772362139694424800700115625
  13   0.310299317843866379978082800854  -0.000124091533418959698166629634
  14   0.019631581754285230349915626356  -0.116795493278175474926452559007
  15  -0.360411717537846441182863331854  -0.311096059005214769131115296614
  16  -0.021379595362808791337498056139  -0.903135585460671714876871113361
  17  -0.474565516437683910432886661520   0.812347968961968657874681366411
  18  -0.557677483548000000000000000000  -0.594794721278000000000000000000
  19  -0.428823479708803006678574311692   0.580045736391710761751172978933
  20   0.132336814163933149921574743175  -0.697875944288634583430675035659
  21  -0.642001538221854132513836454993   0.016138627037726926512874055099
  22   0.898627294331834330093679978955  -0.278550961136823262258775624135
  23  -0.790528544264028479986060221139  -0.326335616586236831445829875814
  24  -0.367916987131095177466754487416  -0.865886102584386543807808232831
  25   0.780506803063716387168189052519  -0.270687886614746952296881873349
  26  -0.069743981448265291554696157356  -0.194424657260458253902829367242
  27  -0.002909464727644353564416197008  -0.000579403076083653225608063676
  28  -0.248495107853366335363919724778  -0.349682985225023811855582983710
  29  -0.315329624573987273354199685127  -0.543528239409398412532804287276
  30  -0.182449213857913211126355274177   0.386655793750000854601393109411
  31  -0.704038442382874930803602794325   0.116963727684726397553300691724
  32  -0.835142146495410403357177155170   0.433196545710419649299461503864
  33   0.221712377366483671826186526887  -0.620246780306351804454298227425
  34   0.290677036041000000000000000000   0.669796032051000000000000000000
  35  -0.607574606113904050487797879114   0.424787408427145203798419362464
  36  -0.824722492246864874994342941818   0.134930685631086203831396407829
  37   0.759477840541000000000000000000  -0.154171822447000000000000000000
  38  -0.225954061371436751449587901415  -0.465899075427115633556427479040
  39  -0.361200340263014254935578841599   0.231397465785435296648639492942
  40   0.422215927528346485797026407929  -0.038711017753228002422634316730
  41   0.092269693910171370415259197183  -0.936273440643343527736281873911
  42   0.622719477690209299767866288970   0.542824744799895799609029593964
  43   0.555884960969588361777586328623   0.348979490615521198931808290399
  44   0.288546894087104609816466487235  -0.426401526121977203777076923859
  45  -0.136469621049915627025146318443  -0.930858579269103399564400985503
  46   0.064713674718144398178579273084  -0.349227673682359118328141549668
  47  -0.629468003935058925243113233230   0.542833112477404881250948743874
  48   0.332840364325795963892414624218  -0.116340181735510781399011124965
  49  -0.048410842031000000000000000000   0.777818246689000000000000000000
  50  -0.451364526190732590592906135057   0.696261826593802583452017474263
  51  -0.405493810501705609011526978582  -0.078663878601031125729426305953
  52  -0.518199042911353528583186095403   0.502416572409427982774796170699
  53   0.399674881046416901882694584565   0.077505072448863819278210178600
  54   0.266005847605175025902134663871  -0.310185435919885382076232428529
  55   0.063925051992976584425863763338   0.193265851108290947451613239888
  56   0.153300615195527106330475547050   0.270895015090573726427990048123
  57  -0.715761542211637617988432069820  -0.422660764969141359982479887662
  58   0.754109262385725876329215673540  -0.448556998109272896259983716669
  59   0.933534495701180640231915000140   0.116768991621678297626072234470
  60   0.281889010507996436750313161940   0.790384505033873344490916690834
  61  -0.227531306821772378955018920906   0.619087974154184498003082100072
  62   0.667801570654068467596529935698   0.310392564395712156207340603303
  63   0.511591490730897007701638191640   0.038918146229054776553742491504
  64   0.175053038952288876492091860668   0.697172449679131970506900342348
  65  -0.562879701189000000000000000000   0.192280397583000000000000000000
  66   0.847999094065607560847355345406  -0.074879284313925427047869140680
  67  -0.473116949947494360754522448674   0.269984392005244339373107180038
  68  -0.717282614764372744679878271028  -0.075223498117945250138066043143
  69  -0.472328327222326547001806938929  -0.272509132785405726406647609518
  70  -0.539951466668115298744802409022   0.076139137820869738695885876474
  71  -0.406282433226873422764242488328   0.463829646189618940050328483603
  72  -0.613487934505112646168508809801  -0.713270079482556066091410577636
  73   0.220923754641315858073471017143  -0.077753255515701738674543437869
  74  -0.428034856983635192925858801946   0.037552211601060695971418189377
  75  -0.926673250223000000000000000000  -0.155917033891000000000000000000
  76   0.364665161224715287247117276723  -0.773074829993228574501709479718
  77   0.489839066974135237540021878022  -0.387359288359503467525167802722
  78  -0.024661888484406123726032510628  -0.426856837664641897304518357903
  79   0.623508100415377113520581798716   0.000331220009245733829274804408
  80   0.287758271361936796063750977489   0.116091998668672862002677865696
  81   0.041384005511047000511531939974   0.309481941310382769152457735218
  82   0.354592788082557734054030937836   0.309937252853047462679899169261
  83  -0.382952764019776025097195155218  -0.194879968803122947430270801284
  84   0.154089237920694920083191056795  -0.271598509700076339351764741433
  85   0.209117039775764901503645769626  -0.917274067955604199962710125210
  86  -0.383741386744943838849910664963   0.347613555987527118349483988272
  87  -0.672984262138613824072203614212  -0.312277873595906647874453914956
  88   0.443968351285108255958642721548   0.387566416835330241656275977496
  89  -0.047202934966335707640364333992  -0.310640747462550075603673862572
  90  -0.137367120894054043297691627448   0.154223613345817211199704118750
  91  -0.517410420186185714830470585657  -0.040076952381222083004958618857
  92  -0.091496405205027061716312470976  -0.620702091849016497981739661468
  93   0.387989623367376232565948555629   0.737877949736222523458515156165
  94   0.466509397767037839872974544912   0.271350326633238419955431482165
  95   0.489050444248967423787306368276   0.155134236431146598254586986835
  96   0.166141208436216741540526402383   0.815218447812122731607821524412
  97  -0.268147255413845599233943968199   0.752176192037901435390710494145
  98  -0.294365823542393316945298881252   0.425242719969809897325860796507
  99   0.750835046409384947529652644099  -0.566893627722007458918851046181
 100   0.574870050864858500617917780643  -0.744745645631470766499917562682
 101   0.109795767682003566007242919812  -0.581659854086542761729830540329
 102   0.444756974010276069711358231293  -0.154927107955319824123478812061
 103   0.729308970047003103017252912969   0.594331623151066026485534942544
 104  -0.542068889961982416585366007261  -0.476130965472956402387712536326
 105  -0.293098945474338252749634858170  -0.659804098060838527371562844474
 106  -0.136578498168886229544976117703  -0.388269911444832854580050670806
 107  -0.606785983388736236735082369369  -0.117706116363504861981335427091
 108  -0.494869373704256130916138762293  -0.156293042583313904705803114187
 109   0.531703618266417753711893386658   0.697933930854045421826248540824
 110  -0.339447916506252484773962527981   0.657674900373993540727549787168
 111  -0.337870671055916857268531508490  -0.427312149207306590831959791945
 112  -0.093073650655362689221743490466   0.464284957732283633577769917645
 113   0.735424710099857219339525405791  -0.038255706210563308895192882688
 114  -0.742629050218301575050795175466   0.577601719041992246986293187432
 115  -0.473742862155972615570002112921  -0.812827996949335131052252553550
 116  -0.898713974626499040228181866156  -0.278271169687845440354150775493
 117  -0.916741784758852323608388250768   0.211438293943068196697105864028
 118   0.476793418465241403921834722699  -0.811042346722185912006781321206
 119  -0.585033559631974466573466055750   0.308571318225053382097574867134
 120  -0.792262404171709032872552763314   0.248775409182572674499794844538
 121   0.458855552252959644041672803988  -0.694027341897541593147925365417
 122   0.130759568713597522416143723685   0.387111105292665548128834543453
 123   0.247976743706000000000000000000  -0.746684790066000000000000000000
 124   0.510802868005729193948922681895   0.581411671019704842333497281061
 125   0.556673583694756175530301838369  -0.193514034175128866847946499157
 126  -0.698204110683338999022384720738  -0.630581217523396375364884567998
 127   0.032378443491549687183428238766  -0.797663543397883639962324478175
 128   0.063136429267808770673148253593   0.735759375898941013231368029444
 129  -0.564609936443912000499697830624  -0.359914875270864580686868040995
 130  -0.833305824337052273902288676747  -0.436718507959471543553855848520
 131   0.175841661677456690244807370414   0.154678924888481904727145552792
 132   0.798171873332160405208824909650   0.498039469008060562053519121090
 133   0.579214630176685759444633661733  -0.309730124377220688548790994487
 134  -0.114826074412124459383359804084   0.038007523143725389498859623419
 135  -0.357484455829098324426008712278   0.829849501612852734077384026812
 136  -0.114037451686956645630644294339  -0.504486001646924676280895166137
 137   0.856532631986740411664754864394  -0.389195969159841566718030790902
 138   0.578426007451517945691918151987   0.232763400413429377230963795069
 139  -0.662708669431000000000000000000   0.667774155686000000000000000000
 140  -0.002120842002476539811700687264  -0.543072927866733719005362853234
 141  -0.271036154335295919278251548142  -0.233466895022931990154738488380
 142   0.668590193379236281349245445444  -0.232100960394937909572414186253
 143  -0.293577200817225503192583371506  -0.117250804820840168453893993049
 144  -0.204990260339842795040687097541   0.502871883952092676302237604741
 145   0.691131239861165865263577268808  -0.348317050597029731273258681583
 146   0.333628987050963777645130133963  -0.658833706526160847178765914520
 147  -0.138155743619221857050407137194   0.696717138136467276979458908306
 148   0.311087940569034193730798310599  -0.542617616324069025477921419190
 149  -0.159908167375983627212023450812   0.270439703547909032900548614080
 150  -0.584244936906806652820750546005  -0.233922206565596683682179922422
 151   0.940808015486116931815651942366  -0.001389267963927452414797408479
 152  -0.069265726105378041111747644020  -0.736977950500456612820498218666
 153   0.672841863987000000000000000000  -0.657488123659000000000000000000
 154  -0.092285027930194875469027980720  -0.078208567058366432201984871911
 155  -0.025450511209573937478748020373   0.115636687126008168475236431654
 156  -0.203413014889507167535256078051  -0.582115165629207455257271974371
 157  -0.720161885953186166035631990703   0.461371323154145534490633231119
 158   0.556932184652576740737755861933  -0.627730640806826447641061606893
 159   0.042172628236214814264247449720  -0.233011583480267296627297054337
 160   0.781004093145903927797539547381   0.270299894808215118099189133755
 161  -0.382474508676888774654246641882  -0.737433262043121306347939652708
 162   0.635700247960387808497731246465  -0.539357168536591866000209887071
 163   0.139096310072974887764195129109   0.930469703210418375897056364961
 164   0.600967053933447529606249975352   0.116547310211337555530119299739
 165  -0.181182335789858146930691251095  -0.698391024280647570096030531569
 166  -0.271824777060463733030967057888   0.309026629767718075625016301176
 167  -0.226742684096604565202303411159   0.076594449363534432223327310515
 168   0.646512555195000000000000000000   0.426849219194000000000000000000
 169   0.108218522231667938501811900321   0.503327195494757369829679038783
 170   0.243464801123245441987802840507  -0.193969345717793560375387933199
 171  -0.835618165344307526984682202552  -0.078536482770030073497611271764
 172   0.484465776191464427808764996515   0.806482835383124028517792400167
 173  -0.026239133934741751231463530119   0.658130211916658234254991221210
 174   0.086466098474906168340195586703   0.077049760906199125750768744558
 175   0.176630284402624503997522880159  -0.387814599902168161052609236764
 176   0.758463046663974343883207724016   0.386515985010306939800033629085
 177  -0.031019122016735286722962349927   0.940297541280265243639685124942
 178  -0.814543063592798415635191763642  -0.195027334275737552285005212171
 179  -0.338659293781084671021247018235   0.115181375583343474947794997611
 180   0.131548191438765336168859233431  -0.155382419497984517650920246103
 181  -0.070532604173433105307411667101   0.348068867530191811876925422315
 182  -0.264337429320385549922780121014   0.902910502502153535289590992170
 183  -0.651239425748709812777889894455  -0.521913849986714660002788891086
 184  -0.936036875866679030420885980634   0.094639416133810459211051790635
 185   0.020348279404000000000000000000  -0.659497035754000000000000000000
 186  -0.882931768430296425411621126477   0.324889434061729130024262906880
 187   0.601755676658615343358965485097  -0.425946214579312510249635489818
 188   0.309510695118698566225367291108   0.542369433257231106081588159922
 189  -0.940511539365630321433991425564  -0.023657903298763353358926251286
 190   0.254844112144754582973981888666   0.905635760432168988780151531383
 191   0.149482635752037629109555015971  -0.815009625185420812556833968390
 192   0.377133834564487317968362761201   0.193721162650955640979054673931
 193   0.534132537212826591615970015005  -0.077297943973037045147102003826
 194  -0.715377513756000000000000000000   0.343079995092000000000000000000
 195  -0.249283730578534149116635234524   0.192810539565626253924171805846
 196   0.109007144956835752254527410067  -0.039166329295892695950075750773
 197   0.355381410807725547806746447582  -0.232556271937602603099855620295
 198  -0.181660591132745397373639764431  -0.155837731040649211178361680145
 199   0.197594085434218460406423684032   0.580956359477040148806055847017
 200   0.018842959029117416597200116610   0.425698031512474590853302230549
 201  -0.675110182364436744517353382316   0.231756733441466139335103211764
 202  -0.405015555158818358568578465246  -0.621217171841029484647095157378
 203   0.398886258321249088129979074819   0.619998597239513885057964968157
 204  -0.165880555834116026131829049838   0.811806725788913524977205953168
 205  -0.252296330960000000000000000000  -0.906346802536000000000000000000
 206  -0.450575903465564776840190625310   0.153768301803152517672262684707
 207   0.087254721200073982092911096448  -0.465443763884450940028986044998
 208  -0.495657996429423944668854272039   0.386200482207336161073951675368
 209   0.872038267138000000000000000000   0.353081987880000000000000000000
 210   0.909475529355000000000000000000   0.240775473285000000000000000000
 211   0.049298209154885166515236368817   0.853329704053911855019423381877
 212   0.646049146897306697434913622080  -0.115884870192846087871569690922
 213   0.085677475749738354587480076957   0.619543285696849191530523534113
 214  -0.496283908637902199484333936285  -0.696611906747243309351408058219
 215  -0.696161546591286758639694153080  -0.195335280345787640957712235325
 216   0.400463503771584715635410094310  -0.464988452341786246501544610955
 217  -0.427246234258467379173143292202  -0.504941313189589369808336600179
 218   0.375821528232000000000000000000   0.862473256617000000000000000000
 219   0.220135131916148044320755507397   0.464740269274948327105211351687
 220  -0.160833840264604425257573412480  -0.815010993103401000192731941683
 221   0.690342617135998051510861759063   0.194176474193620334506496107973
 222   0.712883663617927635425193582427   0.077960383991528512805651612642
 223  -0.779319518925393542969644610360   0.025601602529054220902360593482
 224  -0.115614697137292273136075313830   0.580501047934375455278614412976
 225   0.421427304803178672044310898183   0.503782507037422063357120472826
 226  -0.148856712215433306018780526334   0.928958196743434144773229712438
 227   0.242676178398077628235087330761   0.348524179072856505404366856357
 228  -0.047991557691503521393079843737   0.231852777328099990176080926984
 229  -0.159119544650815813459307941067  -0.272053821242741032879206175476
 230   0.322653400754241155866797693654  -0.883751342318711437007990565548
 231   0.648898796484617330064034973568   0.681213625810007129433694239780
 232  -0.316906870024322900859630704617   0.541458810171901719026705291837
 233   0.265217224880007212149419154125   0.232308088870764683703522361027
 234  -0.449787280740396963087475115566  -0.388725222987497548107492104848
 235   0.823210283918908516671241265003   0.159697381912738845853315913667
 236   0.332051741600628150139699114472   0.426153343055139284380743664592
 237  -0.204201637614674981287971587795  -0.039621640838557389477517184815
 238   0.198382708159386274159139193778   0.038462834686390083026301057462
 239  -0.572823747069748630596630999868   0.746320713139715745666926177337
 240   0.423004550253514299549741917674  -0.581204542543878068202389106286
