   1  -0.678990423497653537288767207458   0.003617601808509790561218068871
   2  -0.544929413495000000000000000000   0.764750646749000000000000000000
   3  -0.503354082323983439538480879482   0.183601411855825710496599353626
   4   0.617263298773753426964008246068   0.661683922135864030098070779804
   5   0.313776138787727787593733910581   0.397009541913849185717700329758
   6   0.017091052009914015243590818371   0.697699287533326113154108790948
   7   0.442600936413972865389518402168  -0.514729986902205493154410018317
   8   0.850810146655658777888579620942  -0.397384018744190729866080451702
   9  -0.934779545306546561444458438058  -0.089326175794069407263099288795
  10   0.437092033373281935481151566288  -0.075159730558321514637148529059
  11   0.238255574365368797081065513626  -0.568018551085081782285718041295
  12   0.627434893821000000000000000000  -0.698648424644000000000000000000
  13  -0.102641675678000000000000000000  -0.933384825929000000000000000000
  14   0.086127269034738187096785959675   0.935079706513901816631496508792
  15   0.342961677800336218861803441258   0.760153951748776885042345811600
  16   0.282968747809942634444954152714   0.515030152143376211455926826628
  17  -0.709756590373365812735222430358   0.121596451594922885975963062519
  18   0.182232143654635176096521903705  -0.771631107856139569973489543256
  19   0.288770102035411488157242287667   0.075164262029859983919314949925
  20  -0.795074785449805051812848782300   0.499647925591063964266635522373
  21  -0.318757081069709786859749542080  -0.524271686862652861991870608265
  22   0.406325866497569660034696343388   0.042819119228091580777596464590
  23   0.120699809903210625203611457905  -0.535673408283313379143999555959
  24   0.140448170697541040833333009045   0.225488254618041482475778428909
  25   0.641437395421886003789604454831  -0.021871166375445225505840506082
  26   0.325045171951814693512064346447  -0.482384844100437090012691532982
  27  -0.723635650797829637743417152724   0.598450840838166497115626038972
  28  -0.145177885896817993997751876438  -0.353004272893363477445817591639
  29   0.355811338827526968958519569347  -0.600363693886850185427436526630
  30  -0.035753106733911334391531663299   0.938356904042582547485186245771
  31  -0.411055581696846613199115210781  -0.170335137503413575747635627320
  32   0.369758345396388530875952985535   0.600663859128020903728953334941
  33   0.937720518138110272699359554358  -0.049721161172089795828468614151
  34  -0.114411719021105718551296653538  -0.470983122679776572860562585288
  35   0.115190906862519695295244622025  -0.096103151939429400626738066701
  36  -0.559377513034717060523024489402  -0.020011144915232077191172148336
  37   0.411834769538260589943063179268  -0.396751137115792397739665024669
  38   0.531395472339377269660082781720  -0.774216259182611750671850496337
  39  -0.284917597093142581284170827966  -0.645257398270489342911294885507
  40   0.444988210165079762987255714227   0.826908372686832655429367696755
  41   0.109430776739123719285281022039   0.343720977730972896586392306781
  42  -0.318087488443287214826234875182   0.832047015128564134741120603330
  43  -0.100464712452244156633863237350   0.730044430335094516295827276283
  44  -0.681267634443670801639829016705   0.455904372911655808378614397868
  45  -0.740037668754921427161568791250  -0.353901705399569102478321472464
  46   0.064571697490000000000000000000  -0.739667125337000000000000000000
  47  -0.609828499791695387570397387128   0.554707288158758341227604914467
  48   0.021100870118078291584817062769  -0.938800680275513497391667190362
  49   0.431347466630000000000000000000   0.364720977979000000000000000000
  50  -0.534120249199695714984936102382   0.301580261642238805911344347274
  51  -0.371707194679588477715169660787  -0.730891105255134035184321393820
  52  -0.305385515952000000000000000000   0.677335332578000000000000000000
  53  -0.063897191351063027475119879497   0.172199690435165193344470405932
  54  -0.206710219648242544890662322239  -0.117046573320537286616327604342
  55   0.529643881151000000000000000000  -0.429352737203000000000000000000
  56   0.176723240613944246188155067825  -0.332060851512255591456228053998
  57  -0.450556535773251128471437870075  -0.823887596749407317472538544888
  58  -0.683794510006971765588804172127  -0.462078750631920193823528198752
  59   0.908715128865000000000000000000   0.236698937416000000000000000000
  60  -0.563711869981512629762374960983   0.423559230109887405236895912532
  61   0.400524512272100806322408208435   0.482685009341607808314208341293
  62  -0.835921784298921968279736276094  -0.160689395380272068359353175754
  63   0.165412983347784462567500096992   0.547375294945144614597645311964
  64   0.503192311274504952102714839599  -0.655598605660473357764102640227
  65  -0.402473361555300753161624883687  -0.612912255468720939769576400172
  66   0.729152803728567690026434616102  -0.389318230929639656282282808672
  67   0.350302435786836039050152733467  -0.160793437542966206910175037372
  68   0.520980043954259722582613720510   0.463816228026493414013145273598
  69  -0.526190055119556052030978685827   0.643421303928391313707510713872
  70   0.579653834587756406795097244924   0.214340406523899284019518365438
  71  -0.150686788937508923906118712318   0.086565983450520501071443897619
  72  -0.027622121434659822120297820717  -0.385349415695131880587536076975
  73  -0.492272735329537215692943331407   0.522362145356989938085886429131
  74  -0.002364857599638476582209433696  -0.063758009137660997485019581365
  75  -0.938473742009520077765550461133   0.032542273493959773465830237623
  76   0.207489407489656521634610290726  -0.450039701298668686870973047646
  77   0.028401309276073798864245789204  -0.181736858924074092899764575013
  78   0.616361803509916523474455830469   0.539762827458041849065121665554
  79  -0.201201316607551614982295486359  -0.556616829664421265133589093600
  80   0.523881630959727831912150399109   0.010473976426323177635877979254
  81   0.201980504448965591726243454846  -0.010469444954784708353711558388
  82   0.783999196636360475103550133466   0.267628970706775573150826388416
  83   0.119325365937563838785642977897   0.817761965386739815692699646466
  84   0.758550269868257591153256791763  -0.055784890147063189638548197250
  85   0.247899980582472090383776371440  -0.905724882970936648319066029797
  86   0.610671228546173728343149231930   0.096107683410967869908904487567
  87  -0.767944393014310183584009787870   0.305173037971412219526807747810
  88  -0.639997206125690302203998451423   0.687164856607799469595531838377
  89   0.801452937327125818551364806966  -0.169911693072856961307297374922
  90   0.493115464084015556465695176209   0.128452826212736273050622972903
  91  -0.926346810895014031629902123192   0.153862113433242687405314553437
  92   0.053658573111095144402334176224   0.139854547633396790202751920596
  93  -0.274002683523063071793536368025   0.558735255922691201426292756436
  94  -0.119920622061796648459663489418  -0.031412866335892594343301096029
  95  -0.416564484737537543107482046661   0.269235118840470402769625861939
  96   0.232746671324677867172698677746  -0.128448294741197803768456552036
  97   0.269021741241081072527520736526  -0.685997400871494877700463034943
  98   0.548887667712044131348642022023   0.332319256310312379434263359088
  99  -0.733493902854144973372934246289  -0.586326409503529922087137538550
 100  -0.340011019994475856191444766823  -0.875319638925017531446133696009
 101  -0.187254310038690053064862070171   0.644410723350449824022800767971
 102  -0.737036321591196878024256148893  -0.232014224761268914785993468014
 103  -0.853110263460176846325394387980   0.392421765941205887196318921437
 104  -0.380289414821134337752659987881  -0.288313987289826671162380620968
 105  -0.391558447985221243670990423746   0.591080398724459604568011241771
 106   0.559981026179864227798786821356  -0.547706956861564803145265050308
 107   0.616180131586864658251516067810  -0.343462572932916108608357001692
 108   0.226986541201281891162735077760   0.311375834929204493444673821445
 109  -0.349523247945422062306204764980  -0.406292837076239766577125614616
 110   0.861645449807045969755915403989  -0.275942006957631712428180591966
 111   0.252220637249000000000000000000   0.633074555698000000000000000000
 112   0.089933643027498349757156235004  -0.417694558496900283729254562311
 113   0.344542305663440063040189133482   0.279030692127436090302955336110
 114   0.446349875287693157612328267552   0.695528518353986557319564571867
 115   0.033910212316764728772612625084  -0.621307115267958071417026064272
 116   0.323515948097000000000000000000   0.881549225360000000000000000000
 117  -0.144884135079180200943779308565  -0.818998736368856978947147185328
 118  -0.650501467567958526193373793805   0.337925523125242712963869404219
 119  -0.497845179283292509630114043602  -0.255968844488058268020662135633
 120  -0.069698545576531881187408014450   0.612065580548681420881082282635
 121   0.585413964711152382805060844910  -0.225483723146503013193612008043
 122   0.375559699621857384588241120488   0.160797969014504676192341458238
 123  -0.685403307960000000000000000000  -0.120425397606000000000000000000
 124  -0.560201783452714876026815880880  -0.452647856498094725485047200871
 125  -0.231967483483263890428750709259  -0.438637979878008169718844099952
 126  -0.175944052772530269444207099338  -0.235025423106950382031072597991
 127  -0.324265984110400716768116377960  -0.084701430518768883474609119007
 128   0.712632516811000000000000000000  -0.611413533326000000000000000000
 129  -0.385798317861825267661026823760   0.151256269054057307354880868290
 130  -0.423280279770121164975214613742   0.708805890481171810703336737693
 131   0.814765363512072750550005356367   0.149650120920362477736081394767
 132   0.492561578577000000000000000000   0.582386266664000000000000000000
 133  -0.789467342752866968800881838434  -0.047961622042050933621681590236
 134   0.670493775332329035239552510244  -0.496204546278043671125714022937
 135  -0.125680752185192624469627089403   0.408411263334509702869829277452
 136  -0.441101332910000000000000000000  -0.493551850711000000000000000000
 137  -0.614009384540866939289006766261  -0.562056759638047177086024019480
 138  -0.439986960273569690064110627612   0.829580278692020941305016015756
 139  -0.181452955813221199352573935218   0.204544833236933596486188891268
 140   0.869554137095166218847740469524   0.354496215305872904941865933842
 141   0.713692042583000000000000000000  -0.268235439749000000000000000000
 142   0.258003935159699212710787064767   0.193143111816273079334059943574
 143   0.554647797835440107358605622010  -0.107504873360089917778867014395
 144   0.697209599049914578672551300645   0.181995263722130880877799880102
 145  -0.212219122688933474799029158118   0.322523683023346691900933884916
 146   0.467858200248994210927606789189  -0.193138580344734610051893522708
 147  -0.329774887151091646676483213839   0.354868825825115095042652370252
 148   0.728226993008331900220603287652   0.063762540609199466767186002231
 149  -0.243236516647350796347081145124   0.440756406136278106011547762787
 150   0.751998372633008046970286413803   0.386841358107641308083584419178
 151   0.498624367124706486374062012089  -0.311117430131147705466638516356
 152  -0.441821748572558888645570433681  -0.052356287717000480332890633671
 153   0.047857218885626290690046041271   0.579720437746913017739363797299
 154   0.310030407191205629183619838619  -0.800818371683190662275911947005
 155   0.196220374325569615716279854860   0.429354684715617588859418815094
 156  -0.528611346159004785076569266502  -0.137989994701645172605917141984
 157  -0.803279028320249799672731652155  -0.486348400497402938824641717822
 158  -0.822274747232587465069302470251   0.069465973660378467856846119298
 159   0.059167476151786074310701012104  -0.299715708710487188314509568662
 160  -0.237476386523954820337117545139   0.000932276465875808798417389306
 161   0.931878237958444337913657693299   0.115736397148744513603373703599
 162  -0.355032150986112992214571600860   0.033277419267644211940135874642
 163   0.294279005076102418065609123547  -0.364405994314023994597946539333
 164   0.319536268911123763603697510567  -0.042814587756553111495430043723
 165  -0.810147816118081418933654132310   0.190785813599661381796330435112
 166   0.263512838200390142619153900646  -0.246427144527610899183201545685
 167  -0.647793592406000000000000000000  -0.679568622663000000000000000000
 168   0.206570210822000000000000000000   0.916035244454000000000000000000
 169  -0.174372081314367309004177724715  -0.696689440446099556884890036629
 170   0.151465976778922900650066680805  -0.653652258069726474558744549607
 171  -0.094663358226775302921575102397   0.290178540221578288759215399581
 172  -0.467079012407580234183658820702  -0.373947694274471363435407129281
 173  -0.038891154598746728038628256582   0.494044970319154395142855785765
 174  -0.299008720275379371230027990939   0.236889976038701999627907376603
 175   0.145957073738231970741699844925  -0.214082001725842496041483060349
 176  -0.120154545874066873614804202890   0.850368478143377934441259954282
 177   0.666443432174202303226096077744   0.299974113508543976292544873752
 178   0.923374138962538719497033208534  -0.170798605090021625477940035137
 179   0.221377826476128422030354947233   0.751047189518316791681330162859
 180  -0.225630125976165124933073448934   0.911527843928800006341528624244
 181   0.845339867454703487584255624584   0.029848816837581502634478311063
 182   0.426604259518153454368930705850  -0.836540955223636916637700727737
 183  -0.521112772808248641504742978523  -0.641023749891876434621540877304
 184  -0.033131024475350752028664656597   0.054220840648752097929725412284
 185  -0.615400943745450681507568099323  -0.223623701686289864878943650297
 186   0.634442608170849875092832358082   0.419186500909409711225302904514
 187  -0.590143679910429335969479712303   0.097967704871181018223572845313
 188  -0.052879385269681167658386207738  -0.706940822252602763690052572585
 189   0.681164893011254099801412521744  -0.150003091519455928433253535607
 190   0.381068602662548314496607956368  -0.278772287329379302324920031020
 191  -0.023116329020704158919049226297  -0.825176715719305298504240943110
 192  -0.859522187068199461245496271278  -0.378171355265051847479434991534
 193  -0.293499817234688441321661155060  -0.202680280305181978889354112655
 194  -0.618402290909175230644880741680  -0.345511182324590052571271654747
 195  -0.218020476914402328511317293071   0.762389573136862919437545761619
 196   0.022892406235382868955878953324   0.257833397419809885617496914245
 197   0.078664609863411443838825799139   0.461699827517385992001137300429
 198  -0.262733650358976165875205932159  -0.320659130091595074304099106304
 199  -0.360792281109508968224535200846   0.473101548938046509153266248123
 200   0.722399316390036703231653354143   0.599942656997078826185956359512
 201  -0.008124987723034452592173033682   0.376066120532741299728110792116
 202  -0.553506407452058499987436220999  -0.758566161198232415250423926826
 203   0.084424739986807419848789399125   0.021875697846983694788006926948
 204  -0.002598781411908701737350147169   0.818023335341609531299541468946
 205  -0.089154455186084373013208266517  -0.149391716122305689758046089678
 206  -0.261161678900813205435176557536  -0.782323147430744249157916544942
 207   0.462098070125598234917643189203   0.246685549325667687161236850774
 208   0.128493548170724767175523509496  -0.881073921126659276259510472785
 209  -0.897181048884000000000000000000   0.277232441166000000000000000000
 210  -0.901275211702809577149356538294  -0.263618961335414386921222406482
 211   0.548376407652436701737780540521   0.762282939292042327706586457022
 212  -0.629983362137000000000000000000   0.215175653389000000000000000000
 213  -0.447330651613249818553937269561   0.387213968626883498184370855587
 214   0.396820004777651525614618671441  -0.715184664698545970002885438692
 215   0.171214337573253316279788231946   0.107509404831628387061033435261
 216  -0.268242553399667095783572768039   0.118911126252288904213162382955
 217   0.134646816472072187121044874092   0.665354144731557710012390305612
 218  -0.083645552145393443104841430638  -0.588961972466189668275307578936
 219   0.792151118259420123101697515084  -0.504270334092594744709511665967
 220   0.794042160750181294034630973135   0.501287353677199975775998492603
 221   0.003144045441052453326157402183  -0.503328265481544976002281070623
 222  -0.156446919060904899916082312303   0.526390113120922798284574271100
 223  -0.058388288310372097566753043617  -0.267370565908718785172791083326
 224  -0.223733476172842851700047517852  -0.911995227863130261235364336396
 225  -0.472587915448271164092025656581   0.065622562069412615081854359977
