   1                    -0.045996016814                    -0.945648807496
   2                     0.060467341046                    -0.944833848540
   3                     0.167360524681                    -0.931517703856
   4                    -0.201890778801                    -0.924990494068
   5                     0.288626458122                    -0.901699544390
   6                    -0.304467388790                    -0.896474712328
   7                    -0.114513704305                    -0.864159929568
   8                     0.388039668553                    -0.863592795425
   9                    -0.403193823118                    -0.856622461578
  10                    -0.003903574226                    -0.847856491837
  11                     0.102559783634                    -0.847041532881
  12                     0.207984844764                    -0.832186661267
  13                    -0.496821625864                    -0.805937697812
  14                    -0.206086437672                    -0.805572114885
  15                     0.307398055196                    -0.794079912302
  16                    -0.312612431154                    -0.790320254062
  17                     0.455750482594                    -0.781432242926
  18                    -0.073996719504                    -0.765704433694
  19                     0.560600634717                    -0.762951000416
  20                     0.030853432619                    -0.747223191185
  21                     0.137316790479                    -0.746408232229
  22                    -0.409179894218                    -0.745489061771
  23                    -0.612553550350                    -0.721711115623
  24                     0.238145453903                    -0.712222104090
  25                    -0.246427064768                    -0.706925961683
  26                    -0.508007864891                    -0.700060510556
  27                     0.342995606026                    -0.693740861580
  28                    -0.142427021073                    -0.684142159620
  29                     0.655957048438                    -0.682706123662
  30                     0.447845758149                    -0.675259619070
  31                    -0.037576868950                    -0.665660917110
  32                     0.552695910272                    -0.656778376560
  33                    -0.689872000196                    -0.648017457678
  34                     0.067273283173                    -0.647179674600
  35                    -0.420366133246                    -0.639611874514
  36                     0.172123435297                    -0.628698432091
  37                    -0.314857366337                    -0.625363687608
  38                    -0.576528949288                    -0.618574488944
  39                     0.276973587420                    -0.610217189581
  40                    -0.210857322642                    -0.602579885546
  41                     0.381823739543                    -0.591735947071
  42                    -0.106007170519                    -0.584098643036
  43                     0.694096179962                    -0.583305332058
  44                     0.486673891666                    -0.573254704561
  45                    -0.001157018395                    -0.565617400526
  46                    -0.760621122830                    -0.563757756653
  47                    -0.488987928457                    -0.557980096491
  48                     0.591524043790                    -0.554773462051
  49                     0.103693133728                    -0.547136158016
  50                    -0.655461589658                    -0.547126962681
  51                    -0.384137776334                    -0.539498853981
  52                     0.208543285851                    -0.528654915506
  53                     0.785446355940                    -0.528622098121
  54                    -0.279287624210                    -0.521017611471
  55                     0.313393437974                    -0.510173672997
  56                    -0.174437472087                    -0.502536368961
  57                     0.418243590098                    -0.491692430487
  58                    -0.069587319964                    -0.484055126451
  59                    -0.563887333252                    -0.482218341408
  60                    -0.819107655378                    -0.474794639377
  61                     0.523093742221                    -0.473211187977
  62                     0.035262832159                    -0.465573883942
  63                    -0.452568077902                    -0.457936579906
  64                    -0.712246860120                    -0.457068405155
  65                     0.627970177459                    -0.454739517485
  66                     0.140112984283                    -0.447092641432
  67                    -0.347717925779                    -0.439455337397
  68                     0.839831178605                    -0.437093688039
  69                     0.733373063043                    -0.435759388211
  70                     0.244963136406                    -0.428611398922
  71                    -0.242867773656                    -0.420974094887
  72                     0.349813288529                    -0.410130156412
  73                    -0.138017621532                    -0.402492852377
  74                    -0.625848531594                    -0.394855548342
  75                     0.454663440652                    -0.391648913902
  76                    -0.033167469409                    -0.384011609867
  77                    -0.520998379471                    -0.376374305832
  78                    -0.780677161688                    -0.375506131081
  79                     0.559513592776                    -0.373167671393
  80                     0.071682682714                    -0.365530367357
  81                    -0.416148227348                    -0.357893063322
  82                     0.664363744899                    -0.354686428883
  83                     0.176532834837                    -0.347049124848
  84                     0.787757658372                    -0.344231105609
  85                    -0.882235319938                    -0.343552239018
  86                    -0.311298075224                    -0.339411820812
  87                     0.281382986960                    -0.328567882338
  88                    -0.206447923101                    -0.320930578302
  89                    -0.694278833163                    -0.313293274267
  90                     0.386233139084                    -0.310086639828
  91                     0.890852304021                    -0.309980030053
  92                    -0.101597770978                    -0.302449335793
  93                    -0.589428681039                    -0.294812031757
  94                     0.491083291207                    -0.291605397318
  95                     0.003252381145                    -0.283968093283
  96                    -0.484578528916                    -0.276330789248
  97                     0.595933443330                    -0.273124154808
  98                     0.108102533269                    -0.265486850773
  99                    -0.379728376793                    -0.257849546738
 100                    -0.785493692392                    -0.257056173784
 101                     0.700783595454                    -0.254642912298
 102                     0.212952685392                    -0.247005608263
 103                    -0.274878224670                    -0.239368304228
 104                     0.806148182635                    -0.239365003640
 105                    -0.894564016028                    -0.237801995625
 106                     0.317802837515                    -0.228524365753
 107                    -0.170028072546                    -0.220887061718
 108                    -0.657858982608                    -0.213249757683
 109                     0.422652989638                    -0.210043123244
 110                     0.923496838629                    -0.208526647866
 111                    -0.065177920423                    -0.202405819208
 112                    -0.553008830485                    -0.194768515173
 113                     0.527503141762                    -0.191561880734
 114                     0.039672231700                    -0.183924576698
 115                    -0.448158678362                    -0.176287272663
 116                     0.632353293885                    -0.173080638224
 117                     0.144522383823                    -0.165443334189
 118                    -0.343308526238                    -0.157806030153
 119                     0.737203446008                    -0.154599395714
 120                    -0.830674474867                    -0.152636056100
 121                     0.249372535947                    -0.146962091679
 122                    -0.936375112614                    -0.139889060181
 123                    -0.238458374115                    -0.139324787644
 124                     0.842568033190                    -0.139321487055
 125                    -0.726289284177                    -0.131687483608
 126                     0.354222688070                    -0.128480849169
 127                    -0.133608221992                    -0.120843545134
 128                    -0.621439132053                    -0.113206241098
 129                     0.459072840193                    -0.109999606659
 130                    -0.028758069869                    -0.102362302624
 131                     0.941478452856                    -0.099928091588
 132                    -0.516588979930                    -0.094724998589
 133                     0.563922992316                    -0.091518364150
 134                     0.076092082255                    -0.083881060114
 135                    -0.411738827807                    -0.076243756079
 136                     0.668773144440                    -0.073037121640
 137                     0.180942234378                    -0.065399817604
 138                    -0.306888675684                    -0.057762513569
 139                     0.773716649017                    -0.054584857946
 140                    -0.797681599612                    -0.051228384644
 141                     0.285792386501                    -0.046918575095
 142                    -0.202038523560                    -0.039281271059
 143                    -0.946160612412                    -0.033873237218
 144                    -0.689869433622                    -0.031643967024
 145                     0.390642538624                    -0.028437332585
 146                    -0.097188371437                    -0.020800028549
 147                    -0.585019281499                    -0.013162724514
 148                     0.495492690748                    -0.009956090075
 149                     0.007661780686                    -0.002318786040
 150                     0.906608327162                     0.000666068575
 151                    -0.480169129376                     0.005318517996
 152                     0.600342842871                     0.008525152435
 153                     0.112511932809                     0.016162456470
 154                    -0.375318977252                     0.023799760505
 155                     0.705192994994                     0.027006394945
 156                    -0.863437238035                     0.033148804355
 157                     0.217362084932                     0.034643698980
 158                    -0.270468825129                     0.042281003015
 159                     0.810041288995                     0.045498176095
 160                    -0.758299735191                     0.049918307050
 161                     0.322212237056                     0.053124941490
 162                    -0.165618673006                     0.060762245525
 163                    -0.653449583067                     0.068399549560
 164                     0.427062389179                     0.071606183999
 165                    -0.060768520883                     0.079243488035
 166                    -0.548599430944                     0.086880792070
 167                     0.531912541302                     0.090087426509
 168                     0.044081631241                     0.097724730545
 169                     0.941330605910                     0.101311357007
 170                    -0.443749278821                     0.105362034580
 171                    -0.940778512507                     0.106315996373
 172                     0.636762693425                     0.108568669019
 173                     0.148931783364                     0.116205973054
 174                    -0.338899126698                     0.123843277090
 175                     0.741610987426                     0.127060450169
 176                     0.253781935487                     0.134687215564
 177                    -0.838743228259                     0.136711908818
 178                    -0.234048974574                     0.142324519599
 179                     0.845895423092                     0.148504964684
 180                    -0.721879884636                     0.149961823635
 181                     0.358632087610                     0.153168458074
 182                    -0.129198822451                     0.160805762109
 183                    -0.617029732513                     0.168443066145
 184                     0.463482239734                     0.171649700584
 185                    -0.024348670328                     0.179287004619
 186                    -0.512179580389                     0.186924308654
 187                     0.568332391857                     0.190130943093
 188                     0.080501481795                     0.197768247129
 189                    -0.407329428266                     0.205405551164
 190                     0.673180685857                     0.208622724244
 191                     0.185351633918                     0.216249489639
 192                    -0.919939807222                     0.218926765556
 193                    -0.302479276143                     0.223886793674
 194                     0.919548542021                     0.225383627504
 195                     0.777465121524                     0.230067238759
 196                    -0.790310186205                     0.231524097709
 197                     0.290201786042                     0.234730732148
 198                    -0.197629124020                     0.242368036184
 199                    -0.685460034081                     0.250005340219
 200                     0.395051938165                     0.253211974658
 201                    -0.092778971897                     0.260849278694
 202                    -0.580609881958                     0.268486582729
 203                     0.499902090288                     0.271693217168
 204                     0.012071180227                     0.279330521203
 205                    -0.475759729835                     0.286967825239
 206                     0.605512261697                     0.290818193077
 207                     0.116921332350                     0.297811763713
 208                    -0.370909577712                     0.305449067748
 209                     0.851118240453                     0.306945901579
 210                     0.709796697363                     0.312262707592
 211                     0.221771484473                     0.316293006223
 212                    -0.890028445059                     0.321137821574
 213                    -0.266059425588                     0.323930310258
 214                     0.326621636596                     0.334774248733
 215                    -0.784006223492                     0.337803779583
 216                    -0.161209273465                     0.342411552768
 217                    -0.649040183527                     0.350048856803
 218                     0.431471788720                     0.353255491242
 219                    -0.056359121342                     0.360892795278
 220                    -0.544190031403                     0.368530099313
 221                     0.536321940843                     0.371736733752
 222                     0.048491030781                     0.379374037788
 223                    -0.439339879280                     0.387011341823
 224                     0.640570737594                     0.393353835802
 225                     0.153341182905                     0.397855280298
 226                    -0.334489727157                     0.405492584333
 227                     0.745275093575                     0.412643951493
 228                     0.851738810498                     0.413410569980
 229                     0.258191335028                     0.416336522807
 230                    -0.229639575034                     0.423973826843
 231                    -0.846527631816                     0.423979090584
 232                    -0.723943221850                     0.425710244412
 233                     0.363041487151                     0.434817765317
 234                    -0.124789422910                     0.442455069352
 235                    -0.612620332972                     0.450092373388
 236                     0.467891639274                     0.453299007827
 237                    -0.019939270787                     0.460936311862
 238                    -0.507770180849                     0.468573615897
 239                     0.084910881336                     0.479417554372
 240                     0.585565076918                     0.484510228988
 241                    -0.402920028726                     0.487054858407
 242                     0.189761033459                     0.497898796882
 243                    -0.298069876602                     0.505536100917
 244                     0.693474124935                     0.505658844779
 245                     0.799937841858                     0.506425463266
 246                    -0.793573033867                     0.516342077115
 247                     0.294611185582                     0.516380039392
 248                    -0.193219724479                     0.524017343427
 249                    -0.687523371296                     0.525753760996
 250                     0.399461337706                     0.534861281901
 251                    -0.088369572356                     0.542498585937
 252                    -0.584547168379                     0.552791001201
 253                     0.504334628349                     0.553334098031
 254                     0.016480579767                     0.560979828446
 255                    -0.471350330294                     0.568617132482
 256                     0.121330731891                     0.579461070956
 257                     0.621984927473                     0.584553745572
 258                    -0.366500178171                     0.587098374991
 259                     0.226180884014                     0.597942313466
 260                    -0.261650026048                     0.605579617501
 261                     0.726643767727                     0.606921857809
 262                     0.331031036137                     0.616423555976
 263                    -0.156799873924                     0.624060860011
 264                    -0.706226303240                     0.630564595654
 265                     0.435904326780                     0.634896372106
 266                    -0.051949721801                     0.642542102521
 267                    -0.540386725937                     0.649667035638
 268                     0.540754478903                     0.653377614616
 269                     0.052900430322                     0.661023345031
 270                     0.159075271714                     0.680597909301
 271                     0.651672086305                     0.686797490248
 272                    -0.330080327616                     0.687141891576
 273                     0.263925423837                     0.699079151811
 274                    -0.225230175493                     0.705623134086
 275                    -0.630964456203                     0.705869078292
 276                    -0.440819704767                     0.710492704266
 277                    -0.121873762398                     0.731249310748
 278                     0.465591485612                     0.737140116782
 279                    -0.015529871247                     0.742585619105
 280                     0.360264125732                     0.752672618046
 281                     0.570441637735                     0.755621359292
 282                    -0.537082885680                     0.756082238333
 283                     0.089350066689                     0.761056013363
 284                    -0.359598330466                     0.789434600176
 285                     0.267787538398                     0.805475555867
 286                    -0.254748178343                     0.807915842686
 287                    -0.458758223132                     0.828195745817
 288                     0.165600950719                     0.835358862634
 289                    -0.152981596321                     0.839199600590
 290                     0.437230909690                     0.839759746768
 291                    -0.046642431535                     0.844404670944
 292                     0.058211056251                     0.862866979147
 293                     0.340182523504                     0.883540124376
 294                    -0.323761712179                     0.889688515385
 295                     0.238832322015                     0.916147598721
 296                    -0.221825026880                     0.920413471289
 297                     0.134461940280                     0.937169828418
 298                    -0.113774769499                     0.939793180317
 299                    -0.007527094941                     0.946724388667
