   1                     0.064145059792                    -0.943910614902
   2                    -0.076705076881                    -0.942973047760
   3                     0.174633401622                    -0.928114252460
   4                    -0.185564906347                    -0.927456949029
   5                     0.284211980754                    -0.902388712040
   6                    -0.295054259823                    -0.898902008776
   7                    -0.005736537382                    -0.861796491959
   8                    -0.395418570263                    -0.859491705552
   9                     0.102649810570                    -0.843195417550
  10                    -0.111521766647                    -0.840924211784
  11                     0.455172678795                    -0.829397172710
  12                     0.208957013656                    -0.825169176057
  13                    -0.217936323316                    -0.823542930496
  14                     0.348230979944                    -0.815626193906
  15                    -0.528486551085                    -0.784718932448
  16                    -0.320144594834                    -0.782290698865
  17                     0.546588576855                    -0.772219376390
  18                     0.032768213396                    -0.761081294607
  19                    -0.424639615538                    -0.755702027243
  20                     0.140192229046                    -0.742117558325
  21                    -0.127939132191                    -0.734356688969
  22                     0.253605114691                    -0.727000553002
  23                    -0.234353688860                    -0.716975407681
  24                     0.360080669252                    -0.708454594713
  25                    -0.636795510432                    -0.699695158990
  26                     0.467485376922                    -0.698946935659
  27                     0.603263143468                    -0.680490644198
  28                    -0.035996571214                    -0.678029676875
  29                    -0.531400639238                    -0.676933613872
  30                     0.070310631872                    -0.660003435383
  31                    -0.319778451940                    -0.651181968320
  32                    -0.427553703690                    -0.647916708668
  33                     0.184527909518                    -0.643829643263
  34                     0.701124569416                    -0.635221359670
  35                     0.290835112604                    -0.625803401771
  36                    -0.711050279815                    -0.619489996978
  37                    -0.220087280511                    -0.610098673061
  38                     0.400958058519                    -0.608678805117
  39                     0.508362794387                    -0.599171169304
  40                    -0.603810151136                    -0.597039750548
  41                    -0.113315939305                    -0.594659838050
  42                    -0.007472874339                    -0.574046190076
  43                     0.612989506030                    -0.573105521012
  44                    -0.501466471293                    -0.563099538315
  45                     0.098834328747                    -0.556019948584
  46                     0.768849068249                    -0.551319279433
  47                    -0.395159268207                    -0.545073296822
  48                     0.205141531833                    -0.537993707091
  49                    -0.783415977000                    -0.530416105149
  50                    -0.288852065121                    -0.527047055330
  51                     0.311448734918                    -0.519967465599
  52                    -0.676391720935                    -0.517302165083
  53                    -0.182544862035                    -0.509020813837
  54                     0.417795614828                    -0.502176795463
  55                     0.525200330317                    -0.492669224749
  56                    -0.076237658949                    -0.490994572345
  57                    -0.573128381913                    -0.482531781800
  58                     0.030069544136                    -0.472968330852
  59                     0.629827041961                    -0.466603576457
  60                    -0.463924052817                    -0.462021679091
  61                     0.136376747222                    -0.454942089360
  62                     0.736134245047                    -0.448577334964
  63                    -0.357616849732                    -0.443995437598
  64                     0.242683950308                    -0.436915847867
  65                    -0.741260854209                    -0.431173410543
  66                     0.842441448133                    -0.430551093471
  67                    -0.251309646646                    -0.425969196106
  68                     0.348991153394                    -0.418889606375
  69                    -0.848367790876                    -0.418752825693
  70                    -0.145002443560                    -0.407942954613
  71                     0.455338033303                    -0.401098936239
  72                    -0.638996040513                    -0.396996302852
  73                    -0.038695240474                    -0.389916713121
  74                     0.561645236389                    -0.383072694746
  75                    -0.532688837428                    -0.378970061359
  76                     0.067611962612                    -0.371890471628
  77                     0.667952439475                    -0.365046453254
  78                    -0.426381634341                    -0.360943819867
  79                     0.173919165698                    -0.353864230136
  80                     0.774259642561                    -0.347020211761
  81                    -0.320074431256                    -0.342917578374
  82                     0.280226368784                    -0.335837988643
  83                     0.885554203555                    -0.331280585433
  84                    -0.213767228170                    -0.324891336882
  85                    -0.714551406006                    -0.319974332311
  86                     0.386533571870                    -0.317811747151
  87                    -0.849468071472                    -0.310933735579
  88                    -0.107460025084                    -0.306865095389
  89                     0.492880451779                    -0.300021077015
  90                    -0.601453622038                    -0.295918443628
  91                    -0.001152821998                    -0.288838853897
  92                     0.599187654865                    -0.281994835522
  93                    -0.495146418952                    -0.277892202135
  94                     0.105154381088                    -0.270812612404
  95                     0.705494857951                    -0.263968594030
  96                    -0.388839215866                    -0.259865960643
  97                     0.211461584174                    -0.252786370912
  98                     0.811978540677                    -0.246008076177
  99                    -0.282532012780                    -0.241839719150
 100                     0.317768787260                    -0.234760129419
 101                    -0.776395158343                    -0.231646181845
 102                    -0.918232856081                    -0.227882117847
 103                     0.918254130045                    -0.227796378980
 104                    -0.176224809694                    -0.223813477658
 105                     0.424075990346                    -0.216733887927
 106                    -0.670218406648                    -0.212866825896
 107                    -0.069917606608                    -0.205787236165
 108                     0.530422870255                    -0.198943217791
 109                    -0.563911203562                    -0.194840584404
 110                     0.036389596478                    -0.187760994673
 111                     0.636730073341                    -0.180916976298
 112                    -0.457604000476                    -0.176814342911
 113                     0.142696799564                    -0.169734753180
 114                     0.743037276426                    -0.162890734806
 115                    -0.351296797390                    -0.158788101419
 116                     0.249004002649                    -0.151708511688
 117                    -0.845159942952                    -0.148594564113
 118                     0.849344542942                    -0.144864867384
 119                    -0.244989594304                    -0.140761859926
 120                     0.355311205736                    -0.133682270195
 121                    -0.738983191258                    -0.129815208165
 122                    -0.138682391218                    -0.122735618434
 123                     0.461618408821                    -0.115656028703
 124                    -0.632675988172                    -0.111788966672
 125                    -0.032375188133                    -0.104709376941
 126                    -0.940895053300                    -0.098986546041
 127                     0.567965288731                    -0.097865358567
 128                    -0.526368785086                    -0.093762725179
 129                     0.941848187565                    -0.089464122427
 130                     0.073932014953                    -0.086683135449
 131                     0.674272491816                    -0.079839117075
 132                    -0.420061582001                    -0.075736483687
 133                     0.180239218039                    -0.068656893956
 134                     0.780579694902                    -0.061812875582
 135                    -0.313754378914                    -0.057710242195
 136                     0.286546421125                    -0.050630652464
 137                    -0.807747975868                    -0.046763590433
 138                    -0.207447175829                    -0.039684000702
 139                     0.392853624211                    -0.032604410971
 140                    -0.701440772783                    -0.028737348940
 141                    -0.101139972743                    -0.021657759210
 142                     0.499160827297                    -0.014578169479
 143                    -0.595133569696                    -0.010711107448
 144                     0.873083510318                    -0.006412415802
 145                     0.005167230343                    -0.003631517717
 146                    -0.903787812350                     0.002251882825
 147                     0.605507707206                     0.003212500657
 148                    -0.488826366611                     0.007315134044
 149                     0.111474433429                     0.014394723775
 150                    -0.382519163525                     0.025341375537
 151                     0.717863535715                     0.026566743904
 152                     0.217781636515                     0.032420965268
 153                    -0.276211960439                     0.043367617029
 154                     0.324088839601                     0.050447206760
 155                    -0.772793501148                     0.055280681106
 156                    -0.169904757353                     0.061393858522
 157                     0.430396042687                     0.068473448253
 158                    -0.663898354307                     0.072340510284
 159                     0.943060660256                     0.075620292898
 160                    -0.063597554267                     0.079420100014
 161                     0.536703245772                     0.086499689745
 162                    -0.557591151221                     0.090366751776
 163                     0.837029675611                     0.095205928079
 164                     0.042709648819                     0.097446341507
 165                    -0.940390103220                     0.103673966778
 166                     0.643050125682                     0.104290359881
 167                    -0.451283948135                     0.108392993268
 168                     0.149016851905                     0.115472582999
 169                    -0.344976745049                     0.126419234761
 170                     0.255324054991                     0.133498824492
 171                    -0.839675280792                     0.142179698216
 172                    -0.238669541963                     0.144445476253
 173                     0.742233367952                     0.146585173544
 174                     0.361631258077                     0.151525065984
 175                    -0.732663138916                     0.155392128016
 176                    -0.132362338877                     0.162471717746
 177                     0.467938461163                     0.169551307477
 178                    -0.626355935830                     0.173418369508
 179                    -0.026055135791                     0.180497959238
 180                     0.928331611648                     0.182434252367
 181                    -0.520048732745                     0.191444611000
 182                     0.580302385944                     0.192843424476
 183                     0.080252067294                     0.198524200731
 184                    -0.413741529659                     0.209470852493
 185                    -0.922099099042                     0.211695746689
 186                     0.825551003148                     0.215027400829
 187                     0.186559270381                     0.216550442223
 188                    -0.307434326573                     0.227497093985
 189                     0.292866473466                     0.234576683716
 190                    -0.201127123487                     0.245523335477
 191                     0.704107824940                     0.247444529978
 192                    -0.820684525969                     0.248318842934
 193                     0.399173676552                     0.252602925208
 194                    -0.695629058463                     0.256657470442
 195                    -0.094819920401                     0.263549576970
 196                     0.505480879638                     0.270629166701
 197                    -0.588837806213                     0.274505246798
 198                     0.011487282684                     0.281575818462
 199                    -0.482530603127                     0.292531488291
 200                     0.897510882390                     0.295860025736
 201                     0.609473139793                     0.299120860899
 202                     0.117794485770                     0.299602059955
 203                    -0.376223400041                     0.310557729783
 204                     0.787425460135                     0.315886757263
 205                     0.224101688856                     0.317628301447
 206                    -0.269916196955                     0.328583971275
 207                     0.330408891942                     0.335654542940
 208                    -0.881721099351                     0.337653343062
 209                    -0.763994597423                     0.340038081983
 210                    -0.163608993869                     0.346610212767
 211                     0.436716095027                     0.353680784433
 212                    -0.657602590823                     0.357556864530
 213                    -0.057301790783                     0.364636454260
 214                    -0.551295387737                     0.375583106022
 215                     0.540708355182                     0.382172478630
 216                     0.049005412303                     0.382662695752
 217                    -0.444988184651                     0.393609347515
 218                     0.858965685527                     0.396559943398
 219                     0.647015558267                     0.400198720123
 220                     0.155312615389                     0.400688937245
 221                    -0.338680981565                     0.411635589007
 222                     0.753330544234                     0.418179002912
 223                     0.261619818475                     0.418715178737
 224                    -0.232373778479                     0.429661830499
 225                    -0.834730113115                     0.435240896573
 226                     0.367927021561                     0.436741420229
 227                    -0.726452178947                     0.441115941207
 228                    -0.126066575393                     0.447688071991
 229                    -0.620060172347                     0.458634723754
 230                     0.471925785053                     0.465209367160
 231                    -0.019759372307                     0.465714313484
 232                    -0.513752969261                     0.476660965246
 233                     0.578229125035                     0.483258375964
 234                     0.086547830779                     0.483740554976
 235                    -0.407445766175                     0.494687206739
 236                     0.684536328121                     0.501284617458
 237                     0.192855033865                     0.501766796469
 238                    -0.301138563089                     0.512713448231
 239                     0.790851314087                     0.519264900246
 240                     0.299162236951                     0.519793037961
 241                    -0.194831360003                     0.530739689723
 242                    -0.780819807682                     0.534230535960
 243                     0.403161000443                     0.548260984891
 244                    -0.088524156917                     0.548765931215
 245                    -0.582517753871                     0.559712582978
 246                     0.509464340425                     0.566309993696
 247                     0.017783046169                     0.566792172708
 248                    -0.476210550785                     0.577738824470
 249                     0.615771543511                     0.584336235190
 250                     0.124090249255                     0.584818414200
 251                    -0.686819068031                     0.587051249276
 252                    -0.369903347699                     0.595765065962
 253                     0.230397452340                     0.602844655693
 254                     0.725252260051                     0.607202132702
 255                    -0.263596144613                     0.613791307455
 256                    -0.157288941527                     0.631817548947
 257                    -0.050981738441                     0.649843790439
 258                     0.367384591095                     0.649977332370
 259                    -0.544975335395                     0.660790442202
 260                     0.055325464644                     0.667870031932
 261                     0.545117718570                     0.668069531024
 262                    -0.438668132309                     0.678816683694
 263                     0.651424921656                     0.686095772518
 264                     0.162967196715                     0.687016545280
 265                    -0.649276649555                     0.688129108499
 266                    -0.332541232830                     0.697903313105
 267                     0.272905103659                     0.701936867242
 268                    -0.226053726137                     0.714869166678
 269                     0.448804737276                     0.720666274973
 270                    -0.119746523052                     0.732895408171
 271                    -0.013439319966                     0.750921649663
 272                    -0.551960825515                     0.768388628702
 273                     0.092867883120                     0.768947891155
 274                     0.354325249839                     0.772625809844
 275                     0.541448851278                     0.775831798182
 276                    -0.445653622429                     0.786414870194
 277                    -0.292074322452                     0.800118493201
 278                     0.245145637440                     0.806126976396
 279                    -0.082540262654                     0.834097488177
 280                     0.444970950247                     0.834630628573
 281                    -0.190350344089                     0.835873199692
 282                     0.023766940432                     0.852123729669
 283                     0.151443033081                     0.859474785598
 284                    -0.375563637163                     0.868351191662
 285                     0.346899746225                     0.880194526051
 286                    -0.272176817396                     0.906091395883
 287                     0.244494893266                     0.913949716772
 288                    -0.146965935517                     0.934600214493
 289                    -0.039332952498                     0.941231147030
 290                     0.082614635001                     0.942473691784
