   1   0.313083959008240678304668928922   0.197628507158132666813455957548
   2  -0.078097753041038105216403358989   0.241477898037505108524415560071
   3   0.543594518307782738618926068617  -0.452248085351708726057200155902
   4  -0.286344554297495586381908830831   0.150476476715348210540569187622
   5  -0.144250366695141863226854925648   0.534748783585456336194194101064
   6   0.079521332249919399186033887170  -0.119216142252377562374007037102
   7   0.721785565693362039833280231499   0.258677710300699177918057615784
   8   0.628059336128670310084307546504   0.327650645111304962795677507912
   9  -0.150485301171404733653093746713  -0.436434246895632200931919256246
  10   0.142805977206794370139869169273   0.445403184762671898728829174926
  11  -0.065440824049663111025636302569   0.354401763440515000744982802477
  12  -0.347496474168642810616823960723  -0.414361542589197861701063208275
  13   0.000711789604440646984815264090   0.061130877892563773075204261484
  14  -0.371389031419237209009366274975  -0.640359533620798991136332871100
  15   0.498977451928314649473199711771   0.055294969129906472461456758557
  16   0.277245897119843442451287911870  -0.141361781340393620987041953537
  17  -0.586057856617014366249023672324   0.126898277473840187329807030595
  18  -0.507248313971535614047805049244  -0.053448742671101148119404267992
  19   0.321395915831535923931214500351  -0.781327749597802600305610616272
  20  -0.377811025934349332773894510331   0.217899631457279653769213243803
  21  -0.715495115227993095213310521085  -0.144450163993258046103250640441
  22   0.365312994071959723482491779678   0.649132971646406398996873808998
  23  -0.254608701799633474235846482633  -0.481934957556710649923842442471
  24   0.300896178487000000000000000000  -0.893900650046000000000000000000
  25  -0.914419155766888954120654003517  -0.231159333308990967610000424120
  26   0.127655627331420899784170668109   0.934505789505826705775162235260
  27  -0.783495441578310077630152537095   0.153307771444900640885384927172
  28  -0.206385137520167561208861312777   0.827496645425580844554950978714
  29  -0.103411611023788093597937471830   0.015630167231485324083281075260
  30   0.768424950692727654712583142654   0.546918755357837566721035041990
  31   0.261189593443730982899739043757   0.603632260985327950004950622774
  32   0.797341081380693617750209591489  -0.256030396005845548098873150625
  33   0.246870110245000000000000000000   0.908638663154000000000000000000
  34  -0.182221153669266845799156094910   0.195977187376426659532492373847
  35  -0.184787717998851772876296647328  -0.775556878005934847868660850838
  36   0.910174797013000027709601402435   0.247343624724049237588604936598
  37  -0.817970992583544478408683763370   0.469596087186827110754020495034
  38   0.381369297748072183034040647791  -0.095861070679315171995118767313
  39  -0.794552803588297389604147135447   0.266399468639831324566975334197
  40  -0.660786172014156698128602651653  -0.548729266449915492950104425577
  41  -0.260215847119042293804381140020  -0.860542727219069560575910244691
  42  -0.011945139386934347205951792330  -0.051792987510446119145362980921
  43  -0.358732102427862214818599218554  -0.527435668217789098915765628695
  44  -0.587558245122036099416089765848  -0.737815924467885450120650306728
  45  -0.535480562456890966597928611297   0.578525283094171104884382694285
  46  -0.352497167951599344392360397490   0.443747362263299438210347728615
  47   0.065815135265188264645028634997  -0.896905521605114694522979313226
  48   0.026025647587190635366349376932   0.286978608698583557516338746296
  49   0.830620956509342613842514126707  -0.147382123398908380643651309095
  50   0.613591156033722988968794962122  -0.122392446587393003250172318953
  51   0.417207359636469418887421664842   0.243129217819211115805379143773
  52   0.161886868232395297666759918118  -0.299936617630063307193667560182
  53  -0.692901377510000000000000000000   0.081725670028000000000000000000
  54  -0.451619874796871551199576696644  -0.459862253250276310692986394499
  55  -0.935631044127069639576685575013  -0.119128414221698470298656473300
  56  -0.243373073540414070034071224802  -0.368860831928119412709140022050
  57  -0.267265630791008468426613539054  -0.594858822959720542144409684876
  58  -0.643781795996141721931875568550   0.544132841440132195586069139263
  59   0.835318042753877016440707573662   0.078572035469231280312855749038
  60   0.732772896573793098382449108224   0.371776232789605854950054418035
  61   0.654973806980388637357149554937   0.553308999438622146844458931044
  62   0.637321493929264123952973145927  -0.519901745247533122531950866560
  63   0.391893501653719430505887552001   0.017281487013191331364244658962
  64   0.667630735971763631547916611357   0.666232864841632039065026173449
  65   0.068997128344272151714186982960  -0.232358699944884065733370463377
  66  -0.598714785608389360439790728744   0.013974412070830295109239788190
  67  -0.052783895058288116834869246148   0.467325628843524892965550044883
  68   0.420326229857365658985755684691  -0.725427926737613501884246735198
  69   0.488891352597312503928337198687   0.806586805722023552285003403002
  70  -0.815789720321026014292686945553  -0.043933884053529909469650206024
  71  -0.327183309968849356010826284648   0.669595093069319222651482213426
  72  -0.157293925237433137889503316154   0.929976156088255791805057380789
  73   0.751237000905347765792883012236  -0.359888043738560141470631324748
  74  -0.573817281481724493132421917931   0.685493938332333141236739139884
  75   0.837444357749144594454122034823  -0.433917016817052047588605554328
  76  -0.207535011652016834180690207751  -0.029870543429593124908642110965
  77   0.057761500085052747512411725129  -0.345432825573475302948072883797
  78   0.828619179721571863418230637261   0.450541102239114798630195169942
  79  -0.035126272283956588868565752961  -0.277859410605962514725293649601
  80   0.045104571093677753321644668708  -0.458356690976485195168640126202
  81   0.642202236464905523464104156405   0.440398042416649094646631142873
  82  -0.365154096942974338583127453910   0.330823496860289545989780486209
  83   0.266010268860624038249512654039  -0.254435906968984858201744373957
  84   0.937860237580000000000000000000  -0.100071432177000000000000000000
  85  -0.931945461654216135599115001811   0.145171231004621118249150564555
  86  -0.485158623241000000000000000000  -0.808835573957000000000000000000
  87  -0.573400927625639372058256615903   0.239822142876850079550374273001
  88   0.556251447299157732809693125037  -0.339324219948698833836632913496
  89  -0.532562171954285602429339162085  -0.279296473477120932560538752803
  90  -0.757063039509570774999929106842   0.373667892783990461671036478455
  91  -0.299001483288870580572675887251   0.037552611312338318320001945216
  92   0.231707852033176999026309753423  -0.593558538079287505138485968549
  93  -0.059018829534550987261108067212  -0.503857401637563644160563312427
  94   0.300427030016865684113901872501   0.084704641755122774592888715143
  95  -0.038308265363040475937724100924  -0.942406232266193143514902499450
  96   0.715250048592665075899472324321  -0.614828754855754410921039278484
  97  -0.560743998634264377867489559482   0.352746008279859971770941515407
  98   0.234274416362761926103450305842   0.377975527303074002262667256135
  99  -0.519905242962910608238572105665  -0.166372608074111040339971510397
 100  -0.093321246361998026484310967828  -0.842980032747866291097304907018
 101  -0.481934455988785625666270936403   0.172398988134918636321730216820
 102   0.647717918936011479201678804537  -0.406747374690630277065276969677
 103  -0.682187530485727099990721332564   0.651319585963044922171295017097
 104  -0.428438741899849309536962736013  -0.233795830154759915113055725820
 105  -0.907724262129681289633057605379   0.256190737050371818425030733990
 106   0.010802154266230714098441768093  -0.797479322086787842105381720794
 107   0.706932210416033495881396279722  -0.187195569936876366161972933553
 108  -0.013461313914000000000000000000   0.708890417106000000000000000000
 109  -0.441095744030000000000000000000  -0.346719688010000000000000000000
 110  -0.862440298380786625408851029917  -0.332204845895572657451100680470
 111   0.273899169150590857986248072632   0.797384144524474987150995442859
 112   0.567487075558377137011468382868  -0.226250094320107596621930493076
 113  -0.232848869634766822562224320592  -0.255718274235612909349776595776
 114  -0.407319529146000000000000000000   0.850580909448000000000000000000
 115   0.208960558380011937721916193001   0.152127796497054217821532771324
 116   0.841143319637257857006761026863   0.337602432384976158039337604032
 117   0.115243781869000000000000000000  -0.752712413764000000000000000000
 118   0.707351292376668331984131644719   0.145967245024094151641269187359
 119  -0.314526380977474361820059228228   0.782518958472329114872049455832
 120  -0.418649781605703102402811964148   0.737018247811250665880126269607
 121  -0.556140278139206112383209164225  -0.504443443389229550700299315257
 122  -0.168749375482188547412395460519  -0.927965881961001003804554300872
 123  -0.462855503056090955401351954475  -0.572936378878867547907688814919
 124  -0.624028643591139348821324841585  -0.211873318735189489331894696622
 125   0.475179824382913770489141411851  -0.159982692005849643998114655799
 126   0.812178555236919005119576882589   0.189822030284972047984475303132
 127  -0.128725469006538081979471584671  -0.210217563574534460357853409552
 128   0.451287267132319372096599097599  -0.385980683037450773433384318625
 129   0.156068955832000000000000000000   0.559134457768000000000000000000
 130  -0.297851609157021307600846992277   0.894919800167512287783595034895
 131   0.038682576578565629557116433352   0.399902474101593449736905988701
 132  -0.443963669014660643093969767141   0.511170584343948312983431944037
 133   0.740083738980440072825547745761  -0.078508066594067271533228936386
 134   0.117492119224044381758335056432   0.219555453956652114287694690115
 135   0.136573010249645309285225805278  -0.525784348436083091634802044993
 136   0.338397816990990666686203041763   0.423476237964152451254590442360
 137  -0.386106569564539782888393976950  -0.753033360661471426926834408414
 138  -0.833201384355935410280779472980  -0.442009595955381828856262801344
 139  -0.415781812908474315346195679593  -0.120871964751750022892488483414
 140  -0.550986864796547166610732969696   0.465957295563075142889540032717
 141   0.550804264576005469694749562272   0.507914025440268315686677617346
 142   0.536546016486411407089227880778   0.395181157161024260164961493113
 143  -0.752727138360365416530418092124  -0.361785578600886983406858740522
 144  -0.071675758525925981451875123633  -0.616781267040573536381130554833
 145  -0.261030696314745598000374717989   0.376324207521367994981703672433
 146   0.582663357143000000000000000000   0.741682532918000000000000000000
 147  -0.131593437703766869036087869228   0.647672648988466228414761343469
 148  -0.664867399262493118450242295403   0.307245297618781522779018329182
 149  -0.324315341271620568954210000093  -0.188295119493681466121132539595
 150  -0.311658412280245574763442943672  -0.075371254090671573900565297189
 151   0.043994821759287008185314113445   0.833379981896300242993343683493
 152  -0.336972270262995563144977056513  -0.301218984896691358341699782000
 153  -0.554308066543576350680049365593  -0.390827246349728870366965749573
 154  -0.169564224677891851608389038489   0.308901052779436551753059616252
 155   0.098892663753052683354011779421   0.733890162449899892845124386319
 156   0.175465144505394378739177315597  -0.926719489852775338892011402014
 157   0.063996434561315617938650546193   0.625750204907613234178040473513
 158   0.616774823708890409734316831747   0.214581387536588233368880246487
 159  -0.373716328681861654193170114379  -0.865986798678731507234257308055
 160  -0.659288098335797921944679926950   0.431564853909036233591226477695
 161   0.844911001840690745960992983630  -0.034653281333189375190022820613
 162  -0.456620598006035637284736823562   0.398246718940938420762864701631
 163   0.413684136942662923742231845348  -0.847621651830161317206563284536
 164  -0.645774538180430097072035045093  -0.323404091607797427138321693392
 165   0.013368718595815641175582320511   0.174054743295573665295771503890
 166  -0.175799159154154722034627859553  -0.662281977701651985373053741057
 167   0.438630338140944377905832041179  -0.498904548440460665653951561030
 168   0.214556967822926116294350128660  -0.820024473198947099976658832516
 169  -0.677524328253868112641009351824   0.194321432215771630558451086776
 170  -0.567375906398425516584984422056  -0.617517569017820787915001735677
 171  -0.116068540015163087788704528251  -0.097293698171524568137286167146
 172   0.942907243616771768551017503477   0.022868313105887814414106812853
 173  -0.194878082660641839989923151331   0.083053321973416767311925131441
 174  -0.672021800273376102330377909484  -0.661803392078506730164806845998
 175   0.357476740497477784641498333539  -0.321859061710916301430388430139
 176  -0.080664317370623032293543911408  -0.730056167344856398876737664613
 177  -0.702838186236618101022543464665  -0.031526298590248153882683398035
 178   0.463944196123694366287366154020  -0.273056817634440881212817076219
 179   0.219050923041802004835542697003  -0.706482403482297397359053210954
 180  -0.761225598059368538213209846513  -0.248472854638420071549958597289
 181  -0.139249672912185329451318488881  -0.323360121267040963717216835826
 182   0.476234423605937509737570142267   0.693662940319013660064436160596
 183  -0.755562542802521454985574399450   0.564554934194250966982187987750
 184   0.164168814484872479752137273791   0.826901029420843375040788375421
 185   0.512614450968492658796773029688  -0.791721828969972218785199403462
 186  -0.114918665883313814816875633277   0.760073490683649401326306922532
 187   0.730490779893626343305262335792   0.034717250208353383969649633265
 188  -0.469277526997410631475503879982   0.285322853537928528542297459225
 189  -0.156907295686516857417621982069   0.421824918182446443973626858658
 190   0.130149048215419375949102112853   0.332479319359662006508261932520
 191   0.240696410877874049867978541198  -0.480283637775004642642878858769
 192   0.335831252661405739609062489344  -0.548057827418209056146562782324
 193   0.325740887999615672495435985342   0.310552372561142559034023199954
 194   0.196303629388636943531149136580   0.039203931094044325600965528918
 195   0.404550430645094424696654608422   0.130205352416201223584811901367
 196  -0.870296355227000000000000000000   0.363553509085000000000000000000
 197  -0.065827453600579391497517636654   0.862553001346324348576413324607
 198  -0.403124883917099321155428623172  -0.007948099348740130671921241008
 199  -0.431391235535846218714724033577   0.624103888313462060432417875592
 200   0.092178261241294393376800943590  -0.006292276849367670153439794697
 201  -0.223059909340620615428073548728   0.715095803730397671643405399650
 202   0.429641779296247327064163253404  -0.612179448744743528149558670811
 203   0.323599686750000000000000000000  -0.661408344752000000000000000000
 204  -0.046361900543175993070341010792  -0.390933536234553751939996070021
 205  -0.163142230162779727843860803133  -0.549358112298642093152486498652
 206   0.246931345354136920294217362263   0.490899392706083894483234498541
 207   0.253353339869249044058745597619  -0.367359772371994750422311616363
 208   0.127584451404948258443557017503  -0.639059248740365954130409154774
 209  -0.024602068378309341396718848751  -0.164716852913456011365930223327
 210   0.916828313353139442503753149294  -0.221411096477400286761625538675
 211  -0.248373767323370603809607661569   0.489248072924377887202270914839
 212   0.523882543862153715291812841293  -0.678650933901481545258562117173
 213   0.636121809635966019610481163454  -0.696380695535675309782305763458
 214   0.352656065080584729291724723257   0.536209106243396506776306566593
 215   0.563461193567380463885516618693   0.620837890843278207907244859752
 216  -0.611371714599764354630557785165  -0.098949453332179597111327454216
 217   0.104835190232669387567568000011   0.106631588553642222067127447709
 218  -0.090754682032413099407170415410   0.128554032634495216303848317666
 219   0.173122496491614701868535175950  -0.186862492001472069978965139761
 220   0.384767951969083763345584462766   0.761086095060945103293080216778
 221   0.014348260028172216640579359284   0.943075371984366401664168520276
 222   0.370133669488852778832265389960  -0.208935196307906409209821187733
 223  -0.339840238960224350201593341069   0.556671227666309330430914971020
 224   0.444122536717438475683710402757   0.468785951501465063547662510411
 225   0.287770101025490689923134816080  -0.028219223647887117627678527263
 226   0.511232158503661418707693767937   0.169333426355004475723827008302
 227   0.625780955085031677415731519566  -0.009417201386780505907831862255
 228   0.533198093301035383370220410007  -0.565402455908611571523874052785
 229  -0.521105516606060213659891895226   0.786159061750240342764425067549
 230  -0.666011495499360193901036982326  -0.435218503860966315773480134284
 231   0.032447642102302759130877612288  -0.571280556379495087389207368608
 232   0.883548438224490446411448614077  -0.330059369084337454216847380205
 233  -0.828446649312401008483454001974  -0.156857749456539801690217448429
 234   0.221617487371386931912683249421   0.265051661900064110042100013730
 235   0.208623018418771061588122578262   0.704373277553531504955331453757
 236  -0.482912351247085513670696278420  -0.693530101407199507870845196407
 237  -0.390467954925724326964661566752   0.104975766054269761548646001398
 238  -0.943167002591845887267122112692  -0.005747610912377317228039009573
 239   0.933314284529958039030732093508   0.136093629908308469916985382504
 240   0.523889087495036412898460824358   0.282257291758014367944394250708
 241   0.183646700397261949340382080160  -0.073719934308965566619601713487
 242  -0.853017011821679092530524652809   0.063425912875186411560654398715
 243   0.051339505569940623747883489773   0.512826339504603341957473231107
 244  -0.279358836008000000000000000000  -0.709114317878000000000000000000
 245   0.344819811506102790450731277119  -0.434782927113926193650955672544
 246   0.359675632599030172685079334700   0.871911961796473216152167379804
 247  -0.235716838331995609618840605148   0.602171938327387779422838157245
 248  -0.273687625306120592191141774410   0.263400342118358102761136430028
 249   0.521283904858259622446467991104  -0.056125044273135050626356481676
 250  -0.494591384980160619857037992824   0.059475122731908744101162974414
 251  -0.040126966066913122644102189727   0.580249494246534785186117287288
 252  -0.773999875355583188153713947365  -0.539000206640803426282514729982
 253  -0.220191940643391828371457264172  -0.142794408832603017129209353370
 254   0.660828129940687643924069700468  -0.291053217669590959533731107675
 255   0.023459083257605708289208824513  -0.684555456683777949884814478388
 256   0.429864288627844413078188721263   0.356053083222221008025946386179
 257   0.456779465708813469874477459178   0.581709816904474955768229752817
 258   0.149229939241020303475992861698  -0.412860483033073199414234802587
 259   0.602641467568073666094600828493   0.101832793428960261763787691839
 260   0.750183040856011384074682848487  -0.506700667475190843065913892544
