   1                    -0.025655726873                    -0.935414026756
   2                     0.176946107116                    -0.918883938781
   3                    -0.257128630884                    -0.899745789072
   4                     0.301131793760                    -0.885989424632
   5                    -0.133346227146                    -0.865364829907
   6                    -0.377937468901                    -0.856049582311
   7                     0.069255606843                    -0.848834741932
   8                     0.422040806510                    -0.834876475749
   9                    -0.491623054131                    -0.796218808130
  10                     0.183765240966                    -0.790596631374
  11                    -0.038434893430                    -0.778785545083
  12                    -0.268445870340                    -0.771776832214
  13                     0.535392881772                    -0.767471224165
  14                     0.307950927610                    -0.757702117225
  15                    -0.386835635411                    -0.721897003077
  16                    -0.596042674545                    -0.721381139132
  17                     0.076074740692                    -0.720547434524
  18                    -0.151699901752                    -0.718162350525
  19                     0.424227926093                    -0.703078006687
  20                     0.635462663396                    -0.686909616472
  21                     0.190584374815                    -0.662309323966
  22                    -0.031644007026                    -0.650496739296
  23                    -0.491255255824                    -0.647059334079
  24                    -0.256504389199                    -0.643864616783
  25                    -0.689228260252                    -0.632947093399
  26                     0.314770061459                    -0.629414809817
  27                     0.524297707718                    -0.622516398995
  28                    -0.374590112330                    -0.593269203741
  29                     0.082865627097                    -0.592258628738
  30                    -0.142244298957                    -0.585138424958
  31                     0.671563475945                    -0.563617827769
  32                    -0.584440841532                    -0.558625288347
  33                     0.417089805652                    -0.551730810327
  34                     0.197375261219                    -0.534020518179
  35                    -0.769423477105                    -0.532583449473
  36                    -0.024744923477                    -0.522086673987
  37                    -0.250232718066                    -0.515549380082
  38                     0.786724209046                    -0.506678040450
  39                    -0.464578629486                    -0.501583868990
  40                     0.532588236910                    -0.494315771251
  41                     0.312535994321                    -0.477080730860
  42                     0.089764710646                    -0.463848563429
  43                    -0.135417894236                    -0.456851504241
  44                    -0.352822452678                    -0.438222281466
  45                     0.647748970011                    -0.437375983932
  46                    -0.571776207945                    -0.430782647243
  47                    -0.700087576036                    -0.424432320717
  48                    -0.835116829555                    -0.422181831404
  49                     0.427696727422                    -0.420140943541
  50                     0.205644325466                    -0.405818504136
  51                    -0.017876556880                    -0.393698115434
  52                     0.762909703112                    -0.380436196613
  53                    -0.238328922403                    -0.379952517837
  54                    -0.459714121534                    -0.366960054742
  55                     0.542857460523                    -0.363201156222
  56                     0.320805058567                    -0.348878716817
  57                     0.098033774892                    -0.335646549385
  58                     0.878070436212                    -0.323496409292
  59                    -0.124018627064                    -0.321324109980
  60                    -0.765780928486                    -0.314030702648
  61                    -0.345220591258                    -0.308690291113
  62                     0.658018193624                    -0.306261368903
  63                    -0.570734827152                    -0.302318452409
  64                     0.435965791668                    -0.291938929498
  65                    -0.891086074763                    -0.285697786371
  66                     0.213913389712                    -0.277616490092
  67                    -0.008857893963                    -0.264384322661
  68                    -0.230910295919                    -0.250061883255
  69                     0.773178926725                    -0.249321581583
  70                    -0.452930451971                    -0.238670867140
  71                     0.551126524769                    -0.234999142179
  72                    -0.673258198273                    -0.224903387967
  73                     0.329074122813                    -0.220676702773
  74                     0.106302839138                    -0.207444535342
  75                     0.914102704986                    -0.200184571112
  76                    -0.115749562818                    -0.193122095936
  77                    -0.796036285434                    -0.187092342738
  78                    -0.338623210709                    -0.180036500993
  79                     0.666287257870                    -0.178059354858
  80                    -0.558994979605                    -0.166183283334
  81                     0.444234855914                    -0.163736915454
  82                    -0.921818669215                    -0.160959494469
  83                     0.222182453958                    -0.149414476049
  84                    -0.000588829717                    -0.136182308617
  85                     0.809211195498                    -0.126009743402
  86                    -0.222641231673                    -0.121859869212
  87                    -0.444693633628                    -0.107537429806
  88                     0.559395589015                    -0.106797128134
  89                    -0.666979691264                    -0.096588485566
  90                     0.337343187060                    -0.092474688730
  91                     0.114571903385                    -0.079242521298
  92                     0.932901984332                    -0.071530414411
  93                    -0.107480498572                    -0.064920081893
  94                    -0.809394716317                    -0.059320334251
  95                     0.702319526643                    -0.054747516678
  96                    -0.329532900527                    -0.050597642487
  97                    -0.552660961390                    -0.037361924069
  98                     0.452503920160                    -0.035534901410
  99                    -0.935177100098                    -0.033187485982
 100                     0.230451518205                    -0.021212462005
 101                     0.007680234530                    -0.007980294574
 102                     0.819210759040                     0.002068914294
 103                    -0.214372167427                     0.006342144832
 104                    -0.436424569383                     0.020664584238
 105                     0.567664653264                     0.021404885909
 106                    -0.711531263397                     0.023907536147
 107                     0.345612251306                     0.035727325314
 108                     0.122840967631                     0.048959492745
 109                     0.933835041910                     0.060081047551
 110                    -0.099211434325                     0.063281932151
 111                     0.685485867557                     0.072613237678
 112                    -0.321263836281                     0.077604371557
 113                    -0.543316238238                     0.091926810962
 114                     0.460772984409                     0.092667112634
 115                    -0.930909591687                     0.095210030350
 116                     0.238720582451                     0.106989552040
 117                    -0.803731021514                     0.113368915700
 118                     0.015949298776                     0.120221719470
 119                     0.800813957137                     0.129213286989
 120                    -0.206103103180                     0.134544158876
 121                    -0.661521442731                     0.142242449276
 122                    -0.428155505136                     0.148866598281
 123                     0.575933717511                     0.149606899953
 124                     0.353881315554                     0.163929339358
 125                     0.131110031877                     0.177161506789
 126                     0.916805832599                     0.187415802659
 127                    -0.090942370079                     0.191483946195
 128                     0.693754931804                     0.200815251721
 129                    -0.312994772035                     0.205806385600
 130                    -0.535047173991                     0.220128825006
 131                     0.469042048656                     0.220869126677
 132                    -0.909096576708                     0.221813056403
 133                     0.246989646699                     0.235191566083
 134                    -0.781918006535                     0.239971941753
 135                     0.024218363022                     0.248423733514
 136                     0.809083021385                     0.257415301033
 137                    -0.197834038934                     0.262746172919
 138                    -0.653252378485                     0.270444463320
 139                    -0.419886440890                     0.277068612325
 140                     0.584363945755                     0.277872916524
 141                     0.362150379801                     0.292131353401
 142                     0.139379096125                     0.305363520833
 143                    -0.082673305833                     0.319685960238
 144                     0.702401896035                     0.328992331724
 145                    -0.304725707788                     0.334008399644
 146                    -0.870149180368                     0.344235416071
 147                    -0.547839491433                     0.347992432699
 148                     0.477311112903                     0.349071140721
 149                    -0.742970610195                     0.362394301421
 150                     0.255258710947                     0.363393580127
 151                     0.032487427270                     0.376625747557
 152                     0.856554809894                     0.376791023540
 153                    -0.189564974687                     0.390948186963
 154                    -0.411617376643                     0.405270626369
 155                     0.605381416892                     0.413201360071
 156                     0.370419444048                     0.420333367445
 157                     0.147648160372                     0.433565534876
 158                    -0.646096464449                     0.446771630807
 159                    -0.074404241585                     0.447887974282
 160                     0.749873684545                     0.448368054230
 161                    -0.296456643542                     0.462210413689
 162                    -0.520447056842                     0.473536536866
 163                    -0.806954509634                     0.473795353665
 164                     0.493591711373                     0.476503773676
 165                     0.267534570638                     0.497637979691
 166                     0.040756491517                     0.504827761601
 167                    -0.181295910440                     0.519150201007
 168                    -0.405771304116                     0.535945078813
 169                     0.613650481138                     0.541403374114
 170                     0.386700042518                     0.547766000400
 171                     0.155917224619                     0.561767548919
 172                    -0.606450849222                     0.568969662794
 173                    -0.066135177338                     0.576089988325
 174                     0.737310842525                     0.576220738319
 175                    -0.734457406254                     0.579853374718
 176                    -0.288187579294                     0.590412427732
 177                     0.501860775619                     0.604705787719
 178                     0.286172771919                     0.627756010366
 179                     0.051633216464                     0.638642618871
 180                    -0.505227092941                     0.648076457651
 181                    -0.184972270629                     0.667051377421
 182                     0.651441551638                     0.671774904691
 183                    -0.380679246497                     0.679571977565
 184                     0.173273757164                     0.689058100832
 185                     0.406246562496                     0.693633453564
 186                    -0.625467768382                     0.696022764346
 187                    -0.062051995822                     0.704493498623
 188                     0.536177830714                     0.728505923252
 189                     0.282812432191                     0.756180470439
 190                    -0.280156492504                     0.759567663435
 191                    -0.524244012101                     0.775129559203
 192                    -0.155906266869                     0.792217552534
 193                    -0.399696165657                     0.806625079117
 194                     0.130223755020                     0.810098718576
 195                     0.001887303828                     0.815920155167
 196                     0.447746304246                     0.821693899702
 197                     0.330985059243                     0.875275104371
 198                    -0.299193406319                     0.886645883873
 199                     0.207985506480                     0.912359384710
 200                    -0.174936076052                     0.919268724079
 201                     0.081065904871                     0.932247787254
 202                    -0.047381602755                     0.934565461321
