   1  -0.186548091587848877318617328546   0.568900226248768308472213048185
   2  -0.307314738632651342751053165870  -0.117998641969281579223728559145
   3   0.135350970652305584869831500549   0.375154725105815255151435786015
   4   0.137577022857461399220080945830   0.500370884634404767925132660181
   5  -0.010603489963325770921059791008  -0.937322053244014881390063802755
   6  -0.305088686427495528400803720589   0.007217517559307933549968315021
   7  -0.869569597095312660645094013133   0.112175821540563619478471288808
   8  -0.081529779579861250240111942099   0.379010360625445863511247361767
   9   0.790577311799519793776841200621   0.224493952345809886142934413689
  10   0.350005668679316605629525497917   0.246082930057595134017927336096
  11  -0.426837176769000000000000000000  -0.834548042135000000000000000000
  12  -0.291642762672609930388270293903   0.758663301025403196530064563566
  13   0.010215203997553559687988939619  -0.562038653598790786471384982355
  14  -0.197761337413990018020956721905  -0.057318379964802127016785909938
  15   0.002692000607051613438783791083   0.937378162018781965360554835099
  16   0.804955281423771107704935166602   0.400505976591844901044290582154
  17  -0.633258458761921970755006276730  -0.691135869350921034497432913329
  18   0.832148533609704565038450805615  -0.021302145069265836770779231133
  19   0.356683825294784048680273833759   0.621731408643363672339017958594
  20  -0.869481783708839668329212118418   0.350266317671957678246383006643
  21   0.236000163050343652198930163391  -0.065029651004063343736409061443
  22   0.119768605216214884418085383584  -0.501358391594311334264442333148
  23   0.124220709626526513118584274146  -0.250926072537132308717048584816
  24  -0.416868139851312667481149609835  -0.178678903973761031430671208352
  25  -0.092660040605640321991359168503  -0.247070437017501700357237009064
  26   0.675570154899568951899498539445  -0.649838465548131915941655911871
  27   0.121994657421370698768334828865  -0.376142232065721821490745458982
  28  -0.292542099411000000000000000000   0.890492191389000000000000000000
  29   0.030249673843955888840233947147   0.564906782158514828491886885141
  30   0.677022872717987228269025294112   0.171678885552443366553848438126
  31  -0.311782145748000000000000000000  -0.884011730082000000000000000000
  32   0.354457773089628234330024388478   0.496515249114774159565321084428
  33  -0.519743384454506549160497717957   0.136289312607528054683476764939
  34   0.023571517228488445789485611304   0.189258303572746290170796262642
  35  -0.744789254643631883063246332353   0.361920291707949391521331967891
  36   0.572094071166085086899778281687   0.361716949031879462041593565880
  37  -0.937356838948071815022948759666   0.006871824667202753941601085896
  38  -0.407963931030689410080151828712   0.322185734140597019664116288313
  39   0.345553564269004976929026607355  -0.004349388999583891529466412236
  40  -0.425621456395448517012862082244  -0.709249894135777806217627948704
  41  -0.743153437011064410106296901124   0.571321305882793190265570054321
  42  -0.635974942288635316941342497763  -0.300039427982719935844556506766
  43  -0.204439494029457461071705057748  -0.432966858550570665337876532437
  44  -0.515208295243832851508906660440   0.386859440235329951851385100565
  45  -0.526421541069973992211246053799  -0.239359165978240483637613857559
  46  -0.618216552420250910244797519514   0.579970975486367973796122623096
  47  -0.783721060418369889437435338398   0.242889386415973502437614438400
  48  -0.206665546234613275421954503029  -0.558183018079160178111573406603
  49   0.810985165737543242724559618277  -0.144736960967442746727422465248
  50   0.578772227781552529950526617529   0.737365427617648000362684188378
  51   0.227095954229720394797932382268  -0.565894289118421394831196558108
  52   0.231548058640032023498431272829  -0.315461970061242369283802809775
  53   0.249356476281278538300426835076   0.686267306167473732905772183554
  54   0.247130424076122723950177389795   0.561051146638884220132075309388
  55   0.756166553229589546082779379977  -0.553983040601299037824060631342
  56  -0.298410529812028085350055384747   0.382865996145076471871058937520
  57  -0.293881670099000000000000000000   0.633447370074000000000000000000
  58   0.343327512063849162578777162075  -0.129565548528173404303163286402
  59  -0.630303207944651174081430656277  -0.565934797438112406236157951349
  60   0.347779616474160791279276052636   0.120866770529005621244230461930
  61   0.007989151792397745337739494339  -0.687254813127380299245081856521
  62   0.019119412818176817088986720743  -0.061174015484432735376597485691
  63   0.681647472384746411629874725651   0.422397211036358914248536215087
  64   0.709806492849648146779737704671   0.050810046861190052114698967776
  65   0.341101459858693348228527716794  -0.254781708056762917076860160568
  66  -0.865455895321259096958260590401  -0.095667417679730729133346200192
  67  -0.193309233003678389320457831344   0.193113939092376898530607838394
  68   0.334423303243225905177779380952  -0.630430186642531455397950783065
  69   0.441903412745205153468769439920  -0.695242703905135138500342152411
  70   0.549393022044550413643229065746  -0.759507980751838026283552348670
  71   0.455106965487666301659123051320   0.056330873004895560677476236970
  72   0.670018048896639202550081869736  -0.463084871660968379568870645212
  73   0.338875407653537533878278271514  -0.379997867585352429850557034734
  74  -0.302862634222339714050554275309   0.132433677087897446323665189187
  75   0.873826556859494917424756172414  -0.339281909367502402748388616731
  76  -0.202213441824301646721455612467  -0.307750699021981152564179658271
  77  -0.876889935684844450753558307738  -0.331284026466124051953817278625
  78  -0.309980600181835915721644542752  -0.757325192259573493404355143454
  79   0.130898866241993956169332609988   0.124722406048636229604042037683
  80   0.224869902024564580447682936987  -0.691110448647010907604893432274
  81   0.321721234823049934918757123634  -0.880443361358872522280795985831
  82  -0.088207936195328693290860277941   0.003361882039677325190156739269
  83  -0.633748890083479502591093052483  -0.174823268454130423070859632600
  84  -0.208891598439769089772203948310  -0.683399177607749690885270280769
  85   0.139803075062617213570330391111   0.625587044162994280698829534347
  86   0.911255327795948951147217008685  -0.219769863858709812536084979555
  87  -0.822401201425931405839274456785  -0.449823664773389638079649146200
  88  -0.646237835644000000000000000000   0.202037297468000000000000000000
  89  -0.421320244261624296181648500396  -0.429111223030940056978064956685
  90   0.133124918447149770519582055269   0.249938565577225742377738911849
  91  -0.188857128593366760619958940783   0.443546258149555924078001586727
  92   0.886281947414220449889334648479   0.305269348583566764538161737462
  93   0.202690260113753994988563631606  -0.841511767822719810282060228410
  94  -0.643362894832000000000000000000  -0.431318269436000000000000000000
  95   0.035399721219170312799699310699   0.816488762450958638066320122617
  96  -0.094886092810796136341608613784  -0.372286596546091213130933883230
  97  -0.419094192056468481831399055116  -0.303895063502350544204368082519
  98   0.457333017692822116009372496601   0.181547032533485073451173111136
  99  -0.755098475821185456693703716111  -0.555437986916182048805304806494
 100   0.669936657140926229095153896640  -0.193914151086121260502067120299
 101  -0.518034498673236745756214394956   0.781233206975578128422205880575
 102   0.127623668490785887843219137142   0.928653468597373087921514168342
 103  -0.744877068030104875379128227068   0.123829795576555332753420250056
 104  -0.414642087646156853130900164554  -0.053462744445171518656974334186
 105  -0.321290556012000000000000000000  -0.627446160053000000000000000000
 106  -0.624761696462494176239003104404   0.326179178230850499644442451357
 107  -0.403428841820015712428560771194   0.572755861768398916832024623938
 108  -0.752510279460570366766237768503  -0.345903979716413685324576486073
 109   0.240452267460655280899429053953   0.185402668053115681810984686889
 110   0.021345465023332631439236166023   0.064042144044156777397099388476
 111  -0.794098046437000000000000000000   0.008463378702000000000000000000
 112   0.028023621638800074489984501866   0.439690622629925315718190010974
 113   0.555756157885704368988221714162  -0.383853503104983038210368610486
 114  -0.617552224499967103639194836979   0.705205158455410370507142342970
 115  -0.079303727374705435889862496818   0.504226520154035376284944235934
 116  -0.309540790837807157101302611151  -0.243214801497871091997425433312
 117  -0.300636582017183899700304830028   0.257649836616486959097362063354
 118  -0.517517332249350734810248272676   0.261505472136117567457173639105
 119  -0.528647593275129806561495499080  -0.364575325506829996411310731726
 120   0.466237226513445373410370277724   0.682411670647843124545960607800
 121   0.551303579725362387973241283540  -0.634286610032389552153281292962
 122  -0.405654894025171526778810216475   0.447539702239809404058327749771
 123   0.791812424522930352221990083590  -0.433927162880764925099914523743
 124   0.114439357002800112806807744480  -0.930370194635320356667913132626
 125   0.574320123371240901250027726968   0.486933108560468974815290440046
 126   0.468966222608000000000000000000   0.810952605960000000000000000000
 127  -0.099338197221107765042107504345  -0.622718915603270238678327631562
 128   0.446202756667043044258125270197  -0.444533765109462490417311259693
 129   0.233774110845187837848680718110  -0.190245810532652856510105935609
 130  -0.313992895248118785801801501713  -0.493647120555050117544819181644
 131   0.244904371870966909599927944513   0.435834987110294707358378435221
 132  -0.522975858931145663701583657593  -0.630470694962222466802912176308
 133   0.128672814036838141819083164707  -0.000493753479953283169654836484
 134  -0.311766843042962971451552056432  -0.368430961026460604771122307478
 135  -0.074153679999491011930397133265   0.755808500446479185859377473410
 136  -0.202653251168330405341797544068  -0.821861089783683553971109368413
 137   0.773556394801089209002098782006  -0.264249006476235336939726102424
 138  -0.629296785673167873890594161921   0.075609050603048602476534115733
 139   0.672244101101795016900331315017  -0.337868712132378866795173771046
 140  -0.199987389619145832371206167187  -0.182534539493391639790482784105
 141  -0.408710801742000000000000000000   0.843565335190000000000000000000
 142  -0.135457070504465335098998108056  -0.927543232171593458346953620062
 143  -0.184322039382693062968367883265   0.694116385777357821245909922351
 144   0.448428808872198858608374715478  -0.319317605580872977643614385527
 145   0.117542553011059070067835938303  -0.626574551122900847038139207314
 146  -0.508663151201589585514701075550   0.640651237490847426003065272303
 147   0.553530105680548554637972268881  -0.509069662633572550984065484652
 148  -0.410189983235845224430401273992   0.196969574612007506890419414146
 149  -0.076994690369187552588520884582   0.629580488253247760679155697392
 150  -0.085981883990172878940610832660   0.128578041568266837963853613435
 151   0.560244065567113377087594501953  -0.133485869054195688005256874463
 152   0.336649355448381719528028826233  -0.505214027113941942624253908900
 153   0.560848207940000000000000000000  -0.258720719592000000000000000000
 154   0.461785122103133744709871387163   0.431979351590664098998566859468
 155  -0.741076239096985012970940051167  -0.110287370930020362504105407640
 156   0.932418695668110273461108196023  -0.096335047960532902579441745440
 157  -0.101564249426263579392356949626  -0.747935075131859751452024505728
 158   0.443976704461887229907875824917  -0.569749924638052003191008133859
 159   0.358909877499939863030523279041   0.746947568171953185112714832760
 160   0.576546175576396715600277172248   0.612149268089058487588987314212
 161   0.597672836503567410810055338224  -0.013973823545403097792953237288
 162   0.707365428077380262817614732910  -0.074402105577328670289763483123
 163  -0.908413589483577674703401124463   0.231235412379981789162665477153
 164   0.464011174308289559060120832443   0.557195511119253611772263733634
 165   0.345347873382564007210497218342   0.871447021824688294742015185815
 166   0.701404649804784605111079715778   0.621865405637912688358002601928
 167  -0.631522837878323688240843607202  -0.049607108925540910297162758433
 168   0.332197251038070090827529935672  -0.755646346171120968171647657232
 169   0.936109782922000000000000000000   0.048644975222000000000000000000
 170  -0.191083180798522574970208386063   0.318330098620966411304304712560
 171  -0.090433988400484507641109723222  -0.121854277488912187583540134898
 172  -0.646987601434000000000000000000   0.450480578437000000000000000000
 173   0.012441256202709374038238384900  -0.436822494070201273697688108189
 174   0.126446761831682327468833719426  -0.125709913008542795943351710650
 175   0.823360931931180712287553611180   0.103625113654556571703784943340
 176   0.452954677982000000000000000000  -0.068886616077000000000000000000
 177   0.684330887240000000000000000000   0.296870284399000000000000000000
 178   0.459559069897977930359621941882   0.306763192062074586224869985302
 179  -0.182083132686923060735623382802   0.819332316122968772779052174361
 180   0.032558710849473772141575559383   0.690260750257727212886098346599
 181   0.115316500805903255717586493022  -0.751790710651490359811836081480
 182   0.229322006434876209148181827549  -0.440678129589831882057499683941
 183   0.919065567545881368400047059038   0.184400509892313450099012267113
 184  -0.913225221854003098939885288427  -0.211435001044493670026382615419
 185  -0.788845565629729014952564749192  -0.226054954294783303397141822867
 186  -0.412416035441001038780650719273   0.071753415083417994116722539980
 187   0.242678319665811095249678499233   0.310618827581705194584681561055
 188  -0.812680069153801425002886541891   0.467157543765645244665686703516
 189   0.222532326872135512715198743356   0.846944298489229590137442094193
 190   0.238226215255499466549179608671   0.060186508524526169037287812723
 191  -0.410034583323894700266322536902   0.717829262302993207793955582001
 192  -0.195535285208834203670707276625   0.067897779563787385756910964228
 193  -0.122287717997032270765034113453   0.929371174248511178915838133940
 194   0.440257087130000000000000000000  -0.823596012758000000000000000000
 195  -0.097112145015951950691858059064  -0.497502756074680725904630757396
 196  -0.521969436659662363510747163238   0.011073153078938541909779890773
 197   0.142112112068135096871672003348   0.750941012262206665093040995805
 198  -0.512982243038677037158657215159   0.512075599763919464625081974731
 199   0.014667308407865188388487830181  -0.311606334541611760923991234023
 200  -0.083755831785017064590361387380   0.253794201096856350737550487601
 201   0.778041578509982055127479640186   0.522815806576918300126351794329
 202   0.025797569433644260139735056585   0.314474463101335802944493136808
 203  -0.524195488864818177860996608518  -0.114143006449650970863916983393
 204   0.352231720884472419979774943198   0.371299089586184646791624210262
 205   0.016893360613021002738737275462  -0.186390175013022248150294359857
 206   0.450654861077354672958624160759  -0.194101446052283464869917511361
 207  -0.296101492806510202048713772511   0.508219964244288856265270398979
 208   0.569868018960929272549528836406   0.236500789503289949267896691714
 209  -0.535476043173058469342243170732  -0.769383176762205426909100514661
 210  -0.423546296466780110531897945677  -0.554327382559529569751761830851
 211   0.569195771281972909725407548766   0.107981490696635203907653544607
 212   0.005475343893000000000000000000  -0.813103039325000000000000000000
 213  -0.530873645480285620911744944361  -0.489791485035419509185007605892
