   1                    -0.042524286559                    -0.942407819872
   2                     0.070729522328                    -0.940711511875
   3                    -0.155244750892                    -0.930490465754
   4                     0.180102870447                    -0.911270496105
   5                    -0.265651352500                    -0.905161949376
   6                     0.292452823033                    -0.896890272109
   7                    -0.400407683609                    -0.854174748403
   8                     0.410583150945                    -0.849056605182
   9                    -0.084428470765                    -0.837177871501
  10                     0.099919528817                    -0.831270906022
  11                    -0.500027710926                    -0.799241032853
  12                    -0.302106742451                    -0.797905505866
  13                    -0.188926684650                    -0.793480892392
  14                     0.511909360120                    -0.792394864272
  15                     0.315942720671                    -0.786086267681
  16                     0.202701818274                    -0.783677800824
  17                     0.005639459055                    -0.768496937421
  18                    -0.399987806519                    -0.740909014876
  19                     0.415751451500                    -0.732537038568
  20                    -0.599459337320                    -0.728415620922
  21                    -0.098858754829                    -0.724799958312
  22                     0.107143345442                    -0.718234986237
  23                     0.586208112130                    -0.706902185415
  24                    -0.302079383072                    -0.683959534577
  25                    -0.496390518664                    -0.681446255276
  26                     0.209925634898                    -0.670641881039
  27                     0.323143468625                    -0.667321517439
  28                    -0.191466737704                    -0.659584437182
  29                    -0.010785689023                    -0.653578909683
  30                     0.683973841285                    -0.649708087022
  31                     0.482777145096                    -0.641230636349
  32                    -0.700744755371                    -0.631583408366
  33                    -0.400467004235                    -0.620990481685
  34                    -0.588601591841                    -0.615670722805
  35                     0.091996600434                    -0.605985804485
  36                     0.585559434552                    -0.593637531151
  37                    -0.103393671897                    -0.588363388554
  38                     0.390169162221                    -0.576015115219
  39                    -0.298783944228                    -0.570740972622
  40                     0.194778889890                    -0.558392699287
  41                    -0.494174216559                    -0.553118556691
  42                     0.723750362159                    -0.543655594946
  43                    -0.000611382441                    -0.540770283356
  44                     0.492951451678                    -0.528422010021
  45                    -0.196001654772                    -0.523147867424
  46                    -0.732343320488                    -0.522813773951
  47                     0.297561179347                    -0.510799594090
  48                    -0.391391927103                    -0.505525451493
  49                    -0.595374271515                    -0.501806251651
  50                     0.102170907016                    -0.493177178158
  51                     0.595733741134                    -0.480828904823
  52                     0.814524352879                    -0.475910592938
  53                    -0.093219365315                    -0.475554762226
  54                     0.400343468803                    -0.463206488892
  55                    -0.288609637646                    -0.457932346295
  56                    -0.824951303362                    -0.457598252821
  57                     0.204953196472                    -0.445584072960
  58                    -0.483999909977                    -0.440309930363
  59                     0.698516030591                    -0.433235799625
  60                     0.009562924141                    -0.427961657028
  61                    -0.679390182309                    -0.422687514432
  62                     0.503125758259                    -0.415613383694
  63                    -0.185827348190                    -0.410339241097
  64                     0.307735485928                    -0.397990967762
  65                    -0.381217620521                    -0.392716825165
  66                     0.112345213597                    -0.380368551831
  67                    -0.576607892852                    -0.375094409234
  68                     0.865691042295                    -0.374859751365
  69                     0.605908047716                    -0.368020278496
  70                    -0.083045058734                    -0.362746135899
  71                    -0.771998165183                    -0.357471993302
  72                     0.410517775385                    -0.350397862564
  73                    -0.278435331065                    -0.345123719967
  74                    -0.882607766926                    -0.333083088231
  75                     0.215127503054                    -0.332775446633
  76                    -0.473825603396                    -0.327501304036
  77                     0.708690337172                    -0.320427173298
  78                     0.019737230723                    -0.315153030701
  79                    -0.669215875727                    -0.309878888104
  80                     0.513300064841                    -0.302804757366
  81                    -0.175653041608                    -0.297530614770
  82                     0.317909792510                    -0.285182341435
  83                    -0.371043313939                    -0.279908198838
  84                     0.812408055921                    -0.274908633056
  85                     0.122519520179                    -0.267559925503
  86                    -0.566433586270                    -0.262285782906
  87                     0.616082354298                    -0.255211652169
  88                    -0.072870752152                    -0.249937509572
  89                    -0.761823858601                    -0.244663366975
  90                     0.420692081967                    -0.237589236237
  91                    -0.268261024483                    -0.232315093640
  92                     0.915436802133                    -0.227851432306
  93                    -0.872433460344                    -0.220274461904
  94                     0.225301809636                    -0.219966820305
  95                    -0.463651296814                    -0.214692677708
  96                     0.718864643754                    -0.207618546971
  97                     0.029911537305                    -0.202344404374
  98                    -0.659041569145                    -0.197070261777
  99                     0.523474371423                    -0.189996131039
 100                    -0.165478735026                    -0.184721988442
 101                     0.328084099092                    -0.172373715108
 102                    -0.360869007357                    -0.167099572510
 103                     0.822582362503                    -0.162100006728
 104                     0.132693826761                    -0.154751299176
 105                    -0.556259279688                    -0.149477156579
 106                     0.626256660880                    -0.142403025841
 107                    -0.062696445570                    -0.137128883244
 108                    -0.761620650954                    -0.130582792332
 109                    -0.934939078545                    -0.125816268074
 110                     0.430866388549                    -0.124780609910
 111                    -0.258086717901                    -0.119506467313
 112                     0.936146303043                    -0.116494262531
 113                     0.235476116218                    -0.107158193978
 114                    -0.453476990232                    -0.101884051381
 115                     0.730164383103                    -0.094917088835
 116                     0.040085843887                    -0.089535778046
 117                    -0.648867262563                    -0.084261635449
 118                     0.533648678005                    -0.077187504712
 119                    -0.155304428444                    -0.071913362115
 120                     0.338258405674                    -0.059565088780
 121                    -0.350694700775                    -0.054290946183
 122                     0.843843922602                    -0.050846922499
 123                    -0.850260440592                    -0.050591066429
 124                     0.142868133343                    -0.041942672848
 125                    -0.546084973107                    -0.036668530252
 126                     0.636430967461                    -0.029594399514
 127                    -0.052522138988                    -0.024320256917
 128                    -0.741475245437                    -0.019046114320
 129                     0.441040695130                    -0.011971983582
 130                    -0.247912411319                    -0.006697840985
 131                     0.245650422799                     0.005650432349
 132                     0.943232153407                     0.007632500324
 133                    -0.443302683650                     0.010924574946
 134                    -0.943261932180                     0.014062048350
 135                     0.739213256918                     0.017998705684
 136                     0.050260150468                     0.023272848281
 137                    -0.638692955981                     0.028546990878
 138                     0.543822984587                     0.035621121616
 139                    -0.145130121863                     0.040895264213
 140                     0.348432712256                     0.053243537547
 141                    -0.340520394194                     0.058517680144
 142                    -0.840769946553                     0.062277145266
 143                     0.843406169067                     0.062418743349
 144                     0.153042439925                     0.070865953479
 145                    -0.535910666525                     0.076140096076
 146                     0.646605274043                     0.083214226813
 147                    -0.042347832406                     0.088488369411
 148                    -0.733378281681                     0.098298705424
 149                     0.451215001712                     0.100836642745
 150                    -0.237738104737                     0.106110785342
 151                     0.255824729381                     0.118459058677
 152                    -0.433128377068                     0.123733201274
 153                    -0.934699172162                     0.127100257800
 154                     0.934381370314                     0.129893297414
 155                     0.750473623167                     0.130706725209
 156                     0.060434457050                     0.136081474608
 157                    -0.628518649399                     0.141355617205
 158                     0.553997291169                     0.148429747943
 159                    -0.134955815281                     0.153703890540
 160                     0.358607018838                     0.166052163875
 161                    -0.330346087612                     0.171326306472
 162                    -0.823753903117                     0.174258201494
 163                     0.163216746507                     0.183674579806
 164                    -0.525736359943                     0.188948722403
 165                     0.656779580625                     0.196022853141
 166                    -0.032173525824                     0.201296995738
 167                    -0.716989401030                     0.212082053524
 168                     0.461389308294                     0.213645269073
 169                    -0.227563798155                     0.218919411669
 170                     0.871085766431                     0.223823959167
 171                     0.265999035963                     0.231267685004
 172                    -0.422954070486                     0.236541827601
 173                     0.759561870081                     0.243615958339
 174                    -0.910400466734                     0.247208017817
 175                     0.070608763632                     0.248890100936
 176                     0.564171597750                     0.261238374270
 177                    -0.124781508699                     0.266512516867
 178                     0.368781325419                     0.278860790202
 179                    -0.626847510343                     0.280665887127
 180                    -0.320171781030                     0.284134932799
 181                    -0.803900790788                     0.285771234899
 182                     0.173391053089                     0.296483206134
 183                    -0.515562053361                     0.301757348731
 184                     0.666953887207                     0.308831479468
 185                    -0.021999219243                     0.314105622065
 186                     0.471563614876                     0.326453895400
 187                    -0.217389491574                     0.331728037997
 188                     0.881260073013                     0.336632585494
 189                     0.276173342545                     0.344076311332
 190                    -0.412779763905                     0.349350453929
 191                     0.769736176663                     0.356424584666
 192                     0.080783070214                     0.361698727263
 193                    -0.727312052426                     0.369218630570
 194                     0.574345904332                     0.374047000598
 195                    -0.114607202117                     0.379321143195
 196                    -0.862163101794                     0.382904163591
 197                     0.378955632001                     0.391669416529
 198                    -0.616673203761                     0.393474513454
 199                    -0.309997474448                     0.396943559126
 200                     0.183565359670                     0.409291832461
 201                    -0.505387746779                     0.414565975058
 202                     0.677128193789                     0.421640105796
 203                    -0.011824912661                     0.426914248393
 204                     0.481737921458                     0.439262521727
 205                    -0.207215184992                     0.444536664324
 206                     0.826786298825                     0.454274399432
 207                     0.286347649127                     0.456884937659
 208                    -0.402605457323                     0.462159080256
 209                     0.090957376796                     0.474507353591
 210                    -0.693036367060                     0.477174547874
 211                    -0.809302257563                     0.483079181661
 212                     0.585181701138                     0.487803515291
 213                    -0.104432895535                     0.492129769522
 214                    -0.582397518395                     0.501430430758
 215                     0.389129938583                     0.504478042857
 216                    -0.299823167866                     0.509752185454
 217                     0.734178315950                     0.519489920561
 218                     0.193739666252                     0.522100458789
 219                    -0.001650606079                     0.539722874720
 220                    -0.478406983227                     0.546322203765
 221                     0.491912228039                     0.552071148055
 222                    -0.197040878410                     0.557345290652
 223                     0.296521955709                     0.569693563986
 224                    -0.746176107518                     0.577201897496
 225                     0.101131683378                     0.587315979918
 226                    -0.375624693770                     0.593915308963
 227                     0.593187290111                     0.602792588203
 228                    -0.094258588953                     0.604938395849
 229                    -0.569279666656                     0.613934762470
 230                     0.400499553011                     0.618989549033
 231                     0.703493070442                     0.628520734538
 232                     0.203913972834                     0.634909085116
 233                     0.008523700503                     0.652531501047
 234                    -0.466497377200                     0.661527867668
 235                    -0.671620230305                     0.662470437188
 236                    -0.186866571828                     0.670153916979
 237                     0.507095567286                     0.676396378522
 238                    -0.299853605049                     0.678105835759
 239                     0.306696262291                     0.682502190314
 240                     0.111305989959                     0.700124606245
 241                     0.613665030474                     0.716305475145
 242                    -0.084084282372                     0.717747022177
 243                    -0.578416821186                     0.726832127787
 244                     0.408501631982                     0.732150648399
 245                     0.214088279416                     0.747717711443
 246                    -0.395080096052                     0.749441886129
 247                     0.018698007085                     0.765340127375
 248                    -0.176692265246                     0.782962543306
 249                     0.516742884569                     0.789251294045
 250                    -0.289679298467                     0.790914462087
 251                     0.315893649107                     0.797366169529
 252                    -0.494773049232                     0.803206351853
 253                     0.121480296541                     0.812933232573
 254                    -0.073909975790                     0.830555648504
 255                     0.418426694323                     0.845493888435
 256                    -0.380606631552                     0.862854817270
 257                     0.274140261657                     0.902656042378
 258                    -0.273122887174                     0.902964397086
 259                     0.053599354329                     0.903605611899
 260                    -0.159864483399                     0.904319632331
 261                     0.163981214427                     0.929005368778
 262                    -0.053005745716                     0.941876427577
