   1   0.013813446395299367181463636942  -0.852185304291765149868302933204
   2   0.372647017797451535043407152486   0.193012440300435167495754407722
   3   0.017481442877548367695961562434  -0.313800946128443724598644448059
   4   0.583215219238000000000000000000   0.401857026269000000000000000000
   5   0.111598084240830947075309522324   0.937813288950100605379078632401
   6   0.190637977070264886137058705248  -0.924989221037837635140086547061
   7   0.225909088274788907057206516065  -0.106381506357558586985229658435
   8  -0.048710803154958213780849959402   0.646194087141890615319704148718
   9   0.470200906201102533554373341886   0.392741650355348846731570699339
  10   0.585170096435434614286667958422  -0.467388777887528653568869751631
  11  -0.368419302462974424212125029587   0.431284286079410783701431232354
  12  -0.071255107094092758577459256761   0.162451389860926098358100786960
  13  -0.132332966590852104739055598012   0.935112765013339400025295943648
  14   0.319106896777216713714312658495  -0.780057780053320897997530685543
  15   0.265868694044604534075144240559  -0.682498447374385249559883039261
  16  -0.674400836263865962084336172618   0.024135636253611966852200151115
  17  -0.377236640894984296449670399792  -0.244697259964872718491130294280
  18  -0.709857911875752919000506692486  -0.267767949112787093623925788303
  19   0.837079433245000000000000000000   0.437308425813000000000000000000
  20  -0.623655524530883471293416637914   0.709226116312517848314841911283
  21  -0.009158294302328716982663587229   0.070277014549440717117791139159
  22  -0.598984154882163378150227928254  -0.260077719396815635246327290295
  23  -0.110807615946722255375645628933   0.738368462453375996560013796519
  24  -0.017975632734338589220208957435  -0.605704531494842785074770387475
  25   0.586009670969346282908202103225  -0.740635242793662229288937060556
  26   0.163812275483024865462410846534  -0.014207131046073205744920010634
  27  -0.390556509484922838788982974624  -0.052658279625930497632912500671
  28  -0.239723146721517670920766485904  -0.621084990926785701829967383494
  29   0.508605862318701546565363316785   0.795781360772340845282615365798
  30   0.150492406893086323123098271702   0.177831849292869015113297782974
  31  -0.177626333929753629325970816365  -0.713259366238271083070277031291
  32  -0.479293059456563965062403793818   0.423594056363439325323832734347
  33   0.669811213166333200678072925312  -0.075820455918049517847576037673
  34  -0.155489126907805214749112871329  -0.229316800532929801735933298265
  35   0.385966886387390077382719727318   0.000973459961492946637536614113
  36   0.203771881252840492480348571028  -0.590324072062899868319573391460
  37   0.483520774791041075893685916717   0.200702670016406625873352905729
  38   0.248453392213923451853815813424   0.377361190923405929976373703324
  39   0.288005901066552948652002185597  -0.198555881669043968225539306236
  40   0.314645638246430033330627335260  -0.582633842346928409941974893454
  41   0.794004838749861283867664264375  -0.260169206541020280328195333274
  42  -0.090604626581677492126225063505  -0.814119628693758340712308168377
  43  -0.792727082115000000000000000000   0.513342524015000000000000000000
  44  -0.536020339202282692875759036894   0.777579637914405712961814901617
  45   0.066258387079373866951444657134  -0.213936341100986884980736302251
  46  -0.785274593257455502934614936849   0.016445406537640508474601653107
  47   0.301325769656491490991314760428  -0.390594862007986189083757099845
  48   0.425519395240019574180906099491  -0.574943612630956951564376395446
  49  -0.417196246664799923467608124287   0.331419681051953944083523086546
  50   0.398879658060142489502280949828  -0.190865651953072509847940808228
  51   0.214057391036317764223845923759  -0.816344567821746952638100915694
  52  -0.142169258317866672409800296498  -0.421355780871872022594151091874
  53  -0.726790222395321148839112735020   0.603095241208375076992650716477
  54  -0.319642358261148924956641934887   0.531148891106867623319339378162
  55   0.336782845268378447907485280296  -0.098691276641587128607631160428
  56  -0.585785223731897751524534557187  -0.452057539419158191005336952624
  57   0.505581874787857455966327625226   0.684682372827484860030303868422
  58  -0.222041096551000000000000000000   0.731203724109000000000000000000
  59  -0.439333453686748338044466069324  -0.152522884653387337250820646479
  60  -0.166577975240000000000000000000  -0.929133826186000000000000000000
  61  -0.465973190866625422723091218987   0.231555076024497104465614940739
  62  -0.253043015311456213260079060729  -0.429046010587843480971749589881
  63  -0.788666138873835038956620164183   0.319099927949435416575520256000
  64   0.297981719723974808565679773926  -0.896189038120848147067751162656
  65  -0.755738381877934560578814899454  -0.566398618902049974061179468790
  66   0.643171475986456115999447775648   0.308257504759834923868859549545
  67   0.308892451618292877269582517760   0.892487171151983049518661956651
  68  -0.501430266478512379639261738855  -0.060348509341901956010510998678
  69  -0.771954724667516960595302362017  -0.175593573801301712383616140502
  70  -0.412804653000000000000000000000  -0.536675512492000000000000000000
  71   0.748607060327445539363655091359   0.343406717804113198018143471588
  72  -0.120032051295918257832942351460   0.062586784833469258740192641151
  73  -0.650807657776480806130674618245  -0.361923124826973688239168323024
  74  -0.612304023472101920489540503086  -0.068038739057873414388109496686
  75   0.177132144072963407801723421365  -0.206246111385015426603137804243
  76  -0.293002621081271840278016785224   0.147070930428983181602903790945
  77   0.092898124259250951630069806797  -0.598014301778871326697171889468
  78  -0.329825440510756502515876884756   0.834283731829593132784757871529
  79  -0.182128864087682299427738020992   0.154761160144954639980502288952
  80   0.106043211610470637691336116223  -0.790170789609214101113378888205
  81   0.700095940652224596183898484249  -0.457335117320901218962176778138
  82   0.026298781309558239933506932639   0.362180599915839777593917078576
  83   0.044121180057425452374586712097  -0.697878906806328166315080035276
  84  -0.363916772305045754110357824960  -0.436736240303814939349348087889
  85   0.607714400374569159083277255780   0.016353919393435863392733610128
  86  -0.168808995497743757088425446161  -0.037277820193987580877715504656
  87  -0.573078082572811418184675476537  -0.643794909658348649580775703086
  88  -0.897167141702339414959380858209   0.295023756987946513831990119729
  89  -0.495595306521000000000000000000   0.617141944730000000000000000000
  90  -0.133351919885856800172254926292   0.254625765172411479598410434760
  91   0.882654383057000000000000000000   0.335940502558000000000000000000
  92   0.030801311467486910035274137265  -0.505839926467385945456862241667
  93  -0.683967384450548529659138966646  -0.651257640527544241886426660106
  94  -0.355099433873035881872812454755   0.239245305740468562843213438745
  95   0.621034268964507701422589830612  -0.175685060945506357465484183481
  96   0.810703873119209580958450760890   0.251232342492627816777833823787
  97  -0.062138305389929456447727903853   0.848945258597953091313966073612
  98   0.762066612350092562177110655471   0.557855156540550623594325203695
  99  -0.022478162892267259321976162061   0.262315994888382937976008932768
 100   0.532297718992866575149169011417   0.300567275043863465491261051538
 101  -0.594607840238000000000000000000   0.418193503892000000000000000000
 102   0.190452012662901950141035996197  -0.398285091723957647461355597852
 103   0.124259766630395368664224474361   0.561709941546376692456992998925
 104   0.048962900937533646555182359051   0.846003902526269718617717468156
 105   0.683131081756271743017385500144  -0.267859436256991738705793831282
 106   0.297230336415748951109298908123   0.477225795950862769594281849132
 107   0.822300236120000000000000000000  -0.464289471813000000000000000000
 108   0.080654186706527072740540934638  -0.940979701961916478421585516748
 109  -0.625623892062040462828853077919   0.124000241281068806470108296923
 110   0.199966928710130978246530150279   0.870410937729103741925674845518
 111   0.252548825454665991735831665729  -0.490459467035443028701665245653
 112  -0.057935238504154216238146681929  -0.029587590478016122500117006649
 113  -0.528070003658389464317886888519   0.323729451335982485705924588539
 114   0.629354432417575893356250414373   0.505611629876516758094511538676
 115  -0.426013585096809795705153494492  -0.344561864992329558109038440088
 116  -0.093392314116041173154317201798  -0.321491175844415182976242946066
 117   0.911348715532806621202911142952  -0.247772912228782600570648765739
 118   0.456881037611163991215060767054   0.584780630694291067589788492947
 119   0.496840643380979618232998491549   0.008663689677464405015135112121
 120   0.829461914361748240783834784243   0.031734378825378780147930606143
 121   0.731908025958097242272868594843  -0.167994831229534899087885685474
 122  -0.452653322276686880383778644155   0.039516095685554883607397147130
 123  -0.328459696693158797194187305092  -0.144832654937415878873222148472
 124  -0.462159163872218757584073429979  -0.636786122512966658353451385321
 125   0.487783291624296302477295159569  -0.667005205219864555351894898707
 126  -0.066752576936164088475692052134  -0.705569136522299624692678533284
 127   0.545617587582805117488481586249   0.108528294704921244633043257929
 128   0.875931015666363077121952299882  -0.353118610570615624071536729417
 129   0.062162953838631327069428804829   0.653884316857862073697302646726
 130   0.310550205005687493448611482955   0.285186815611920548736064055523
 131  -0.523688410940133709929738887656  -0.544231914730643572245646600425
 132  -0.031295501324277131559521532266  -0.413665551155900564216552593866
 133  -0.615750690506823036950353542375   0.598367453042523416192713288411
 134   0.004161574287609825356648987603  -0.121761965789501503740426654450
 135   0.332451268990420923998459779765   0.771996045131026757217922618001
 136   0.173036710832220867919707569061   0.661574546573833532074901144734
 137   0.634354137554446243761902405444  -0.367724041284448578323701977090
 138   0.401198866151280703899278523961  -0.854977992194275864495951510160
 139   0.518977850402928032809856436586   0.492606255382805686349478845147
 140   0.363422582448255532586110429960  -0.482769237319471570324066747646
 141  -0.567645611688290820467293952761  -0.754802197180595548558229267562
 142   0.474296339441845073436389194191  -0.475079007603500111946468249638
 143  -0.201478383575267032976503827736  -0.821809858409729799089906666384
 144   0.346007280617574450364782002823   0.577090400978319609212189994940
 145  -0.004234353146000000000000000000   0.944389366839000000000000000000
 146  -0.872882607875718724106672844700  -0.360588200314032399211908108016
 147   0.274686032476614406312689610765  -0.006516901330101747367321512627
 148  -0.514750135068450921978574313687   0.131690470997040264847706794930
 149   0.917950078511241940050133094405   0.222071048763302887800613747504
 150  -0.217585939699569256343908540861  -0.137142425221444420495623650464
 151  -0.159991657065733884850880075956   0.638703725850295921314846021978
 152  -0.257545545469384883361846265355   0.438974515795382242079029730362
 153   0.762068841098000000000000000000  -0.557848559973000000000000000000
 154   0.199676448012097952598332718724   0.277496585895949090358465557515
 155   0.718588157368158699933556020012   0.024044149109407321770332108135
 156  -0.195448732677620841767050595824   0.346800140483896860838720082561
 157   0.323870073595626035787924057787   0.093147835272978327877846261914
 158  -0.208768601267559384106363170656   0.538839120822839081696937876170
 159   0.792250285654000000000000000000   0.137771389843000000000000000000
 160  -0.035798031482205801661288736893   0.454354975227325158834226726377
 161  -0.171858885526873916123293683084   0.831238651995605340168816895493
 162   0.359327149207512992704094577655   0.385051420639377388353972201331
 163   0.394548081782184965593255449296   0.679821669819541375977612970200
 164  -0.723177780465691461339819267318  -0.075728968773844872765707994694
 165   0.421423961999277034298890247186   0.292877045327892007113662553530
 166  -0.929058732952712179335917053268  -0.169699051446758320733267219627
 167  -0.365386777808069616610292995749  -0.834354143646165833728491271051
 168   0.350102713858316990246797855128  -0.290730256980529349465848954037
 169  -0.847229763293000000000000000000   0.416472846162000000000000000000
 170   0.481323558292143296192673116998  -0.777957453814633591224942738141
 171  -0.687825596602000000000000000000   0.216225799415000000000000000000
 172   0.110939898040456826324911899529   0.753748921885318913315210792534
 173   0.585965883758956042968752933319   0.607932514686298058475355684474
 174  -0.266362883901394755599391635561  -0.237007030248901260113531796272
 175   0.186356579422159410259020143892   0.469535566234891311216683351125
 176  -0.288225725908000000000000000000  -0.724859843940000000000000000000
 177  -0.277724014597507961311329257490  -0.902672293278946097300282493755
 178  -0.488110397888573837299949164023  -0.252387489680844176868728792287
 179  -0.736497649055630003679131842150   0.116310011565097348092509798915
 180   0.610871437056433670862244753314   0.720266606699377731587125741243
 181  -0.925613063215698523769614372844   0.187585592575975245705927048905
 182   0.944404912383416255523107731117   0.006874503887580291859069265970
 183  -0.279682752491333297938704210393  -0.044968049909959039255314002663
 184   0.079578255669312409290757231965  -0.405975321439929105838954095859
 185  -0.474790529298635294960636589191  -0.444426470019786397726946585896
 186  -0.084574975684031300916771831592   0.354490370199868319216318580569
 187  -0.350596903715107211771045250135  -0.628775220642757160207565881494
 188  -0.190946202519692171665283391197  -0.521220385899328862212059237682
 189   0.510160511970918160572311066381  -0.183375290661477815843082681488
 190   0.434743830589215576638202822018   0.100838064988949786255444759921
 191   0.261773260803861994193128388255   0.185322210584463709118155909715
 192   0.128355199871137908546240326666  -0.306110716412472266221045950051
 193   0.726935621724054308069727451080   0.452413499115265580818189546806
 194  -0.106712182705979715493629776629  -0.129452195505472962118025152457
 195   0.283910467825810408769986333292   0.669264776289804990452499642741
 196   0.378074981254000000000000000000  -0.685794074401000000000000000000
 197  -0.430516115254738465806920699119   0.523458661390896164941740880155
 198   0.558937456172743659827794161081  -0.083510685634020976225174535680
 199   0.155009103831000000000000000000  -0.690395515905000000000000000000
 200   0.115035331281199366206927751834  -0.114071736073530045362828156443
 201   0.075482822428569869408741379661   0.461845336518919852839084853117
 202  -0.097894844273969843256084406424   0.546529350538810540074536374177
 203  -0.044615369914215673898834107098  -0.221626570816958343358334800258
 204  -0.639085875747976163712948177742  -0.549582767527678257012323788407
 205   0.235133523623984909514503238592   0.569400171262348150834591496933
 206  -0.638943760651979005168165652751   0.316039221620011027328326090532
 207   0.239228956864727449396519090897  -0.298420486696500807843447452044
 208   0.705268288778220157594243445180   0.216083129448349542628549901744
 209  -0.661080967673927419745023597786  -0.167903344085330254006017642494
 210  -0.146671788475795342511567501124   0.446664745511353700456628228369
 211  -0.403876378074861381128295549456   0.139380700713011723225305292938
 212  -0.443835983844677008146233273950   0.715497641729838385799958673764
 213   0.088395594101322281528302602170   0.270006224604354396353607430775
 214  -0.853452540163643871895091245730  -0.251159675277540463521338060572
 215   0.460976470851906531097076619359  -0.283040027264557891088250456029
 216  -0.230905808289507798683221115692   0.054896555117497800362594143144
 217  -0.942561220406167450888277175975  -0.059382178505547559393657346080
 218   0.842781782951686783123147359075  -0.160304601513563440710287187466
 219  -0.128849389727928130070487721666  -0.613394761210814243452368885483
 220   0.594394531784630616743964680948   0.208392899732378084250951403737
 221   0.780684970159922741528351689543  -0.068130226202078059469977539665
 222   0.650911899533212966708664037227  -0.556999853923981294207344552678
 223   0.013386009636805827813945710129   0.554019711830405234079394500917
 224  -0.054581813905000000000000000000  -0.941287063698000000000000000000
 225  -0.315139828103220254854874730260  -0.336871635276358099731439942081
 226  -0.675364841106411068028224473816   0.504568291685677618047589486228
 227   0.448063699179154118977515396850  -0.091200915349992434602773033688
 228  -0.563527079270276421234057408387   0.031825865969583425229798649122
 229   0.938673209636778506736512145203  -0.104117735510416095102374408841
 230  -0.270865414059323425701158840187   0.631013496134324462937247523971
 231   0.765745835304746028620239533544  -0.367656686496812900131613470313
 232   0.408104093409338491959577672354   0.484916025666834227971880347139
 233  -0.381739171052912966551437604419   0.623323266418353004559649025963
 234  -0.475044170149054323145933278877  -0.816260334541024243892715779770
 235   0.540435529676296858477240669751  -0.569128387479025531006870727061
 236  -0.847476350455311998786390269511   0.108548995091273225693168285741
 237  -0.332962226851087467295954509719   0.723187871445809844177557171771
 238   0.572257324762682202167106735913  -0.275549665972963197083392329289
 239  -0.541389872248328006657199463350   0.515768431674924706564142382147
 240   0.656491344576394658338760350480   0.116218524420892703010641755936
 241  -0.834051537459281002190098031549  -0.083419198489816331143306492701
 242  -0.943010660246883810040814399800   0.051757047813459776636064490702
 243  -0.798699406253486499530907174812   0.208413600118730065311076431549
 244   0.412199526650081031841593524660  -0.382904632292014730706158601837
 245   0.691255446027532257864670061407   0.643516748558190930032177557294
 246  -0.204266071109630714004595966029  -0.329181405560386641353841444073
 247  -0.341779565283097339533499879924   0.047206325401526341984995645137
 248  -0.536887342090399336555432258723  -0.352252094708301016486636938096
 249   0.141675068461076450885552901496  -0.498149696751414487079263743660
 250   0.000056278535000000000000000000   0.746200139206000000000000000000
 251   0.523073283643670572691872288891  -0.375214402576043272328560103830
 252   0.137579635220333911003537049192   0.369670961207434471598775205316
 253   0.906870138882636151074552395211   0.111484591361031396606071800212
 254  -0.301819959513281712515562155429  -0.528910615615300320589657735690
 255   0.221813655034046367175190663760   0.761439151601290371692809290542
 256  -0.399499118462184822598720663460  -0.728578542309867324185045445329
 257  -0.712126322821546927855972967966   0.399683959752515704433347845597
 258   0.052938518489435324612132082302  -0.021897360762044664122518508642
 259   0.212589219684850364717893941233   0.085657473981383633872988135174
 260  -0.440962082716575696705221074034   0.835164857344876757017631956429
 261   0.411599170021943801937445502400   0.850020011867294504038166594961
 262  -0.761873558892390079607490806051  -0.365984557119776225902991877400
 263  -0.550207210680337878894744833555  -0.160213114369358795628419144487
 264  -0.244225676879446341022533690524   0.246935535456440021220811936753
 265  -0.249335468833528450746124464745   0.910922456260242303944093082804
 266  -0.576846947860214963573369983219   0.223864846308525646088016442731
 267  -0.710856873175362194632624110550  -0.464723745902183989187076597091
 268   0.039618649899496782272819507471   0.170141619576897556735699284967
 269  -0.306322489671210382617329360055   0.339109910767925402461121584554
 270   0.668958648882769403628696978441  -0.666665000898178344240326121881
 271   0.101715462691260823867615177002   0.077967244265412175495389637166
 272  -0.080072445526102630815004626966  -0.513530156183357403834460739675
 273  -0.821996974656000000000000000000  -0.464988230610000000000000000000
