   1                    -0.070980513552                    -0.941248084165
   2                     0.092382924605                    -0.939388942073
   3                     0.227326730090                    -0.916137951967
   4                    -0.177964141777                    -0.907572005309
   5                    -0.289743181809                    -0.898351310926
   6                     0.334547091498                    -0.882646267096
   7                     0.009826612498                    -0.863467730765
   8                    -0.417345919009                    -0.846645482557
   9                     0.144770417981                    -0.840216740660
  10                    -0.097157015728                    -0.829791651910
  11                     0.460397509149                    -0.824026894474
  12                     0.251991050267                    -0.806724761238
  13                    -0.208490030040                    -0.799646190130
  14                    -0.320290771635                    -0.790432731659
  15                    -0.516381517823                    -0.790149553755
  16                     0.360275465983                    -0.773478388387
  17                     0.062214105873                    -0.764295529352
  18                    -0.419002911671                    -0.734499018633
  19                     0.595622743069                    -0.732270262394
  20                     0.169434738159                    -0.730803549931
  21                    -0.127628332532                    -0.721851511797
  22                     0.484869441300                    -0.714570512604
  23                    -0.623852081297                    -0.708374738334
  24                     0.277719424752                    -0.697556882530
  25                    -0.020521411566                    -0.688569647717
  26                    -0.321947764297                    -0.678286267735
  27                    -0.515886991897                    -0.677991939482
  28                     0.384747398134                    -0.664022006517
  29                     0.086878426051                    -0.654882338623
  30                    -0.213494506012                    -0.649694909554
  31                     0.664945237636                    -0.644100161213
  32                    -0.703470036521                    -0.629377547236
  33                     0.554191935867                    -0.626400411423
  34                     0.195163112644                    -0.621635671222
  35                    -0.418194912514                    -0.620084924297
  36                    -0.102897811827                    -0.612453265279
  37                     0.302191356903                    -0.588100500659
  38                    -0.578506875560                    -0.584941817691
  39                     0.004188854635                    -0.579106288485
  40                     0.750863429685                    -0.572005506276
  41                    -0.292481977668                    -0.570067311846
  42                     0.409563574023                    -0.554641988073
  43                     0.112606800536                    -0.545714459914
  44                    -0.773155902799                    -0.541494357510
  45                     0.629382519961                    -0.537676007910
  46                    -0.185454123935                    -0.536532053971
  47                    -0.482066143509                    -0.527681358413
  48                     0.516485454570                    -0.520769941086
  49                    -0.664647484208                    -0.513113059263
  50                     0.219635044795                    -0.512179289352
  51                    -0.078233807639                    -0.503040003319
  52                    -0.375038289776                    -0.494146100538
  53                     0.326662898528                    -0.478644031477
  54                     0.029917229121                    -0.469938409776
  55                     0.716051254323                    -0.465386148550
  56                    -0.268010436043                    -0.460610842663
  57                    -0.567551093420                    -0.455057589892
  58                     0.827620804021                    -0.453905269853
  59                     0.433690752261                    -0.445108773603
  60                     0.137078732687                    -0.436258078044
  61                    -0.743480618777                    -0.433332661362
  62                    -0.160790119747                    -0.427118792011
  63                    -0.457594601885                    -0.418224889230
  64                     0.546551497461                    -0.412716213431
  65                    -0.852218659755                    -0.405844237624
  66                     0.244106586420                    -0.402722820169
  67                    -0.052505433154                    -0.393872124611
  68                    -0.350566748152                    -0.384689631356
  69                    -0.647178767725                    -0.375838935797
  70                     0.651652510700                    -0.373558174517
  71                     0.351134440153                    -0.369187562295
  72                     0.763222060397                    -0.362077295820
  73                     0.054522420579                    -0.360336866736
  74                     0.875617077739                    -0.352534994602
  75                    -0.243346431856                    -0.351197580703
  76                    -0.540150913993                    -0.342303677922
  77                     0.458162293886                    -0.335652304421
  78                     0.161550274312                    -0.326801608861
  79                    -0.135061745262                    -0.317950913303
  80                    -0.433123060260                    -0.308768420048
  81                    -0.736019703196                    -0.307369026439
  82                     0.565190147618                    -0.302117046546
  83                    -0.894340659501                    -0.301895634302
  84                     0.268578128045                    -0.293266350987
  85                    -0.028033891529                    -0.284415655428
  86                    -0.325902743964                    -0.275276369395
  87                     0.697494552939                    -0.271195670841
  88                    -0.622707226101                    -0.266382466615
  89                     0.811218334116                    -0.260707020569
  90                     0.375605981777                    -0.259731093113
  91                     0.078993962204                    -0.250880397554
  92                    -0.217618057370                    -0.242029701995
  93                    -0.515679372368                    -0.232847208740
  94                     0.482633835510                    -0.226195835238
  95                    -0.814005571874                    -0.223627833188
  96                     0.917057203676                    -0.223589522193
  97                     0.186021815936                    -0.217345139679
  98                    -0.110590203637                    -0.208494444120
  99                    -0.408459056072                    -0.199355158088
 100                    -0.923835723462                    -0.193684654280
 101                     0.589775464960                    -0.192685987047
 102                    -0.706461934927                    -0.191785390635
 103                     0.293049669669                    -0.183809881805
 104                    -0.003562349905                    -0.174959186246
 105                    -0.300174369478                    -0.166108490687
 106                     0.696768551652                    -0.159039316062
 107                    -0.598235684476                    -0.156925997432
 108                     0.400077523402                    -0.150274623930
 109                     0.808438760344                    -0.148582763759
 110                     0.103465503828                    -0.141423928371
 111                    -0.193146515746                    -0.132573232812
 112                    -0.491015368180                    -0.123433946780
 113                     0.507105377135                    -0.116739366056
 114                    -0.787810117570                    -0.114571090301
 115                     0.937103836391                    -0.113236871513
 116                     0.210493357561                    -0.107888670497
 117                    -0.086118662013                    -0.099037974938
 118                    -0.382730681586                    -0.090187279379
 119                    -0.896009259081                    -0.085032627721
 120                     0.614133230868                    -0.083204108182
 121                    -0.680791996584                    -0.081004786124
 122                     0.317521211294                    -0.074353412623
 123                     0.020909191720                    -0.065502717063
 124                    -0.275702827854                    -0.056652021505
 125                     0.724490416551                    -0.050360554558
 126                    -0.573571680288                    -0.047512735472
 127                     0.424549065027                    -0.040818154748
 128                     0.838891162111                    -0.040637285753
 129                     0.127937045453                    -0.031967459189
 130                    -0.168674974121                    -0.023116763630
 131                    -0.465286993695                    -0.014266068071
 132                     0.531576918760                    -0.007282896873
 133                    -0.763370329205                    -0.005107526773
 134                     0.943919772457                    -0.001285462362
 135                     0.234964899186                     0.001567798686
 136                    -0.061647120388                     0.010418494244
 137                    -0.943777378100                     0.016445359059
 138                    -0.358259139962                     0.019269189803
 139                     0.638604772492                     0.026252361001
 140                    -0.656127992396                     0.028408475836
 141                     0.341992752919                     0.035103056560
 142                     0.045380733345                     0.043953752119
 143                    -0.251231286229                     0.052804447678
 144                     0.745632626225                     0.059787618875
 145                    -0.547843305803                     0.061655143236
 146                     0.449020606652                     0.068638314434
 147                     0.857325788541                     0.069996070626
 148                    -0.845770948085                     0.070982636871
 149                     0.152408587078                     0.077489009993
 150                    -0.144203432496                     0.086339705552
 151                    -0.440815452070                     0.095190401111
 152                     0.556048460384                     0.102173572309
 153                    -0.738684304505                     0.104329687144
 154                     0.259436440810                     0.111024267868
 155                    -0.037175578763                     0.119874963427
 156                    -0.333787598337                     0.128725658986
 157                     0.663076314117                     0.135708830183
 158                    -0.630399617911                     0.137576354544
 159                    -0.933316163325                     0.141092623920
 160                     0.366464294543                     0.144559525742
 161                     0.069852274969                     0.153410221301
 162                     0.931210532568                     0.154379834440
 163                    -0.226759744604                     0.162260916860
 164                     0.792835686578                     0.165424249046
 165                    -0.523371764178                     0.171111612419
 166                     0.473492148276                     0.178094783617
 167                    -0.828826525861                     0.181854010772
 168                     0.176880128702                     0.186945479176
 169                    -0.119731890871                     0.195796174735
 170                    -0.416343910445                     0.204646870294
 171                     0.580520002009                     0.211630041491
 172                    -0.712955930019                     0.213497565852
 173                     0.283907982435                     0.220480737050
 174                    -0.012704037139                     0.229331432609
 175                    -0.309316056712                     0.238182128168
 176                     0.688556463435                     0.244934912169
 177                    -0.605928076286                     0.247032823727
 178                     0.390935836168                     0.254015994925
 179                     0.094323816594                     0.262866690484
 180                     0.906325441817                     0.263743024105
 181                    -0.905679180168                     0.264523415253
 182                    -0.202288202980                     0.271717386043
 183                     0.795272114384                     0.279450775739
 184                    -0.498900222553                     0.280568081602
 185                     0.497963689901                     0.287551252799
 186                    -0.795846098424                     0.289054133913
 187                     0.201351670327                     0.296401948358
 188                    -0.095260349247                     0.305252643917
 189                    -0.391872368821                     0.314103339476
 190                     0.604991543634                     0.321086510673
 191                    -0.688965699078                     0.323077036793
 192                     0.308379524060                     0.329937206232
 193                     0.011767504486                     0.338787901792
 194                    -0.284844515088                     0.347638597350
 195                     0.712022674224                     0.354611308657
 196                    -0.581456534661                     0.356489292910
 197                     0.415407377793                     0.363472464107
 198                     0.868644205622                     0.369382502682
 199                     0.118795358219                     0.372323159666
 200                    -0.865319400093                     0.377105456165
 201                    -0.177816661355                     0.381173855225
 202                    -0.474428680929                     0.390024550784
 203                     0.522435231526                     0.397007721981
 204                     0.225823211952                     0.405858417540
 205                    -0.070788807622                     0.414709113099
 206                    -0.367400827196                     0.423559808658
 207                     0.629473782218                     0.430540587753
 208                    -0.663994852341                     0.432430066609
 209                     0.332851065684                     0.439393675415
 210                     0.782826292142                     0.441596495242
 211                    -0.775522851017                     0.444307798157
 212                     0.036239046111                     0.448244370974
 213                    -0.260372973463                     0.457095066533
 214                    -0.557456330939                     0.467488852281
 215                     0.439878919417                     0.472928933289
 216                     0.143266899843                     0.481779628848
 217                    -0.153345119730                     0.490630324407
 218                    -0.449957139304                     0.499481019966
 219                     0.546906773150                     0.506464191164
 220                     0.250294753576                     0.515314886723
 221                    -0.046317265997                     0.524165582282
 222                    -0.342929285571                     0.533016277841
 223                     0.653934627253                     0.539999447858
 224                    -0.641087390657                     0.542224525461
 225                     0.357322607309                     0.548850144597
 226                     0.765406355938                     0.552394152338
 227                    -0.762965008382                     0.555761266402
 228                     0.060710587735                     0.557700840156
 229                    -0.235901431838                     0.566551535715
 230                    -0.534400712153                     0.581540564786
 231                     0.464350461042                     0.582385402472
 232                     0.167738441468                     0.591236098031
 233                    -0.128873578106                     0.600086793590
 234                    -0.425485597679                     0.608937489149
 235                     0.577796917937                     0.622356136813
 236                     0.274766295201                     0.624771355905
 237                    -0.021845724373                     0.633622051464
 238                    -0.691658852539                     0.642334975657
 239                    -0.319621264043                     0.646071485450
 240                     0.687188757401                     0.647114982788
 241                     0.381894279648                     0.658471795787
 242                     0.085182129360                     0.667157309338
 243                    -0.211429890214                     0.676008004898
 244                    -0.502286637677                     0.690675945523
 245                     0.489613642097                     0.691661871477
 246                     0.191516183027                     0.702831445994
 247                    -0.104402036481                     0.709543262772
 248                    -0.610587366423                     0.719839744118
 249                     0.594265115971                     0.733360585017
 250                     0.299187618440                     0.734239040482
 251                    -0.402462611348                     0.741810461877
 252                     0.002625817252                     0.743078520646
 253                    -0.291079027823                     0.754973756166
 254                     0.109412236168                     0.780076606818
 255                    -0.496658414685                     0.802693346410
 256                     0.495045706163                     0.803688956038
 257                     0.383002104429                     0.808768946786
 258                     0.218152126035                     0.811781441568
 259                    -0.090600477195                     0.820849560692
 260                    -0.202713593389                     0.824047086711
 261                     0.016427376538                     0.854384818566
 262                    -0.391470153414                     0.858339073419
 263                     0.308076899175                     0.892230246877
 264                    -0.285842189927                     0.899582963749
 265                     0.200072604282                     0.922473382957
 266                    -0.164464791236                     0.929482394503
 267                     0.089243542450                     0.939692385507
 268                    -0.053055742690                     0.942428393787
