   1   0.515260420607236542120319753564   0.021859977050418902591672755598
   2   0.776656859630207656695376549417   0.531376306718557319359510878837
   3   0.906686137562929520388358371729  -0.251946234152699393870507453571
   4   0.177310123495698399286073939836  -0.365419264538211752472583324509
   5   0.418105501847952636397933597127   0.088687771354689366889316663291
   6   0.158715907162223829019238998213  -0.600524314338788571655458445479
   7   0.293059258588456875275295034040  -0.197142009041905397587352110928
   8   0.484364776056645432016783875093   0.806813126236866639814873064453
   9   0.399511285514478066131098659360  -0.146417278445887452293558457983
  10   0.205201447995910254686326346487  -0.012761689837346523698270642597
  11   0.057377151311026828622163327624   0.708656523272636614218361914939
  12  -0.280603910762904626902878241925   0.321441896188857690828765597963
  13  -0.627851316041137109154212944482  -0.183389870300110097601428075233
  14   0.524557528773973827253737222446   0.139412501950707312183110316235
  15  -0.725006234800422933602894416280  -0.116562075995842422767349191404
  16   0.302356366755194160408712502926  -0.079589484141616987995914550291
  17  -0.141375036841530458017657969463  -0.652214099804932266931675621393
  18  -0.680347825458092641772599117788   0.650141133406397455962916237487
  19  -0.132748849131228301274294124281  -0.400040931393284825530483920858
  20  -0.146642385685810957398169418631   0.724853770296534635725675065436
  21  -0.474913748281523292366066966108   0.455097484797398358605816276300
  22  -0.697980543348425205175511086789  -0.631173366088547424014931865371
  23  -0.459480362101747235837000915391   0.821239583675408102736196225357
  24  -0.581365775207567883804324108070   0.404372754201341219608181931220
  25   0.330247691255403975522486864607   0.273068090559248402142555078512
  26   0.427402610014687881244873021041   0.206240296254977937844911170819
  27  -0.019551719294127694837858510640  -0.940837067310357420264182500139
  28   0.089452312903151778697105252288  -0.181038945333652878583501856179
  29  -0.809117839127679856713707377866   0.199212219772976172421398689563
  30   0.070858096569653928631961612854  -0.416143995134227856591096738375
  31  -0.252417631552691541125752118148  -0.906555015558261661969605197267
  32  -0.721442635472000000000000000000   0.119982786541000000000000000000
  33  -0.584900770406210682553954697728  -0.597736899737658189981898211396
  34  -0.361574121286972041121789924262   0.627899339290194435655351758807
  35  -0.461549301337000000000000000000  -0.564151274454000000000000000000
  36  -0.123907797652636661690039595204   0.898532017934329573607721841951
  37  -0.392876108720515432012451234358  -0.730642872577975277060371764961
  38  -0.687817802133568750934455363964   0.353648023605280622500034810543
  39  -0.936989787929153958826185956310  -0.087216937970726044420374311616
  40   0.931076514934667243641771464620  -0.136576646208730537397212964835
  41   0.164195698543000000000000000000   0.762999769403000000000000000000
  42  -0.174034957230000000000000000000  -0.772896699406000000000000000000
  43  -0.137060740980389445464665288086  -0.931005376050222911675887285405
  44  -0.271306802596216941371913832484   0.438994421089150023201695288783
  45   0.455650998158000000000000000000   0.559415014202000000000000000000
  46   0.283762150421719590141877565155  -0.314694533942193807178789671565
  47  -0.123451740980886295650063038142  -0.282488406458541910100515079798
  48   0.001594502310603117821658519764   0.003341373870906156669736559043
  49   0.364305200316000000000000000000  -0.620973075334000000000000000000
  50   0.481847949630000000000000000000  -0.808239831752000000000000000000
  51  -0.562910361341289272137676665353   0.639488699294352423586908544032
  52  -0.609257099707678192165051644837   0.051715179500467959583062231670
  53   0.476761156481385709309105798647  -0.683551496638096889426599765746
  54   0.505963312440499256986902284679  -0.095692547849869506999764805039
  55   0.725101929570607480601268789733  -0.599819846858614851861416308784
  56   0.052263880236202638163435370597  -0.651249044934806516949252093602
  57  -0.076966200162545979907735648137   0.305274218075101698782461054694
  58   0.830787992910443124343102613514  -0.061394832225857480717215504790
  59   0.029485826810814973221910926420   0.355998948571771385444049240954
  60   0.814666628127991329522071664879  -0.178207219960412683064270607539
  61  -0.056982368837061424050972695811   0.801444329175412713044139408137
  62  -0.399201483448990756223500837795  -0.852170659295798298837916365122
  63   0.583417965908000000000000000000   0.738305179075000000000000000000
  64   0.058228653728726933568459965250   0.826573049995270327316331999635
  65   0.135937853736836164077714551740   0.406723679167789330737842893898
  66  -0.819189953123400935373786723613  -0.463124689100236333270493949221
  67  -0.067669092003989987732593643500   0.422826742992496443976958209102
  68   0.010891610477340402955075988650   0.120893898771194566261174119680
  69   0.575226906699571307309036034456  -0.515177916855005200071721394644
  70  -0.549290613615297048713402218244  -0.485322714404918766657583410086
  71  -0.035593930356378593411621795104  -0.466868725730244905712915049452
  72   0.098264303967664119397052230937  -0.935895711881543398852735397988
  73  -0.465755442581978624589603169966   0.572660904990120836824116380437
  74   0.584524014866308592442453503342  -0.397625391954716790480283834007
  75   0.610523429587418477510921436332  -0.627690972998390713145041063266
  76   0.339544799422141260655904333493   0.390620615459536811733992639149
  77   0.051971307809000000000000000000  -0.788469304537000000000000000000
  78   0.366024714104312930302934875641  -0.866938616983559204108950643874
  79  -0.396353045855617839349052861006   0.153164640692546414499972439299
  80   0.478071987940287401586649878023  -0.448350122550734735774077486951
  81   0.882882776755598067600077144411   0.204107869369184028572171278228
  82   0.220059601121874596587405216901   0.914948320347434614087494401324
  83  -0.837792884103599765868146764290  -0.150974342263252662323983927848
  84  -0.049269973524699809780220943465   0.658343273576658139147571340379
  85  -0.239231641003970546700610935875  -0.450701047517146974542936115088
  86   0.379660738825857930958949114384   0.861054226136028018556805344436
  87  -0.805343338574965029630582876647   0.344015754150008152548030087266
  88  -0.299198127096327249732641369220   0.086336846388276763176575589284
  89  -0.183448992003577161784943050436   0.254614101884585881448698618126
  90   0.436699718181425166378290489926   0.323792821155266347436348731457
  91  -0.192746100170307098714003220475   0.137061576984296890695343871796
  92  -0.289901018929597312803581199181   0.203889371288565753929930335614
  93   0.168013015328961114152656470951  -0.482971789438500162064020885146
  94   0.612415339366520447842705909998  -0.044967817253851561705971152095
  95  -0.377758829522237467917385494310   0.388269690493130683771737392471
  96  -0.327089451596521912342719586649  -0.266320728312589825357810923081
  97  -0.308495235263052256697843099434  -0.031215678512012617482545016605
  98  -0.211340316503766015703164520120  -0.098043472816281166489146435106
  99  -0.142045957288967960245554004539  -0.517593456312478733516490821694
 100  -0.599959991540948255235991474798   0.169267704400756950336416977999
 101  -0.572207469507979517425432339493   0.521936174394060293662508044654
 102   0.837014050668048320340395608718   0.430074570204721850180846775378
 103  -0.114154632815097300856337633889  -0.164935881556263397698183332085
 104  -0.457995157429882332264686171773   0.695781709017720352439036876351
 105   0.154532070070310734344549489511   0.641828728968366149920718015173
 106  -0.354980776096725156525821905644  -0.618978303013456576412750705778
 107  -0.484210856448257202390026535540   0.337544959897109682080446575286
 108  -0.248528749170705422053180864414  -0.568253572417435574721459888593
 109  -0.697114910300258936650289047328   0.236095498704988487864152333933
 110  -0.521399289115092517715955802488  -0.132665139704052958603793730105
 111   0.390214177347740780997681190474  -0.263969803346175861884996018621
 112   0.274465042254982305008460096270  -0.432247058842482216770227232202
 113  -0.220637424670500891055734448660  -0.215595997716569766667670208611
 114  -0.647586614014927636063026969239  -0.416027368449562645524372322855
 115   0.825785379708361543904096954334   0.056418605852518361071198799236
 116   0.266583206956280746802594744412  -0.784784119710155963089277007741
 117  -0.712906773737804740689997323703  -0.514202258642904666589353195400
 118  -0.241309188951094242247637459488   0.909574918453821197244715739531
 119  -0.502805072781637573821693902235   0.102439910096525412808681622113
 120  -0.539993505448562173360832289703  -0.367770189504630166479059636582
 121   0.593821123033045877575870972227  -0.280072867054428380888846273369
 122   0.716698045270858389186533257471  -0.112578041208412308446783860853
 123  -0.530696397281826427739915371919  -0.250217664604341635129163431119
 124  -0.502641113599478974222655707780  -0.795555508982236925381940312710
 125   0.160131180030259555946791118679  -0.835508850306173908383070659817
 126  -0.229934532837236636676651366445  -0.333148522616858298017566414074
 127  -0.058371983887095037108457642662   0.540379267997448169669477667115
 128   0.195904339829172969552908877607  -0.130314214737634933289708203235
 129   0.468774879773550116453232409137  -0.565902647451023145365515047588
 130  -0.927640678790000000000000000000   0.158141484366000000000000000000
 131  -0.007702605856132127025280904152  -0.114211151029382414285857948486
 132  -0.164854775670196790353275683736   0.489719151685170150720463571290
 133   0.273457069455929902819551244327   0.809811539408457314034222224657
 134  -0.835527083254961568748454531646   0.084287965782260287121112525050
 135   0.719075595621858787648216842097   0.005317588842176918497835642004
 136   0.671237829503000000000000000000   0.659481624248000000000000000000
 137  -0.086263308324757003055483500269   0.187721693165314376959971295288
 138  -0.013877003929126867326760280715   0.940937875587151280529289001183
 139   0.475563199033481183467673949961   0.689222460907503668099972583651
 140   0.255870825921507734741625154647  -0.667352108643059035953102353172
 141   0.358139015755615830922739271264   0.625725665260113630916867760424
 142  -0.368486356037000000000000000000   0.505873901349000000000000000000
 143   0.851271078243155304353871371453  -0.401116202987670574219280214664
 144  -0.751521086155000000000000000000  -0.231538171211000000000000000000
 145   0.145234961903573449211132020625   0.524276204068077740329280454535
 146   0.254730380326459410033433399634  -0.905907881791105582285401937443
 147  -0.155555958020699888587480777033   0.607271541371719460780904350906
 148   0.370611988215213808541937400761   0.742983745104186849736578316964
 149  -0.069791735743816645929377936822  -0.834155423726130975865868883634
 150   0.186607231662435684419491408721  -0.247866739637923342881145763872
 151  -0.202043208337032105679204950689   0.019509052084007510036223265907
 152   0.080155204736414493563687783402  -0.298591470233941288174939416816
 153  -0.405650154022347776278113031045   0.035612115792257423746617692969
 154   0.579486421031607981795433261856  -0.741452725932333699971569235210
 155   0.658546227928567919213647456424   0.424188260342694463253997754915
 156  -0.253094415385334991755095565485   0.674129045521050711847121324000
 157   0.251686988829594640066935645944   0.575000934664095685623074107480
 158   0.098749421069889063830522721168  -0.063486420433364468992064295541
 159  -0.262009694429482066019343903938   0.556546945989438623380219062287
 160   0.768728660290899634724480493906   0.233669162048310999477692942594
 161  -0.355655609720014004996684567554   0.754361989874306590692083762185
 162  -0.756314050757796208333738995074   0.559951527883301739004403830447
 163   0.794423532797745184856730392883  -0.504428297669411350850352200497
 164   0.149418798995486543885821524004  -0.718076839239076981246896005695
 165   0.242389880662857354933518177059   0.457448409763807276031636546842
 166  -0.752908494765750415471647303912  -0.362995927154738253657999578152
 167   0.728372703788596072781634310982   0.122870113742465328089273202641
 168   0.061560988402939923296852843335  -0.533696520034518107357814533270
 169  -0.908493775708883115156271644280  -0.245348153550679822762232464105
 170   0.692007369987211856318441391976  -0.349124250703703554081625959825
 171  -0.870677564645459389597872650152  -0.357039543153923316045377078302
 172   0.750319410770004686364966769693   0.350142900988787915887683352420
 173   0.884228426568753195347824124881   0.322019792249261322534985839639
 174  -0.044891038523081267558950783647  -0.584421250630536052651608182725
 175   0.320950583088666690389069395722   0.155515565658959992551117517875
 176   0.552448853296639245248130328145   0.492070076604446883894111124269
 177  -0.493507964614944978102158554388   0.219992434996817356839852583542
 178   0.682710261820474571185023923090  -0.466676775603991963673063520462
 179   0.631494136542149365700966687164   0.190097902185732171699197898833
 180   0.260984096996331925200353114830   0.692553459564384095214511668117
 181  -0.044220118082246552295271815219  -0.719041894109202731229319532270
 182   0.543154046824212909744646761412   0.374517369688199816192000684074
 183  -0.715709126633697926637692686067   0.000990448904446957891771414485
 184  -0.345683667929991246501862336213  -0.501425778113167899887381004764
 185  -0.498251401648720025103256271310  -0.677717642573826832573375853737
 186   0.223795664329382784666683239288   0.222343359963230456848761425568
 187  -0.940540953267032314258193700160   0.030649179108950381941995615565
 188   0.379179834625909237275842999597  -0.749755106476495048344048942828
 189  -0.590662883374258069520157791434   0.286820229301049084972299454610
 190   0.700273149959067068431674597546  -0.229348136458410435595052620425
 191   0.445996826348162451511707958812   0.441345346055554757027786292094
 192   0.940847106050071208608845991459  -0.019062528418770812116352393917
 193  -0.414947262189072783243314761259  -0.081940409108031956912502912920
 194  -0.678659496433980384555563595387   0.471211443797999696554360923978
 195  -0.442838586689276522167930556419  -0.434597983808899427227625513773
 196  -0.254341983692214262054218500398  -0.686029795124291297570923581059
 197  -0.828495775936874758902945034076  -0.033421817362963281664863321959
 198   0.562505342726994851715648562262   0.609560073417086578739008431111
 199   0.214498556162645499533265770403   0.104790835062942047257323864931
 200   0.496666204273761971853484815793  -0.213245072750157916591202365676
 201   0.126640745570098878944297082854   0.289171154267500921146405333261
 202  -0.654320979029717977941789884937  -0.298300223497582655861469778313
 203   0.233092772496120069800100708173   0.339895884863518866440198986205
 204   0.640307657116455523991344050561   0.307687672938902796842265686904
 205   0.117343637403361593810879613969   0.171618629367212511554967772624
 206   0.038782934977521011308593058044   0.473551473472062266332242319615
 207   0.935844492847989628169840332280   0.098750909659605029672061910110
 208   0.408808393681215351264516128245  -0.028864753545599042702120897346
 209  -0.558578454416832682617240770212   0.757328704865867841501085475884
 210   0.103907074310059788919549587481   0.935286040129346791753592250434
 211  -0.016999714022869412158698373031  -0.231763675929670823877295509123
 212  -0.353167497879992288510400797116   0.872255338415131757265512192817
 213   0.603118231199783162709288441112  -0.162520342154139971297408712732
 214  -0.243797300791115958733921229925   0.791681569912996030671287308899
 215  -0.095560416483931327015859563936   0.070169168249154171923422588252
 216   0.533854636940709072100676646360   0.256965026850995883138704823763
 217  -0.295166532470505539555638723743  -0.796657045599686625664902928168
 218   0.048080043144289543488745858739   0.591103998372348204626924354302
 219   0.108046529236624308677462145084   0.054066104466924101963530211987
 220   0.371619961014266210730846252703  -0.499074853146752681067871139895
 221  -0.512102180948367510750754072274  -0.015112614803763577944673124216
 222   0.487369096107024686720067346908  -0.330797597650446326182639926314
 223  -0.104857524648589652702772470121  -0.047383356655497187352742315169
 224   0.659226419942115749811719888662   0.542105899691189077832276055348
 225  -0.900255182431522315757939378022   0.274038799183066152667149362328
 226   0.311653474921931445542129971808   0.037963040758671421595523010347
 227   0.348841907588878545789321802378   0.508173140359825221325430199787
 228   0.020188718644077688088493457535   0.238446423671482975852611680317
 229  -0.618554207874403199130253375051  -0.065837345399821421076058374219
 230   0.265167934088245019875042627384  -0.549799583742770626361664792839
 231   0.797395113136717373710304869926  -0.296223816636006221302681476979
 232  -0.820404614296750916151117144215   0.460969549746086532697601391267
 233  -0.433541478522541646815360627879  -0.317045458908610827049101740267
 234  -0.336386559763256371149292407675  -0.383873253212879299708857231259
 235   0.380917069181003495864263721589  -0.381522328246464271476433579258
 236  -0.317792343429786166721802668865  -0.148768203412301294007914717618
 237  -0.026296822189629977090424543580  -0.349316200829957392293452830682
 238  -0.387055937688925219250759186655   0.270717165592838356603052504140
 239  -0.609421687342000000000000000000  -0.717039392665000000000000000000
 240  -0.424244370355806693267274330689  -0.199492934008320633437872613934
 241   0.621712447533257732976123378883   0.072584707646436847885466408542
 242  -0.174151883836884354964686234049   0.372166626784877808784130859994
