   1   0.586945640802207384806959035066  -0.157719591385190373081413651925
   2  -0.393212458497942087007817310718  -0.193439819663669955674514118709
   3  -0.339360548924852462123560537631   0.172813255785346981362062008916
   4   0.522997851540000000000000000000   0.779101230618000000000000000000
   5   0.554478704139274221794618910126   0.425324509957353187442387190374
   6  -0.826358908341496222759207980308   0.131038477942006773042379237489
   7  -0.085397980712923747020388180121  -0.300811370423987679395835108598
   8   0.664910578415784032866778608206  -0.394148420907347413048996043159
   9  -0.051355995848529952632888454311   0.635534839673137210339373903884
  10  -0.658008233188842844805853583216  -0.528903060826378418685724584095
  11  -0.006597341945671945815056443333  -0.499495717639702456638061523716
  12   0.101063035889293255194736819036   0.232642203866337337088337029274
  13  -0.568557150205000000000000000000   0.081896954242000000000000000000
  14  -0.525794807200025808080639471617  -0.361234095223947717111317044446
  15   0.505487851501165081721635882675   0.048388449220017407779375485874
  16   0.622676068801343607749345234397   0.701997263123739220091132853760
  17  -0.260769382901766958908256450719  -0.025821806083630476684120597639
  18   0.669068639364633615801321290066   0.470772150815686014431441147577
  19   0.508898996957868585103340287973  -0.788382809925730950080219902720
  20  -0.375359611224921334794821117219  -0.071269817145380138806105576452
  21   0.062009239879912107098466427324   0.936312179916843478859919794415
  22  -0.780973895782142613926051213652  -0.520197479999643022106863962319
  23   0.604881796889499243515471198159  -0.035757976032849420851472843469
  24  -0.453950484150211856130262917572   0.127365614927014154373008051711
  25   0.408834072363097546423445665829   0.124902423714025533020262337126
  26   0.747659805387719119016625376978   0.272137088946708556385258541023
  27   0.161718045825086899701528742854  -0.087954473354981073187786385736
  28   0.709325624200821683448590981374   0.614314905356552981471491436169
  29  -0.481913580654127770617661999457  -0.805161440254209791128011291356
  30  -0.359488393318249714998561323380   0.743847995098635388793725250126
  31  -0.821360400858358881776982711523  -0.112095598238947904300653866345
  32  -0.489866530729268303356094677042  -0.116926215411604823611580964760
  33  -0.165945931073889346639590834252   0.590087198814804383350319946680
  34   0.056901345664706737894279696395  -0.820112387892569778297120825594
  35  -0.216389344990458507306612833827  -0.913072448092546643460513611120
  36  -0.278705538989058817616768613814  -0.147783421435971428914061406095
  37   0.523832753196038283788365217985  -0.523619184014528594368739758578
  38   0.136935348063876972611761145224   0.476565434571019241548218646184
  39  -0.094383644649179294209094494098  -0.895438662373817770454744727548
  40   0.355025604101221970297909176546  -0.240982422342997323669560088240
  41  -0.395127681903724882940536409086   0.499196658500012980308695889041
  42  -0.121104261454555215206105140237  -0.545152115867400983398514236331
  43  -0.344504619125000000000000000000   0.872832439096000000000000000000
  44  -0.705915691994562768251950278652   0.157302006847046303802899022582
  45   0.312679291126707996759369904377  -0.492438980077423139397212833095
  46  -0.446854895326865413902046433929  -0.559742180459424211907134054898
  47   0.083000422774311223111850689102   0.110521116491368004283041273972
  48  -0.411065598868757821100675790777  -0.315610192385376607675853682576
  49   0.240435668875862576291206796606  -0.286430063201330150658614045443
  50   0.937648503039830931596461014842  -0.036618695201769807555734313615
  51   0.107909577563211323575992253571  -0.453839319412003929877608811102
  52  -0.067461824625631888311876017027  -0.178849755071646727165894300143
  53   0.487551695413873223013123719581  -0.073573166132323544450565322581
  54  -0.654935679709131080373110253928   0.269540055929865358403541907195
  55  -0.561354454050775309507663366370  -0.605417035320386543926611435348
  56   0.195273997568739528848378731797  -0.686944867016816660291779310508
  57  -0.061264191601327798543335411676   0.936361224591531102840112347786
  58   0.029191954512435646986314199820  -0.255363729565654852406781151395
  59   0.125845733650503182284504416666  -0.331877704059662977647668002646
  60  -0.350201116188797878603856217082  -0.636256154953432337148020906149
  61   0.772766841033994775966954241458  -0.532312928162990047276122759238
  62   0.072481859475299545469081208972  -0.697827520047288153516004477282
  63  -0.074308366299549956693131451562   0.507631768206694539800051540233
  64   0.923830492202000000000000000000  -0.164005621040000000000000000000
  65   0.469615539326581364304611556487  -0.195534781484664496680506131036
  66  -0.314411819730690285802485573930  -0.392124166879384732916740533827
  67  -0.033384279843939269264086971746   0.757541353493051340490264165961
  68  -0.543508674464932949200236650775  -0.483228205965416086666247203645
  69  -0.622309139139885912328559624140  -0.284544297696880501766327039323
  70  -0.296558679359874551709627093872  -0.269953794157678080915400969961
  71  -0.031589512451048170894851690839   0.065073475633035177293987316768
  72  -0.321424392837560603415048374537   0.294774871137687933592002817371
  73   0.310287444037789953517580897503  -0.642579920878554106849732875593
  74   0.294244137137738152416743285888   0.079454782855692706031208379923
  75   0.638013942813816334436850425709   0.215797705430691186998370251533
  76   0.505896597108746425079853054890  -0.645580799366869546598680567034
  77   0.372961760188513829006421339640  -0.119020806990656371439619279784
  78   0.268821494640820403764656149960   0.645556200265976221576139427368
  79   0.620077786726524475728338262615   0.093836090078350234768429443078
  80   0.523424007588456940430148045769   0.170350064572358360009316294330
  81  -0.465540555860467048502083509744  -0.682980159471733802550460229560
  82   0.931021861046252330470272952344   0.117149214018228787753553920686
  83   0.251525283289236366618463525165   0.522013075429352068537272603388
  84  -0.823997404277550632651146115741   0.448947571365493341894806854517
  85  -0.936412535689000000000000000000  -0.060209692445000000000000000000
  86   0.365475273778887939062846366806   0.569042225771968096335252576117
  87   0.004409256751225719896546602190   0.309156178360345462329223880526
  88   0.090195718519255434522536731272  -0.575833419729646041696806644192
  89   0.299203137570350177226314653140  -0.779000875137865400616258538529
  90   0.065064266687019364403338526008  -0.011440498860972947946899534484
  91   0.172887232888458223034985938879   0.737307399853140213906327507816
  92   0.703768638112501690056893832719  -0.109363233640419608978399706001
  93   0.607854370890757521367422228514  -0.714869713920038264588280742907
  94  -0.736816026371972411570101375079  -0.330200776875177758112035132372
  95  -0.436014328062919997421750754478   0.249327230279355106602948860168
  96   0.570207671239000000000000000000  -0.280441136584000000000000000000
  97  -0.729589732196244349964584205724   0.528216309003534527684652652785
  98   0.406941223175857488815771114348  -0.719093895372562232090619726846
  99   0.409948522270000000000000000000   0.828256129430000000000000000000
 100  -0.332347975817982144510997737024  -0.514085782231725685146681342283
 101   0.292653234808985984647594190285   0.766504079433397376577157427572
 102  -0.737991017177434537034838069677   0.360634250215595187288462307160
 103   0.154871504151168831320273308319   0.598527049923360193778159454640
 104  -0.303488851316864131375507585645   0.416738036004056643266991415176
 105  -0.206834457612201209408345994597   0.340222511996020760581056774574
 106   0.651006026249651583718435160132   0.348651063440716681626145392275
 107  -0.280535866299248740646293214192   0.544639557956471556361265989477
 108  -0.471886640237503714838775080665   0.005403999574673202143067243255
 109  -0.049525668538340029603363853933  -0.056888139719305774935953491687
 110  -0.912365295441612318375516026372   0.219351799091904927648723784847
 111  -0.156754276585802962968072825631  -0.789107831537384047447652877876
 112   0.276307981050446293708231122794  -0.042506832496648246198732428532
 113  -0.789731822015759685650909029963   0.248744883297990304706498386032
 114   0.427269226352067390766072284317  -0.446991339219090312408158875892
 115   0.765595961475010977725137540072   0.394098704299049508615199349478
 116  -0.586393559412864769305603718387  -0.040252399489503945265917744874
 117   0.298434141671561088072778543063   0.889641898280355588913525062604
 118   0.541360163675748799138660208863   0.292311679924699312239257102785
 119   0.824892482725002490364321967956  -0.086442597069267709493091627240
 120  -0.367914975232753767657311739382  -0.758250255271074448967218739240
 121  -0.624326775072607212139565207397   0.408349880582124603918486111144
 122   0.233589127201944507909951362070   0.400051460077011116307331794933
 123   0.144056438989280825663582664329  -0.927239659676420207242077046270
 124   0.752599650104000000000000000000   0.140774641701000000000000000000
 125   0.646876390508173141440806691848  -0.516095579058134371637645398089
 126   0.269827458364000000000000000000  -0.898731577654000000000000000000
 127  -0.509715736592387826163297620919   0.453744276414933484161431442938
 128  -0.235694196679914609212807520178  -0.590599756725733810387568193535
 129  -0.803577237986703422826156278866   0.009888418881411924511734828850
 130  -0.226691838120074339860467405439   0.910569302481067590972037868465
 131   0.047128110599727505694826362914  -0.133402114213313900176840342939
 132   0.594660810666518311704439164444   0.569056515508001107105472079166
 133  -0.875738209115875781267217076028   0.337058204447888459312842933390
 134  -0.138818120498511104259560662538  -0.667146216185043095217712069421
 135  -0.188898301524909350699833831503   0.462184127348361712810997583030
 136   0.835877834805262732992674761312  -0.426419851053374226164419874152
 137   0.685832482025209831348381669625  -0.231324848992760561208340514457
 138  -0.334214012262072865980546918871  -0.876827598846433986308554512824
 139   0.783733452898936987545473106996   0.516030540664237888797460504580
 140   0.451679383239289505596099393393  -0.317496396837005448910446939492
 141  -0.593613073531153500708571378776   0.726738717163199790694591740154
 142  -0.491745901124916603103616960725   0.575755531462660972218142312345
 143  -0.683756700054458739681399027948   0.642652642740814455474003363011
 144  -0.606333955813156468723552275346   0.530303149376514873238076760686
 145  -0.377154085520017451284194111568   0.621198430918052859523102294351
 146  -0.842425892171237011132757525685  -0.413333110566539669243255484114
 147   0.175180392913667845532576922417   0.887438552718217179515313243054
 148  -0.357296705012144320832072700725   0.050851640433006029132121200460
 149  -0.147974215069298663270789351687   0.712093712634718513501210208758
 150   0.409242817970678889781662838044  -0.569066824872861421357793715781
 151  -0.919641513684179278346429213432  -0.186507722091573066388941389145
 152   0.508011255267040236005193417467   0.656738873275187345725113496757
 153   0.389307013947053519945784407131   0.689990104939389251336270576320
 154   0.444832841565371437214843958857   0.368985126441335818055498900884
 155  -0.532695210439000000000000000000   0.325885861850000000000000000000
 156  -0.128116834561425532818667940845   0.141746922149671683110229114867
 157   0.696319235488026102173205538185  -0.629019209866031679215999092678
 158   0.390897916275805687714933502735   0.002940808361684580790321528671
 159  -0.429001754956049679809187953870  -0.437571807737717559905794491031
 160   0.076269013667689512397085041503   0.813866272814721517068163812690
 161   0.330242906340012043208141578917   0.323537485583002991066444943681
 162   0.426770228450389405131957828923   0.246864039066366485250203145582
 163  -0.853542648611612691487926968339  -0.290561945219030521784891079851
 164   0.179693483758146721273577219220  -0.809229734862098285072895658820
 165   0.875370846770929609473918478382   0.338011131051422076389064241981
 166  -0.092244522386841815401643614656   0.385670152854353587570110731778
 167  -0.217758040592622750504295357084  -0.468638141373392858157627385079
 168   0.312180293225030011125255448983   0.201416398208033658261149188378
 169  -0.550604263288279391428453134417   0.203879589421022279613894902963
 170  -0.110180678474133674110155777751   0.263708537502012635340169923323
 171  -0.473804698672458433473921633172   0.697716404569981641362701345927
 172  -0.418078171975628138713238591383   0.371288845631696058832889668623
 173   0.143781889737795040993016579760  -0.209916088707322025417727194191
 174  -0.130038058982006804562277188593   0.834055327987059465731151017213
 175   0.716362308207077168799765431434   0.016857961770362308700999455699
 176  -0.146179447676407564901554070779   0.019625834774702350304933359565
 177   0.022345412838517578605058765284   0.431117793712686414559164688981
 178   0.063233939376829441373813925629   0.680982480531470037328427861087
 179  -0.182051759850991282318578396967  -0.224297395929979554154948257347
 180  -0.242706769786784926825370320785   0.096299281291338856121175157664
 181  -0.244627994207366198568979568533   0.788607687128726638742097060010
 182   0.222499512788570717582694633512  -0.408391678553671102888554853898
 183  -0.675944389276134703514365746311  -0.650864676178719370915665392551
 184   0.857434690683637750765406315288   0.216049515699081124159123433526
 185  -0.103251121083739481113246660179  -0.422981743145694331397174672464
 186   0.179654201912378758410040905948   0.034007141997359879042154422720
 187   0.541859161577426784772774664258  -0.401543698360757485419104918688
 188  -0.583958748731000000000000000000  -0.734518570381000000000000000000
 189  -0.024311200989627834868511965633  -0.621489817957344568457259356807
 190   0.011255798425143788277802036725  -0.377325344917995804636721959850
 191  -0.507719378006825356398866007623  -0.239096217891368482434966831324
 192   0.348675360848000000000000000000   0.446125693909000000000000000000
 193   0.040281568925809437313570928378   0.553079409065027366789105497436
 194   0.021264300895840842284285141504  -0.938122312706891700466302213044
 195   0.337089448013930111589397013452  -0.362944037695338275899500896695
 196   0.258371824963154434999718959700  -0.164468447848989198428673236988
 197  -0.013526899336066138811965560904   0.187194563008004510099283072070
 198  -0.456597675310149821350009504041   0.819783024337832306117034804601
 199  -0.735621810068000000000000000000  -0.204869447921000000000000000000
 200   0.480070875441158917697736784504   0.523608874649668280116418121962
 201   0.118999191976585113903248982130   0.354603819218678289318277837729
 202  -0.199904900221807016411436877025  -0.346467768651686206156287821213
 203  -0.253408055723870498266263042478  -0.712593857043375922206766026625
 204   0.888023794025798767772921710828  -0.303215080982364199457594964143
 205  -0.640314038450648430896295574213  -0.406906106818883140698016228516
 206   0.197590357999670617118553069042   0.155968757349700831272095231175
 207   0.808912015702395574782566112352  -0.208675841271814497309793116814
 208   0.212987856612695417901834254097  -0.564950766699174548472581477418
 209  -0.935148463403000000000000000000   0.063679844546000000000000000000
 210   0.766594521620294528859049003012  -0.324458270893719599255735571768
 211  -0.224770613699493068116858157691   0.218260896643679808351115966119
 212  -0.683134021639769968318898577211   0.036151947786451455272254613942
 213   0.838121728149500593696008549194   0.036118931886756909159738965723
 214  -0.700900478921748038696652415292  -0.085908797717202472026370457488
 215  -0.604373450238151572747143373947  -0.162582613639303350372033677375
 216  -0.164115603763699423610066233873  -0.102335780577638601925007448891
 217   0.215652971114652649201439198976   0.278089844724670164077390986477
 218  -0.041374272899000000000000000000  -0.745692844599000000000000000000
 219   0.401160911352361273513883826765  -0.848289789691034118605858714402
 220  -0.262564150294658057277491731627   0.666646071776385686512156251555
