   1  -0.126089865703831825364399028140  -0.235427231779984020418971189349
   2   0.820276906826089568824199001922  -0.118346554440686619968831129963
   3  -0.787335531590518054297809657424  -0.231321108519160461194465182143
   4  -0.082304146668664785673434688330   0.318701062704338292473641436838
   5  -0.284843386728653236122718075517   0.374532888742113822069488373715
   6   0.011980334771640507344615010868  -0.525131227357952682501346640781
   7   0.284587941088000000000000000000   0.715930991516000000000000000000
   8  -0.719693429898025773708214108217   0.055954719317282067532376137575
   9   0.612727316684641804952830378668  -0.067758078224782962807007015216
  10   0.064898175113247644264054693327  -0.728451267531985296664166495136
  11  -0.825518581403368932125992698671  -0.003325542966785580580173639087
  12   0.869553649974242328242900892594   0.355326764593030482630055587287
  13  -0.008702985777708570704689997502  -0.204875102413823502095262529149
  14  -0.402230266654776490782427106155   0.343980759375953303745779713515
  15  -0.199691026594788040333143718968   0.288148933338177774149932776638
  16  -0.349312426313169353862987423695   0.140660719201920689582959859160
  17  -0.801267573494165606356175999133   0.237120919283558182723734275380
  18   0.272117876149181021794532952474   0.277777743390961228871215373093
  19   0.758033415107876984650253108250  -0.554766618858387245430862832625
  20   0.357270236283046217584107309023   0.191393787987025180951659776016
  21   0.032705029202513543493726426317  -0.845545879046359568081405860225
  22   0.368821435525955198404936974743   0.628585997701250927601008144925
  23   0.599181744702420761367098271670  -0.373415519206675604020363638345
  24  -0.357360562897938875879060799786   0.764354852386368821483329997893
  25   0.117914644770000000000000000000  -0.931912166719000000000000000000
  26  -0.413781465897685471603256771874  -0.093211450338272442903568655394
  27  -0.825847148507076613659024484087  -0.447612720018554199474143706956
  28  -0.307904411332947239664570999877  -0.500010057430615376403183471915
  29   0.352589775307101290502912437061  -0.870667048973696874179569029090
  30   0.076449374356156625084884359047  -0.291259057817759550014818126226
  31  -0.568829993298008637023275293887   0.747538024814969191777462723827
  32  -0.467760018860018816789426941340   0.814604950006905425063991632817
  33  -0.595360295982050143400945747446  -0.726585698859978728343494605985
  34   0.655080528688671002731540793842  -0.618905650387954006817772617818
  35  -0.185878444312403016023473504357   0.592761435640544902225729101202
  36   0.055766053806807547035579350677   0.028997067126369630391265985406
  37   0.186965516015315826004958595926   0.364161698794897276790770970171
  38   0.935816180662175303254667863777  -0.081417048770739166718503219132
  39   0.331906454757752212453607428692  -0.550410924029567693773484917458
  40  -0.268715171466006519121880147860  -0.859968361180615070645761098907
  41  -0.360863625556078334683817089415  -0.296531490512305057066388509749
  42   0.474657116209169472243816339661   0.221945917353185699275368436216
  43  -0.381546946105427412733122097785   0.023724634431824123339695601883
  44   0.304352395941439080664667626564   0.394713828161057795114479630371
  45  -0.169834210857474906955556960869  -0.789714053008584038485558923347
  46  -0.434464786447034549652561780244   0.227044674605856737502515456238
  47   0.877978486024000000000000000000  -0.333913024950000000000000000000
  48   0.495340436758518550293121348029  -0.098310207590943481130715675415
  49   0.152710353873815203661997632094   0.926855008962789271002497596549
  50  -0.036264058817000000000000000000   0.740277585362000000000000000000
  51   0.161601734490021820874458715595  -0.377643013221695597934373723303
  52  -0.602212609841370505334133757048   0.086143609764141353610586300459
  53   0.669925306840019896635134651715   0.481815102596610273196249319869
  54  -0.916735123168000000000000000000   0.199967758068000000000000000000
  55   0.544864326428000000000000000000   0.461200065540000000000000000000
  56  -0.842706738470898494932229130998  -0.123399184721413062106954139212
  57   0.246754094623887016664033072144  -0.464026968625631645853929320381
  58   0.343457654000661193274437094412  -0.113218714315341947124136548549
  59  -0.377863684539469453091733892684  -0.733913232330706252801522986410
  60  -0.061620826119315707624129679961  -0.001555062239790887932442674794
  61   0.267437415173236094713338080513  -0.784283093569760826260013432012
  62  -0.137599691065216848085422286780  -0.672777968238487472242294666070
  63   0.527574956550776609163256022120   0.018625877179153085112548581861
  64  -0.146773186253180903413704036509   0.084828893164145159987112922283
  65  -0.466699306239292608522696454333   0.110108589835760171259251198960
  66  -0.296394585971562216943547741236  -0.062659320972111924579859995194
  67  -0.912613082056093441949132668476  -0.222526452988753910492431198826
  68   0.311223134208403134404302420323  -0.230154799085438513367400805826
  69   0.416612298784013848933623426823   0.740072075651128715680633490417
  70  -0.617093855761095636645006890464  -0.034237704016168216373620629986
  71  -0.040937505569966629574824671591  -0.321811187183920068338526786426
  72   0.730114196610765059612539409306  -0.037205948858622444483298355016
  73  -0.252608866936395177252583401427   0.491468973512210388312752630992
  74   0.129367214697763762004324041506  -0.494579097991792164177637980581
  75  -0.105406545154482747315094019770  -0.555683356724113200825055300981
  76  -0.093855345911573766494264354050  -0.118491147009887454175706932071
  77  -0.474966737527302328856251740413  -0.337684765303978760167503897500
  78   0.134047675673708689085518913467   0.567481738968929890953590824525
  79   0.384824295099359349373047111151  -0.753730964203600307936304771813
  80   0.442422596416911413373681665571   0.105009832583089133032104178939
  81   0.501764658917879044723197783371   0.653688120247192667761077893340
  82  -0.660415104923191792327297441727   0.668006398928159686027322208515
  83  -0.114538666460922844543569362420   0.201764977934241726230377179560
  84  -0.730125835852714416675013708674  -0.078247744508816963857663820997
  85   0.258305293866795997484862737864  -0.026834758911405899204580951472
  86  -0.602172150880000000000000000000   0.521082797464000000000000000000
  87   0.384515968054852395636337275380   0.857046165693842759664112423356
  88   0.097132694905505703134189367416  -0.611515182761888730420902237858
  89  -0.259387883953124553796018225298  -0.707901756728170277934936463948
  90   0.239883356356922962924398278384   0.160841658620864662627951115816
  91   0.173152933732930801695288381315   0.059549196492530148714974645606
  92   0.396375494342268330193876776871  -0.316538754489374561286956402904
  93   0.270871461938846898578285960726   0.899449448788974389036932890958
  94  -0.070486723784809451006243303935   0.936702877965986620830241741816
  95  -0.936525121349888545336164538593   0.072810417525616349289277846399
  96  -0.325126043105680817008926125698   0.881290937156465387726594255171
  97   0.699946937031000000000000000000  -0.155371276599000000000000000000
  98  -0.498933826031550667392831128423  -0.006827494934336394984013058317
  99  -0.545746140688343099088222567279   0.628457178595722310854451892374
 100  -0.275827176706000000000000000000  -0.383029809737000000000000000000
 101   0.931487216016854241404245150738   0.121293966118881483518661116868
 102  -0.532276491024509048308941682394  -0.474311756117967267842326570159
 103   0.219200035807573884875093270015   0.481097783564993843034035227448
 104  -0.740988232750924015100662580194   0.577336209451945344434010238000
 105   0.453973795659820394194511331291   0.542202042297314879681452547848
 106  -0.179007706045438962283838710598  -0.032107191605951406256151334994
 107   0.325035716490788158713972634933   0.074457703216928614708395518739
 108  -0.211242225837697021153973384688  -0.149043276376047972499415592271
 109   0.069578636089192571345249565288   0.333609569428736758467062309970
 110   0.048895315539843493295944556918   0.653865694372865938873146421602
 111   0.364140974550010271323742102782  -0.433474839259471127530220660181
 112  -0.761282670567714524430970158388  -0.550299332466401132764011118936
 113  -0.029386306327057648753995005871   0.115381022530305678310821582483
 114   0.709430876061415981563234400937   0.283050176085506735922785756616
 115   0.481527854476133525983451133419  -0.402922709893310609206511999981
 116   0.299671934965494153583472754602  -0.667347008799664260016749174735
 117   0.428610014134526389064011450961  -0.199602669719277995043692145627
 118   0.449293334683875467113316459330  -0.519858794663407175449776257258
 119  -0.592193452486700512025897180510  -0.368845790438346481397782626240
 120  -0.317077906520911294992852749606   0.257596803972017255826224116437
 121  -0.487382626788641686572001462703   0.430364714779889351665335310592
 122  -0.020254185020617551525519663222  -0.642067312128049248744610898058
 123   0.755077666973885092424709008263   0.395431147192674225276693722792
 124  -0.231925546387046099203278393057   0.171212848568081207906668519360
 125   0.016660795747585434425809882829   0.536929609602769372629882164325
 126   0.801983471423870750365457508649  -0.238256780896904831283334532552
 127   0.166964134167665063733128925358   0.685084773503668690178287834095
 128   0.198282260625794642781253125876   0.802269615282583469189641180077
 129  -0.243476745629955080024108058777  -0.265979361146144538742679849549
 130  -0.222752051199082043874996643328  -0.586394012834551424322739068993
 131   0.580492796892383746082695704577  -0.184694162994879529050271272492
 132  -0.691866170116000000000000000000   0.174457012685000000000000000000
 133   0.417058814891617408243181785240  -0.636794879433503741693040514535
 134  -0.166045125249049497690983617703  -0.924559179393458572700924412828
 135  -0.519617146580899745442136136792   0.313428630009792785422071053315
 136  -0.238880949697285628697905554596   0.795997935974809952438087765436
 137   0.421739275867562335324376657202   0.425265957527218313438188290571
 138  -0.068491564386279761363764473720   0.623313565006705420549437761402
 139  -0.496769044869672187919801655961  -0.797245994583197430398189029059
 140   0.002848213465200410116139668218   0.232317107300402244554085839760
 141  -0.645718694515194463547466389098  -0.165360009310190466998820640939
 142  -0.205006891906000000000000000000   0.916305133000000000000000000000
 143   0.677196356269157922693099726847   0.166114091315410169679521499339
 144   0.336586915733697139534802300653   0.511649912931154361357743887648
 145  -0.328629105763820275813682415326  -0.179595405742208490823124252471
 146   0.867067417703463733255970852969   0.018516528065295150303433201414
 147  -0.684024309082871078141777347903  -0.643810068578753202097574260844
 148  -0.340044684320996519973746290674  -0.617305991142719567522565323139
 149  -0.531437185951000000000000000000  -0.123902892694000000000000000000
 150   0.908091343386170694073023733307   0.240313902816249623023776777310
 151   0.787312186766143151294843682353   0.512367231962770791519957980069
 152   0.823200635925320784692225932160  -0.452461460051378856806533061476
 153  -0.551851666373157804312270810882   0.196492545239696219178806796038
 154  -0.015573724044672624444324791260   0.419993524832672806386617907048
 155   0.506891636001427531113951013750   0.338882002123282265518632693493
 156   0.101813155881450630215384239377   0.450545654198833324710326567248
 157   0.714724732798122401443750013551   0.609548370637089458600407560310
 158   0.193836254282279879744593389685  -0.260706928451599031691109466026
 159   0.237041281656000000000000000000  -0.908940229365000000000000000000
 160  -0.446015985689943530473391445964  -0.210147535108369009146832912671
 161  -0.389894499458905599396543409853  -0.854612742188745689965927382312
 162   0.691753906689446056373708238884  -0.453178534166294391951551191797
 163  -0.637004026507023000101845167431   0.282876500643632267098362393115
 164   0.154730996223057767134823921836   0.247225614024800710547506712893
 165  -0.167456506802529981463009044879   0.405085018108274340393197033915
 166   0.592043996135292726903525370299   0.252498046719346217599077096416
 167  -0.369995746862518431912292432065   0.460916844146049869989043970792
 168  -0.938099484021553010383208120995  -0.048476983179381678829463957302
 169  -0.153643924520144957153338830268   0.709697520410641468468993358479
 170  -0.121524084872991428036084890409   0.826665157339143323599736221525
 171  -0.573487672070444493329581122440  -0.593862455366711409366585362221
 172   0.577068636529613631554681821018  -0.492680445461356268042013287592
 173   0.278988614416145075534167746233  -0.347090883855535079610665063104
 174   0.534445694817740662902890815878  -0.606242750067343223369331854336
 175   0.533267560624000000000000000000   0.773308583098000000000000000000
 176   0.410188076624653354503546991480  -0.011926252187007433211160078338
 177  -0.415049776065110865139296242297  -0.443150730983599546612047841418
 178   0.665112015832406236762991511627  -0.271600434193091834063370330405
 179  -0.715310511494650028846828258624  -0.397665106806512406743154808333
 180   0.917522745259956484795926370503  -0.201327275226957378033006621721
 181  -0.264160066179304158073413067147   0.054276763797984641663404262083
 182   0.389504756075304276454241983112   0.308329872757121747194924033293
 183  -0.742287449114022625156267021970   0.343113641277568460892404980680
 184   0.756921127506889856415681062795  -0.350873375359286003327221420648
 185   0.182285055039370898923763723964  -0.697899138165824778340457834935
 186   0.628168363711000000000000000000   0.697764206348000000000000000000
 187   0.644961836476899863822965052758   0.049178006545313603436257242062
 188  -0.271115469489543687568040228684   0.679061851204713386194823508158
 189  -0.484738229950236041614992138793  -0.676546484725157993233784633158
 190  -0.604769506714764941231710493341   0.399812585413728833341626650392
 191  -0.045522339060871078612009054418  -0.938247502776375705556079313031
 192   0.081138147477729626154954883062   0.770799487504799859743326945756
 193  -0.829740701968880971291198900681   0.440353298291118391292535172712
 194  -0.857241875175713001314713194902  -0.330448376786501309579942241756
 195   0.513762374268391584853585807509  -0.285986625123214042963247742704
 196   0.150050535247112840053629049875  -0.814835222935921344583722092213
 197  -0.650746033555287939618773932925  -0.500351719254359340033022220313
 198   0.498444382512313396304403514335  -0.796199634112950753606728970486
 199  -0.447532114914246366556205052704  -0.561095988011088418551299131187
 200   0.088000573599065605905714024767   0.145933151896466196634530242683
 201   0.596886832332086926391863414458  -0.725332178528048757535430299999
 202   0.140918413940672742825153707226  -0.057386888277566417528289611672
 203  -0.073172025362224688444959345681  -0.438747271954016634581791043703
 204   0.794941021465000000000000000000   0.196591866520000000000000000000
 205  -0.710052929321764566286132347881   0.460049726047665027135669237958
 206   0.044214854563898566214749684957  -0.408195142587856116258082383503
 207  -0.190558905288347943104668376318  -0.469299401320177152905499703903
 208   0.214519574831628957793898398054  -0.580963053395728212097193577658
 209  -0.455508762916337497593939794942   0.547399619784535330794093741085
 210  -0.427567487912000000000000000000   0.665435591637000000000000000000
 211   0.108683894148414683955019033136  -0.174322973047662983771553868949
 212   0.559809476343034668033390696209   0.135561961949249651355812839139
 213   0.597337852871999146784040982913   0.578996241270928940276698900110
 214  -0.338121882990214242934230764304   0.577951749150695849117802401285
 215  -0.100726084178537820233899147808   0.506377480236608854306173504125
 216   0.624278515927550785773660044388   0.369434131489442783842341353693
 217  -0.677345812620565707815471537059  -0.282461835034410433478227029163
 218  -0.052447330931351652295847930231  -0.759161923642423520161850263148
 219   0.762348716403023118482674083396   0.079730135911474121759965902262
 220  -0.158324385496089884234533702229  -0.352363316550080586662235446626
 221   0.039028118059779273855589139639   0.884552982440190933001623330950
 222   0.251434555599831943745227944105   0.598033868335090409277299484725
 223   0.226070774074537938614728063774  -0.143770843681502465447845208749
 224   0.023531534014549488165444676588  -0.087939017643726935851998271872
 225  -0.823944218731704467078949116268   0.117961857738212447538568164614
 226  -0.560119097661167524645826096962  -0.251300809900042712247948300422
 227  -0.879566818235354560017429836265   0.329761841453817696097805335450
