   1  -0.655943542999000000000000000000  -0.329047559062000000000000000000
   2   0.553622959032179750316512309022  -0.246088112483465989033062343445
   3  -0.178041808726860589774517271644   0.306009438205905302421936106949
   4   0.107686875810641163568100535284   0.128652266836072347379770763316
   5   0.097151764940516348267034532217  -0.578575254995534570224112665471
   6  -0.430529550937694779636933088255   0.279970556753771024589416386656
   7  -0.188773282407735179539474001665  -0.030117446878397622291070376732
   8   0.530947424039163178738419505965   0.675362396739705387622483493487
   9   0.131641514960338487272113931954  -0.424883862777808385032405902988
  10   0.073000762980069250099130408593   0.346061511365650155078940945939
  11   0.831854495774034506324889624536   0.311441821828156598551881761033
  12  -0.204377904700415352135557146611   0.529646306708834764498510501005
  13  -0.154087169577163266070503874974  -0.247526691407975429990240559355
  14   0.393415560348142916910718342212  -0.048704904533760607662394580317
  15  -0.199504756088609769304430731687  -0.366244331962700547004076860413
  16   0.462787786009286743848658595595  -0.483523393592916223060734945562
  17   0.746146671376000000000000000000   0.565772786393000000000000000000
  18  -0.678806070162419706834195385489   0.226962888568213372351368218041
  19   0.337266500155821823911834755477  -0.503549430172788649389237365057
  20  -0.725895407525000000000000000000   0.107952032039000000000000000000
  21  -0.525962603907137992316252671951  -0.774786257058796956711145863969
  22   0.006120229106873567335290091835  -0.444909899357680811360908322483
  23   0.922808342350868473570505604357  -0.159233062281673944625612066732
  24   0.373015155925803473991034749750  -0.721359737352169053951522340273
  25   0.358729447517571003441748215521   0.168704339995817200036775602306
  26   0.599040545543626253550439165735  -0.127370471928740872019226042387
  27   0.689875718566519260018292879161   0.110064809180709362008446559731
  28  -0.704970192218326992531916356647   0.450747532163690135789132109694
  29  -0.258145508068879006477414255049   0.404701042180757993107269988513
  30   0.062269289299194660334173678571   0.009934626281347230365934462257
  31  -0.690858425821594859286769362137  -0.110221593197887327605080054711
  32  -0.246600378854753505183016299927   0.785084873647023891047745908746
  33  -0.535602227624909920052993196001   0.625759460428445152222779154629
  34   0.404147034029017506675675072234   0.287421980550542317050611903365
  35   0.620479582979009466629647158854   0.545032592606919920515833911169
  36   0.257987363482973232734849912199  -0.775445246586480670807247194576
  37  -0.405129741284093105944151555210  -0.287578764567720282647245398344
  38   0.715852975416546397419020761512  -0.603725866948927860398021064489
  39  -0.933040878574398952033733312903  -0.079781725633573738243173652214
  40  -0.467603761118895162472822131677   0.500443538649782354625916134889
  41   0.211745214302356903975010915358  -0.523575466752661075717739784552
  42   0.418432742437249977224961606464  -0.602642096797443936937686039214
  43  -0.565337139968129939349945522020  -0.090195556618014901276577635217
  44  -0.656561659514795974602848337017   0.667725386735545832775120735359
  45  -0.279608455430628186007327715092  -0.267552727987847856318742978850
  46   0.428101673178714830379688468904  -0.266114149063338415361564762940
  47  -0.448962932417870683403301922641  -0.406890485276271644625988270787
  48   0.267894274494677996973894502094  -0.068730941113633033990896999812
  49   0.885173282639000000000000000000  -0.305497247165000000000000000000
  50   0.027583176468622746865203551879   0.227343870810925038065104644880
  51  -0.063251996554270259602650161547  -0.010091410298525195962567957238
  52  -0.029424049186836690120078667729  -0.566947760794142073898557277186
  53  -0.744835431759648541841216660596  -0.567583107951051575841987752827
  54   0.222476687983231493739967645381  -0.187448581668358151004733300871
  55  -0.348980681091772012945267968475   0.167265761071307759079597386395
  56  -0.073983470235144849367606891569  -0.346218295382828120675574440919
  57  -0.530651027137558025880975395329  -0.307604801147592708975747817839
  58   0.347997973836696413676791485499  -0.167422545088485724676230881376
  59   0.257162800813803407208937772072  -0.404857826197935958703903483493
  60   0.735293305077965763252219735875   0.228782449735434479022282860791
  61  -0.017834410042823756368723304834   0.108626230256199921051268343821
  62  -0.826523918151313569545086191599  -0.440214285956007831117644664371
  63   0.084617233572229199372825070515   0.682900175358162319416023674526
  64   0.518936846201607836847542182331  -0.028678867953888181333892160823
  65  -0.132624222215414086540590414931   0.424727078760630419435772408008
  66   0.349404521614739422344752135647   0.732497442900532357427766614890
  67  -0.075450043773838115309939069044   0.933401144058910524828890072448
  68   0.289357221856427176503807962137   0.603522829054972815435115967551
  69  -0.143355695896288676305547144952   0.088600193676327494722765924326
  70   0.832505761515598195474190250330  -0.428794311855102701101973397608
  71   0.003887952596804437320216660529   0.817225607770013876436932210144
  72   0.827448363201770470498180872475   0.438474185181600019606499059758
  73   0.177795265379823108071818895305   0.919412447405665375811559492059
  74   0.313311861006124500207821358807   0.049986699441092083022939301247
  75   0.257898964721841524774715878710   0.820720843430812685126225610495
  76  -0.645440839310148356052842505425   0.008496047356837789408756246348
  77   0.187790575152659580270997518689   0.029960662861219656694436881752
  78  -0.485233440626111522647048538615  -0.188887160592867591961911516781
  79  -0.600023252798701852818915648712   0.127213687911562906422592547406
  80  -0.740938340259668653788358752177   0.572661139566152684516782999564
  81  -0.154278974843154249995367890463  -0.590778054178006576396146862077
  82   0.218737863948692325610748184612  -0.910540582133009869776236501102
  83  -0.831442372429369880338065854240  -0.313200727030512358190984193091
  84   0.177059101471784990506040788667  -0.306166222223083268018569601929
  85   0.769979417908537676721189862567   0.011373205205856671323112678167
  86   0.609772019224500843315395895757   0.208756413155562052693780441296
  87  -0.097938109384842173071620288239   0.207317834231052611736602225385
  88   0.655303426571000000000000000000   0.327566450028000000000000000000
  89   0.153104462322087666802027391998   0.247369907390797464393607064375
  90  -0.494091816456706073059502838194  -0.525718172154435647491884287565
  91   0.473519259690161333613615325617  -0.147396508508613298347728461881
  92   0.142372988641213077037070661976  -0.088756977693505460319399419307
  93   0.243939635344980673269881105424   0.484805188500247698421279666492
  94   0.130034820083675702606751927229   0.801617815912887436429859975584
  95   0.559986533596076097004204708661  -0.587410508734474639053867535576
  96  -0.816379711675059779223593202256  -0.130247629777759753933582474205
  97   0.038314650149497336630160281901   0.563470755895227962778111128561
  98  -0.736276012333041362520696218851  -0.228939233752612444618916355770
  99  -0.330449664838559763083095574190   0.513443015713613359266166599753
 100   0.644458132055072756784366022449  -0.008652831374015755005389741328
 101   0.438833146859589420144645198925   0.070012736020964509351441720742
 102  -0.367068779505327061314907225053  -0.521050900247395806033879313138
 103   0.414878507709892096440631802255   0.623548865634845241763618387046
 104   0.633726658374198167019409292427  -0.344779716458318679718396225009
 105  -0.049636397491957615608187067685  -0.935129206516392316459641373358
 106  -0.619362510959260068871529585066  -0.547256241758126439546369534708
 107  -0.197961422289801594333817274217  -0.710145047641344397232753060404
 108   0.089899156174000000000000000000  -0.932115909427000000000000000000
 109   0.340030403519736398309644196494  -0.872530646750108350071473745202
 110  -0.314297885359771667175192607028  -0.761355034008996659626096027843
 111  -0.234190868919181682773400858379  -0.148835087433122739304906677791
 112  -0.338152194250654688642349508776   0.873260269541346203816023018805
 113  -0.887623292062952448799806456191   0.038935914921151378770662648845
 114  -0.175816556209802340433531735695  -0.919792880706565667194400406252
 115   0.210138519425694119309648910634   0.702926211938034745744526094021
 116   0.449564620540464009909601928947   0.406139621105267434064448204423
 117  -0.116246905666933738772866978829  -0.807507119910255631897331829855
 118  -0.416194026205264144095742061493  -0.838875996430347880054170541425
 119  -0.804604017829515732493473851237   0.208755425643571434859205818016
 120   0.324043334686999089972778088829   0.386113584525395007735945784929
 121   0.492456311726652567655808507130   0.796503098472654479773382774052
 122   0.804689263061762465541375940110  -0.206185362026196887997684966573
 123  -0.453296096077630020470743350253   0.819422390539053515226936377971
 124   0.096955402129766573803143805263  -0.207474618248230577333235720365
 125  -0.072564458220286394434417595075  -0.688140126446917811060725631528
 126   0.382684086667268327145761612190  -0.384831789618063532375401063999
 127  -0.359712154772646602710224698497  -0.168861124012995165633409097286
 128   0.278625748175552586738851232116   0.267395943970669890722109483870
 129   0.724699502855000000000000000000  -0.107397191739000000000000000000
 130   0.508205372520733247082585452308  -0.364805753038191106046898644504
 131  -0.654986072814155890428162354696  -0.669270983425582558920022049144
 132  -0.268876981749753596242370985070   0.068574157096455068394263504832
 133   0.051537815618320070569216948549  -0.326192258802955694347072021424
 134   0.369460921198445593206704945542   0.504831225080120124749782085987
 135  -0.119401056746591352601533748283  -0.464935935937553237689410741978
 136  -0.922471250045274279839375625925   0.161174432450889006553435454901
 137  -0.041529633914642065913710196185   0.698507967215288759423095909086
 138  -0.288669145807006204020273183767  -0.621101551316615509521016137971
 139   0.494982207051910513143528785660   0.524857261659992551078284505483
 140  -0.298757456748947543185395371175  -0.887510217897719679189133006242
 141   0.679144244885644670253336149140  -0.226062075903593562704559923951
 142  -0.167943622643559976915791141957   0.685236237974128943611639302807
 143  -0.574484218271335603340125762759  -0.426916521856144070954490690282
 144  -0.529715378311601894616135607825  -0.647732913821891766865536802001
 145  -0.385111964426248276403006231543   0.398688197308496141603252687715
 146   0.500475782474013142799755890758  -0.699727496961071616201912589841
 147  -0.553284784308954786897371545371   0.246988925148085798679870637535
 148  -0.007102936361949166603766574813   0.444753115340502845764274827503
 149  -0.633148356221022376266940368244   0.345874946530542328109807327300
 150  -0.314294568261200099476297841784  -0.050143483458270048619572796227
 151   0.714738416166172247088650019221  -0.476621999576282402593913571626
 152   0.233208161664106083504924375402   0.148678303415944773708273182811
 153  -0.830723819675692983376563346078   0.432236440226161234275645580681
 154  -0.405005608876976276861648516578  -0.672311537684267771914359105410
 155  -0.087703928995956910659380140092   0.580082590639365198310943775189
 156  -0.474501966945236932882091808593   0.147239724491435332751094966901
 157   0.136694823911929160035953900318  -0.813455181969382190512009950475
 158   0.053615700497558330390927072935  -0.703476452256744460325966598633
 159  -0.283087524470535308744184983434   0.631398358971836255022552661973
 160   0.887467645207677557129547459878  -0.037136090702363679826846880340
 161   0.455058195962566639565829034045  -0.818445137515796733215748890899
 162  -0.241935346691173449602218916392  -0.498729176847278483101088197431
 163   0.380055449235762752982631058774   0.855855280022364346078365190670
 164  -0.699702553861854551674941284706  -0.448756937954419689635902240470
 165  -0.223459395238307093008444128357   0.187291797651180185408099805890
 166   0.292911456583785057288137766346  -0.622668133377316363266188458709
 167   0.932885231719124060363474316589   0.081581549852361437186989420719
 168  -0.439815854114665019413121681901  -0.070169520038142474948075215722
 169  -0.108669583065716762836577018260  -0.128809050853250312976404258296
 170   0.911958195116052923027786607939   0.212750217853303907866547879469
 171  -0.510978990486347595582955125446   0.380964566354543167880750216662
 172   0.484250733371035923378572055639   0.188730376575689626365278021801
 173  -0.560088434671619205766167239451   0.750487408410729081324528300487
 174  -0.610754726479576442583872378733  -0.208913197172740018290413936275
 175   0.163835936002962256566984122019   0.583496792475100389106613548056
 176  -0.052520522873395669837693431525   0.326035474785777728750438526444
 177  -0.884470913327130452821659759191   0.307638762697792712060799619944
 178  -0.594099567694051791175494595517   0.512911347691719200146422083825
 179   0.627500523115835308608246568811  -0.695106825117772932812252178689
 180  -0.303563094580325509711341111762   0.285983401626032876093433687454
 181   0.564354432713054340081469039043   0.090038772600836935679944140236
 182  -0.028565883723698346133680034856  -0.227500654828103003661738139860
 183   0.815397004419984179955116719279   0.130090845760581788336948979227
 184  -0.770962125163613275989666345543  -0.011529989223034636919746173146
 185  -0.361744280681728837011410141404   0.731246994644731202458659267913
 186  -0.911546071771388297040962837644  -0.214509123055659667505650311527
 187   0.657750623101826014332779367486   0.666554215833278447467164971558
 188   0.759271676550315962307449083396  -0.324903002580922005011521267631
 189  -0.519919553456683436116018665307   0.028522083936710215737258665842
 190   0.700583282321027883332544142258   0.446340988632067229830500029605
 191   0.529668319882482426612498912352   0.307448017130414743379114322860
 192   0.177883664140954816031952928795  -0.676753642611627980121913313012
 193   0.198522048833534170035954248711   0.366087547945522581407443365433
 194   0.118418349491515753333057265306   0.464779151920375272092777246997
 195   0.575085906393928929846425769065   0.426165657685139860392950623919
 196  -0.394398267603218516179194825188   0.048548120516582642065761085337
 197   0.016851702787748157100246821858  -0.108783014273377886647901838802
 198   0.051648397892951842785283628604   0.935020239262791815818631726619
 199  -0.123210489069985520775006037120   0.815606512566132585447190555974
 200  -0.758901983678388367111587357675   0.327363854593013426596320798287
 201  -0.204118568286000000000000000000   0.913908321308000000000000000000
 202  -0.409106421049753291350320732160   0.613291651386508306702273205693
 203  -0.322039046033191866305115899796  -0.400037572872425792415754315867
 204   0.302580387325249910442864628786  -0.286140185643210841690067182435
 205   0.009933253050910986052477689180  -0.822843445720082281162572796961
 206   0.588309071862751663785482435713  -0.463497357013043796732232526068
