   1                    -0.061920832506                    -0.940880385407
   2                     0.136063170214                    -0.933047106449
   3                    -0.178856538378                    -0.925635451128
   4                     0.247832203720                    -0.909763314242
   5                    -0.295623472958                    -0.895375257296
   6                     0.034827900496                    -0.880265746144
   7                    -0.431625005686                    -0.838325678724
   8                     0.431835811339                    -0.838217108622
   9                    -0.107005261127                    -0.835990699897
  10                     0.319046060031                    -0.820527455420
  11                    -0.218457212142                    -0.811233590910
  12                     0.198020338685                    -0.805690668628
  13                    -0.329909163157                    -0.786476481921
  14                    -0.529779643384                    -0.780015139979
  15                     0.529975782197                    -0.779881888125
  16                     0.082244245586                    -0.776409393190
  17                    -0.029252880511                    -0.751855035767
  18                    -0.140659656445                    -0.726895175212
  19                     0.415084747526                    -0.725284147572
  20                     0.270862457417                    -0.717024835793
  21                     0.621193212477                    -0.706995185678
  22                    -0.252111607460                    -0.702138066225
  23                     0.159410506402                    -0.692267726805
  24                    -0.591752269958                    -0.684130598024
  25                    -0.477727507508                    -0.678403000049
  26                    -0.363563558474                    -0.677380957236
  27                     0.047958555387                    -0.667510617816
  28                     0.513224718384                    -0.666948927075
  29                    -0.063493395628                    -0.642753508828
  30                    -0.695564016566                    -0.636616672731
  31                     0.348028718232                    -0.632883169407
  32                     0.701002114373                    -0.624880607750
  33                    -0.174945346643                    -0.617996399839
  34                     0.236576767217                    -0.608126060419
  35                    -0.286397297658                    -0.593239290850
  36                     0.125124816203                    -0.583368951430
  37                    -0.512013197707                    -0.569504224675
  38                    -0.397849248673                    -0.568482181862
  39                     0.443322777154                    -0.568150523535
  40                     0.560335365227                    -0.562953548406
  41                     0.013672865188                    -0.558611842442
  42                    -0.767405733132                    -0.547885508018
  43                    -0.624062879923                    -0.547610834219
  44                    -0.097779085827                    -0.533854733453
  45                     0.777252276863                    -0.533824865712
  46                     0.313743028033                    -0.523984394033
  47                     0.664462562482                    -0.516134977067
  48                    -0.209231036842                    -0.509097624464
  49                     0.202291077018                    -0.499227285044
  50                    -0.320682987857                    -0.484340515476
  51                     0.090839126004                    -0.474470176056
  52                     0.502361239864                    -0.464599836636
  53                    -0.546906159306                    -0.460798506972
  54                    -0.432730569748                    -0.459769727832
  55                    -0.020612825011                    -0.449713067067
  56                     0.390909288849                    -0.439842727647
  57                    -0.658955841522                    -0.438905116516
  58                    -0.773012606262                    -0.433854745484
  59                     0.813902732993                    -0.425699032092
  60                    -0.132064776026                    -0.424955958079
  61                     0.279457337834                    -0.415085618658
  62                     0.691207415584                    -0.405143244659
  63                    -0.243516727041                    -0.400198849090
  64                     0.168005386819                    -0.390328509670
  65                     0.579701424868                    -0.380617638134
  66                    -0.354968678056                    -0.375441740102
  67                    -0.867430035871                    -0.369669070941
  68                     0.056553435805                    -0.365571400681
  69                     0.468075549665                    -0.355701061261
  70                    -0.580584544814                    -0.351710385804
  71                    -0.466420629071                    -0.350684631113
  72                    -0.054898515210                    -0.340814291693
  73                     0.881808859415                    -0.333920985562
  74                     0.356623598650                    -0.330943952273
  75                    -0.692634227030                    -0.329816995348
  76                     0.768373676399                    -0.321001578273
  77                    -0.166350466225                    -0.316057182704
  78                     0.245171647635                    -0.306186843284
  79                     0.656693761496                    -0.296316503864
  80                    -0.277802417240                    -0.291300073716
  81                     0.133719696620                    -0.281429734296
  82                    -0.795748715264                    -0.280808280339
  83                     0.545241810481                    -0.271559394876
  84                    -0.389254368254                    -0.266542964727
  85                     0.022267745606                    -0.256672625307
  86                    -0.907324711404                    -0.256616361942
  87                     0.433789859466                    -0.246802285887
  88                    -0.614870235012                    -0.242811610429
  89                    -0.500706319269                    -0.241785855739
  90                    -0.089184205409                    -0.231915516319
  91                     0.322337908451                    -0.222045176898
  92                     0.878963893968                    -0.219787914097
  93                     0.733860022311                    -0.212174837478
  94                    -0.200636156424                    -0.207158407330
  95                     0.210885957436                    -0.197288067910
  96                    -0.719091427558                    -0.196202653622
  97                     0.622408071296                    -0.187417728490
  98                    -0.312088107439                    -0.182401298341
  99                     0.099434006421                    -0.172530958921
 100                    -0.830667423699                    -0.172010735225
 101                     0.510956120282                    -0.162660619501
 102                    -0.423540058453                    -0.157644189353
 103                    -0.012017944593                    -0.147773849933
 104                     0.399504169267                    -0.137903510513
 105                    -0.534992009468                    -0.132887080364
 106                     0.811026283127                    -0.128033171093
 107                    -0.934619618694                    -0.124804877685
 108                    -0.123469895608                    -0.123016740944
 109                     0.935193826836                    -0.120426722074
 110                     0.288052218252                    -0.113146401524
 111                    -0.646443960483                    -0.108129971375
 112                     0.699574332112                    -0.103276062104
 113                    -0.234921846623                    -0.098259631955
 114                     0.176600267237                    -0.088389292535
 115                    -0.757945527192                    -0.083515182135
 116                     0.588122381097                    -0.078518953115
 117                    -0.346373797638                    -0.073502522967
 118                     0.065148316222                    -0.063632183547
 119                     0.476670430083                    -0.053761844127
 120                    -0.457825748653                    -0.048745413978
 121                    -0.046303634792                    -0.038875074558
 122                     0.365218479068                    -0.029004735138
 123                    -0.569277699667                    -0.023988304990
 124                     0.776740592928                    -0.019134395718
 125                    -0.898183382940                    -0.016606668113
 126                    -0.157755585807                    -0.014117965570
 127                     0.942893208880                    -0.006518112450
 128                     0.253766528053                    -0.004247626149
 129                    -0.680729650682                     0.000768803999
 130                     0.665288641913                     0.005622713271
 131                    -0.269207536822                     0.010639143419
 132                     0.142314577038                     0.020509482839
 133                    -0.792142805505                     0.025699924370
 134                     0.553836690898                     0.030379822259
 135                    -0.380659487837                     0.035396252408
 136                     0.030862626023                     0.045266591828
 137                     0.442384739884                     0.055136931248
 138                    -0.492111438852                     0.060153361396
 139                     0.853906853743                     0.065007270667
 140                    -0.080589324991                     0.070023700816
 141                     0.330932788869                     0.079894040236
 142                    -0.603563389866                     0.084910470385
 143                     0.742454902729                     0.089764379657
 144                    -0.938594339386                     0.090170700414
 145                    -0.192041276006                     0.094780809805
 146                     0.219480837854                     0.104651149225
 147                    -0.718089111680                     0.112593550497
 148                     0.631002951714                     0.114521488645
 149                    -0.303493227021                     0.119537918793
 150                     0.108028886839                     0.129408258213
 151                    -0.830368046245                     0.133279117530
 152                     0.519551000699                     0.139278597634
 153                    -0.414945178036                     0.144295027782
 154                     0.931040091690                     0.149179210377
 155                    -0.003423064176                     0.154165367202
 156                     0.408099049685                     0.164035706622
 157                    -0.526397129050                     0.169052136771
 158                     0.820060832079                     0.175975772971
 159                    -0.114875015190                     0.178922476191
 160                     0.296647098670                     0.188792815611
 161                    -0.637849080065                     0.193809245759
 162                     0.708169212529                     0.198663155032
 163                    -0.920816366658                     0.202946564482
 164                    -0.226326966205                     0.203679585179
 165                     0.185195147655                     0.213549924599
 166                     0.596717261514                     0.223420264020
 167                    -0.763180612273                     0.225999291925
 168                    -0.337778917220                     0.228436694168
 169                     0.073743196640                     0.238307033588
 170                     0.485265310500                     0.248177373009
 171                    -0.449230868235                     0.253193803156
 172                     0.906039631094                     0.261097145053
 173                    -0.037708754375                     0.263064142577
 174                     0.373813359485                     0.272934481997
 175                    -0.560682819250                     0.277950912145
 176                     0.794922672525                     0.287342396179
 177                    -0.149160705389                     0.287821251565
 178                     0.262361408471                     0.297691590985
 179                    -0.672134770264                     0.302708021134
 180                     0.673883654006                     0.307561999772
 181                    -0.260612656404                     0.312578360554
 182                    -0.889538820915                     0.312747142635
 183                     0.150909457456                     0.322448699974
 184                     0.562431571317                     0.332319039395
 185                    -0.372064607419                     0.337335469542
 186                    -0.779243455037                     0.342232462646
 187                     0.039457506441                     0.347205808963
 188                     0.450979620302                     0.357076148383
 189                    -0.483516558434                     0.362092578531
 190                    -0.071994444573                     0.371962917951
 191                     0.863590469275                     0.378551965414
 192                     0.339527669287                     0.381833257371
 193                    -0.594968509449                     0.386849687520
 194                     0.750266766874                     0.392415237203
 195                    -0.183446395588                     0.396720026940
 196                     0.228075718272                     0.406590366360
 197                     0.638814781073                     0.417172189589
 198                    -0.294898346603                     0.421477135928
 199                    -0.702077194221                     0.426374129032
 200                     0.116623767257                     0.431347475348
 201                    -0.832159003289                     0.443397657172
 202                    -0.406350297618                     0.446234244917
 203                     0.529949170429                     0.451563040836
 204                     0.005171816242                     0.456104584337
 205                     0.416693930104                     0.465974923758
 206                    -0.517802248633                     0.470991353905
 207                    -0.106280134773                     0.480861693326
 208                     0.305241979089                     0.490732032746
 209                     0.803519168530                     0.493403521417
 210                    -0.217732085787                     0.505618802314
 211                     0.193790028074                     0.515489141733
 212                     0.692067182728                     0.518160473803
 213                    -0.329184036802                     0.530375911303
 214                    -0.658639228939                     0.531956300835
 215                     0.082338077058                     0.540246250723
 216                    -0.772470846004                     0.540720705369
 217                    -0.441585864374                     0.556013917392
 218                     0.485802606993                     0.556850897530
 219                    -0.029113873957                     0.565003359711
 220                    -0.554638067194                     0.579054179620
 221                     0.597228995312                     0.581722805714
 222                    -0.140565824972                     0.589760468700
 223                     0.278361704327                     0.601691046166
 224                    -0.252017775986                     0.614517577688
 225                     0.390980641634                     0.620437426890
 226                     0.159504337875                     0.624387917108
 227                     0.699694683179                     0.632073919310
 228                    -0.363469727001                     0.639274686677
 229                    -0.689027108043                     0.643683741602
 230                     0.048052386859                     0.649145026097
 231                     0.512932255185                     0.667749202384
 232                    -0.063399564156                     0.673902135086
 233                    -0.499937327382                     0.679265361104
 234                    -0.180377694601                     0.703411618937
 235                     0.237093302668                     0.708139958114
 236                     0.618174442510                     0.712004527913
 237                    -0.605858996336                     0.721948241067
 238                     0.418110289827                     0.731335731743
 239                    -0.290781919388                     0.732897716932
 240                     0.125218647676                     0.733286692482
 241                    -0.406584199039                     0.744989369344
 242                     0.013856201037                     0.758763908683
 243                    -0.098178906224                     0.782644257539
 244                     0.318880181204                     0.787797715615
 245                     0.517445232883                     0.787890489949
 246                    -0.510179423984                     0.792973545892
 247                    -0.207895778251                     0.814214177133
 248                     0.206455642196                     0.818120800043
 249                     0.094672412510                     0.843292962065
 250                     0.417392452163                     0.845501998826
 251                    -0.390893951017                     0.858074593610
 252                    -0.064895752392                     0.891853613830
 253                     0.288242520731                     0.897778557543
 254                    -0.284323249874                     0.899027462719
 255                    -0.173584244809                     0.926800193729
 256                     0.172258704982                     0.927047478665
 257                     0.037588853768                     0.942166209972
