   1  -0.000595984063766853044708181284   0.608807039186114077036198565401
   2  -0.240967792355164652048093173429   0.911355197263249531428373352911
   3  -0.302932673798334001664815859142   0.350892235042746849032576751887
   4  -0.341329677607566283766934352327   0.242860423624016532545047156721
   5   0.442555727724345578554285655647  -0.218623924624719889944231687410
   6   0.254633002895291226764466002866   0.765287636821009135307128437445
   7   0.435779958754030869986530082362  -0.537528895445772880492853327496
   8  -0.300746443470267693698693341636   0.654313697525907788380007381896
   9   0.062510000234188532374990941832   0.829249316355093597393670084569
  10  -0.451928801075002615770905609779   0.525193203886534851404486399429
  11   0.161005704353193983763430323866  -0.683547813206009564550306925252
  12  -0.308255801690146130330725077309  -0.255927141277287684345054989232
  13  -0.644262181804726936390145352892  -0.012146965022662279250868452135
  14  -0.531071509401364355265587762732   0.006103346229833141733903219662
  15  -0.670895560027719745308239408293   0.298092962595070580378544611430
  16  -0.454086803509872140873790522628   0.222099095675403661393900881298
  17  -0.013526239927124462739295448958   0.942576688320208817986867364554
  18  -0.267046951015778012737249439517   0.155526130760171003754525749305
  19   0.923665374870156398497008412218  -0.188350863542569581384142816365
  20  -0.759779386696305443728361233779  -0.336126272016345915395195964641
  21  -0.707835614892310773766177718162   0.189554331101305591628996810846
  22  -0.646588714292942862603803643619  -0.317875960763850494410424292843
  23  -0.741996757099472289656553963442   0.388036400126121814888030644204
  24  -0.886897701777636593079244036294  -0.071495455207589665220225631817
  25   0.567037406427498138422050994148   0.753061984330131026168918913129
  26  -0.925430200777722886025662677078  -0.179479012755702781704555482687
  27  -0.392205190041260065888110659306  -0.469181180247557490685136681752
  28   0.406765354078303414720499362888  -0.023291757038089101323711449176
  29   0.507282742621613257059908535597  -0.794542630429325859309774446659
  30  -0.082705642615077373879558011584  -0.214599977559408222266100142429
  31  -0.344013703272041706010319317059  -0.060567364775072656017140764353
  32   0.293990681240496699920512452632  -0.869157201042816276311478178039
  33   0.321575076916354749027341672809  -0.547650513121853283390941426308
  34  -0.864129861969390830192472675572   0.376713889024574943012531268906
  35   0.409481606889322355831811370175   0.280164970407800233953131807041
  36  -0.168116436258455106655816247741  -0.742229764450474044620736046411
  37   0.659617953354840890717407988947  -0.522739965753437184895957285164
  38   0.329780648186811200328702122785  -0.239287506483659620983709110812
  39   0.101002353179934639570889561883   0.937247191077878857223668915387
  40   0.387443095870072051960039283069  -0.641494033191440648141612828423
  41  -0.931749912431706800610418793142   0.143093931439334362859940735988
  42  -0.079989144886455363481980993844   0.088855419755265206003481765290
  43  -0.129755116468880673509426495412  -0.630597309777143587818173687592
  44  -0.488691082113039263840684007339   0.720226054409555398077544541238
  45   0.681513018776834559515702762974   0.143208999623677455393261113945
  46   0.349747920089000000000000000000  -0.750875376721000000000000000000
  47  -0.262694165716995951344355086511   0.762467413771472687687015225304
  48  -0.231238623734507327784735784197  -0.039903782916132924977663340951
  49   0.445271980535364519665597662934   0.084832802821169445332611568806
  50   0.811986894572720844558551350108   0.217035316148839602515957331025
  51   0.701830992772811180062749682096  -0.629338565570860654438953007962
  52  -0.831986611078346623410430345852   0.060411110814200644316534861628
  53   0.378890291599828549036405586150   0.485928154181575470866554312168
  54   0.252899663062593296316352897149  -0.455841528202331937486518089256
  55   0.027367457622753060983913193985  -0.497266438009884539677141788080
  56   0.217109289416551132482566604390  -0.260509360615701148865997851021
  57  -0.415689799700639858771672029443   0.330130907094133977881430476464
  58  -0.228554598070031905541350819465   0.263524005482956263584524580123
  59  -0.872562140224033419550272734364  -0.356747927785029263381610421449
  60  -0.016552516693517819939662483750  -0.610696735580699787602040084456
  61   0.140142537160287439209496726847  -0.476602856150944808637664364679
  62   0.073781644328638086453571101711   0.521438968620888295205982781677
  63   0.623526341680397732694250791623   0.556537985485884947471162926174
  64  -0.077390886354025730499316681019   0.392743734337783051296812151149
  65  -0.269763448744400023134826457257  -0.147929266554502424515056158414
  66   0.483764333481110626861496282986   0.192830677543954705162610399624
  67   0.298357284474550940914617818650   0.567534752832041809117821618546
  68   0.145457293421339082589738057413   0.130740855746246464925247928900
  69   0.142826562824762861452881691579  -0.173175067751855620075476443604
  70   0.019579246967927941298614306220  -0.841409275722642968824186796310
  71   0.478346101370387742388071948406  -0.413956092211350678564751925644
  72   0.192649783934362154970348523799  -0.922778322936392883100128952259
  73  -0.044231243304559787802386754094  -0.106504356746949822324432459589
  74  -0.492579156455618248069689142680   0.114101220952618401563902050480
  75  -0.272465428044103966496938784550  -0.451259308863918472965575227467
  76   0.367306896910000000000000000000  -0.442513058300000000000000000000
  77  -0.195480722152611752105141544446  -0.235263559418347953305577565831
  78  -0.350840039148891187124921610616  -0.874954307070525091160019077877
  79  -0.421030881227680508556308610171  -0.276590723136227415384532412634
  80  -0.159690348506569588271355251688  -0.430595727004978741926097804065
  81  -0.418296429863829977040004229870   0.026766928088772872773380643064
  82  -0.430938072353721874460836259707  -0.577093023933537073522626532613
  83  -0.413876523321730873416567354654   0.633346920132099750711494242837
  84   0.703347470197874386288018874915  -0.416754440625648351535834143994
  85  -0.046915268969035210045771718825  -0.409932145146039010886620380664
  86   0.591121180907922120613655481268  -0.393292510352410947525274502243
  87   0.654264944619416802679216992867   0.678653928577304913347831202951
  88   0.629742682363246034054514087967   0.342963906559866513643475087490
  89   0.519522235063006202541090522736  -0.002529098958260323165303825255
  90   0.744305418265000000000000000000   0.364296744433000000000000000000
  91  -0.511852414731530654088162411576  -0.791606517194470396428985545487
  92  -0.052018592872870569935194069010   0.834578813597423558156868533736
  93   0.843359453617700505116228798230  -0.009397856747106814217280228214
  94   0.939689407289000000000000000000  -0.074821349724000000000000000000
  95   0.668087688246582744600460348358  -0.177197684685951380746346640088
  96   0.481048080670091685750184275699  -0.110626049901934630114232856592
  97  -0.382538528281934401360409990119  -0.168592848413442155554533581816
  98   0.704025408955034305084199000778   0.255629613696020984852953680073
  99  -0.641321264192469697151724635916   0.616208280639888091576996599175
 100   0.222423800759999706576542924502   0.346835681412706031704175791056
 101   0.032682213883804704364154524551   0.110077273887306733885770505498
 102   0.495387960381067122496928118291  -0.680134794126510564672967946268
 103   0.104334209879016754256983071528  -0.281172942474640879905475274423
 104  -0.528724530415589213395765915595   0.309130193004380883555386573057
 105  -0.484043130612557413697630291317  -0.400544492888965038347737956420
 106  -0.084489428910512320411758097929   0.724620426073074629277418250262
 107  -0.592860526583047801642650431365   0.214094535614398855511040643629
 108  -0.190242669139345186788502211051   0.372014853959334526178098903536
 109  -0.569563862347110462461486382784  -0.101894528492952118096095611156
 110   0.186538525313340874274162261559   0.542201626700717073364390405598
 111   0.148141074168211435546858011691   0.434169974276551560494697198472
 112   0.829330276115014731003875456678  -0.123188824572046433742663545750
 113   0.079199855612557066284934871559  -0.939340808973084234602112087862
 114  -0.156988369206865644909242924395  -0.127265684695562693475578735012
 115   0.632297314600540580766674055598   0.018134482900679407874173598147
 116   0.030039164196546781898426912912   0.719290928830744668514219801095
 117  -0.198173737407615631749112138748  -0.538596796252598483132545597064
 118  -0.375384170375984766220668734602   0.741344794854885010541493073655
 119   0.471421911822618452536840032220   0.816330296868103240210172474384
 120   0.142814243734081160124010445774   0.739954510689684399553697224497
 121  -0.264601069510296728372616568721   0.459284725474145306388522859319
 122   0.731814204490030895247339289472   0.594206818067481836787137433409
 123   0.595410106170238581673922322905   0.218915608454077485480365756596
 124   0.555459955771457763024829175157   0.430298199423712042433996494906
 125   0.106964940475592975393839437362   0.022742981023461205095249098082
 126   0.593804961654794473570775435547  -0.089863391822105851955825232671
 127  -0.226108716564550621176717948669   0.567282600196930566218521690137
 128   0.773138520106750017925448319077  -0.223127249297704156595909146789
 129   0.133883440889000000000000000000  -0.824119668688000000000000000000
 130   0.941339149873904546971375401774   0.050143568340644520551914650528
 131  -0.154271871478243634511665906654   0.176189712619110734794003172707
 132  -0.192764224423989741707564526706   0.068191837896325474964004341888
 133  -0.761343524000000000000000000000  -0.031120770641000000000000000000
 134  -0.282372091124179844209804946474  -0.751761160525693009255182808768
 135  -0.834069787278287312354374114312  -0.248750053062244003551611590631
 136  -0.821506548372569658071858246564   0.174583657714150682922866442908
 137  -0.747869541134030632420647601802   0.573868383843571467954705816760
 138  -0.495313607819468779585993522981  -0.189256430272381886594011005217
 139   0.555330807261879956779869188510  -0.197960342765780158904754264008
 140   0.599987983125894451496902692220  -0.727081971056757540119514129010
 141   0.588345419611037406738081688810  -0.613022105658183498340217455767
 142   0.219740020013127353619422970224   0.043406562882400936134726521484
 143   0.291392016008339403512251517200  -0.347843653479546677656519258437
 144   0.521127379578450310644237410094   0.306249901317923014270887164013
 145  -0.456788782809576084235902849921  -0.081230946634012387056618187754
 146  -0.233973075098357859301040164498  -0.343261434141133213135576396649
 147  -0.942229975137483765948990892431   0.028921384539384324253609154707
 148   0.071174566829550811560053144603   0.218075148610091993715769336317
 149   0.181215195003234658269332297164  -0.064618920755968563402666295979
 150  -0.237556143992609088318753048052  -0.857291881468168159750416776040
 151   0.178616936470805025286667984338  -0.368507235338486408695996681839
 152   0.035384193183508647726266851843   0.413407316196722782336289574551
 153  -0.085227928924264313400221988828  -0.518887749447122736136552412922
 154  -0.822799310071375946466010882648  -0.460038115678827155305338541834
 155  -0.523253070862917383800524949338  -0.509099324003429289550964211815
 156  -0.721287033750559336532462613727  -0.228128397293560655565197133823
 157  -0.337551912428562970083306358506   0.849575670479810307195324150328
 158  -0.317922463449471794858425746496  -0.556515473111403019475658089169
 159   0.407073472425595187026647473445  -0.850249940063876987314140582327
 160  -0.149519166139248330334979921516  -0.930740453342542788764248299912
 161   0.068543836232974590423196778769  -0.085840774888010091284955036188
 162  -0.035421644336200072749855976751  -0.942008004023202533029387485424
 163   0.255497921595022929299017209974  -0.151953213619814092193187703396
 164  -0.603268986439197954797386380791   0.724361996885452990884004442583
 165  -0.041600512707983566665530388259   0.197411566751152262676291912915
 166  -0.677860760932013701409669447671   0.483072057516103842932376573633
 167  -0.113418711905561806300404300577   0.588405219113518243364043841786
 168   0.894934174101925747297668400748   0.296186759588882145226161779098
 169  -0.795537288278201019407955473529  -0.140766495514130887067281739762
 170  -0.648082386949779317521530595290  -0.535901488886955665731843946945
 171   0.370989253943576248635912750123   0.172167095685014974123132976223
 172  -0.356655345761933603431151346897  -0.664427316797382602313147940029
 173   0.559072774030000000000000000000   0.106373510441000000000000000000
 174  -0.490327526606356931293647422410   0.417162004423111200042916168223
 175   0.293990274540769036494915830026  -0.043955338897028832363188872577
 176  -0.450198729167293156644785387287   0.828223929132340657907543372056
 177  -0.166220045185274294146128751268   0.824418573950836158344041089207
 178   0.743344988181915168014845794858   0.046658444268322383462137138495
 179   0.109666919775296918755951764654   0.326073023332877253545768167135
 180  -0.005706418294667092452296081033   0.001521126891419677212960357873
 181  -0.906908842384000000000000000000   0.256524855587000000000000000000
 182   0.832816851082127052817980136633  -0.441644500797766558491936931801
 183  -0.596825884140285389519541791903  -0.421166148657648386334152413228
 184  -0.346748154635892237526623697361  -0.363925016000072944175053820050
 185   0.030051483287228483227298158717  -0.193838649610795351114953867006
 186  -0.127873267269000000000000000000   0.933956678897000000000000000000
 187  -0.604167413240726163427851101207  -0.723612817264362612457323224689
 188  -0.812005537301489220667532117572   0.478832726453589439910359887331
 189   0.773041568513565983410397266492  -0.539481701155232774878312682428
 190  -0.377291074169285543248930216812   0.438162106557557629243000707670
 191   0.924271963967324112609109449042   0.185351312796116260941536465310
 192   0.183949646367085189785636677465   0.238738730469031724755246759719
 193   0.236071770744881510764935054590  -0.770209730196213910703757238436
 194   0.274685969967766194853183112768  -0.662255361140053519292759103846
 195  -0.473360061785784546892263791524  -0.683608642471685136598986714669
 196   0.516838454316133849583970568458  -0.305958217488565418734753094826
 197   0.504912670189814167395072840516   0.533206770982480041140647771373
 198   0.096042871476514513694901969645  -0.589075422929405885581565125133
 199   0.665408673159000000000000000000  -0.303101725675000000000000000000
 200  -0.760865140477507293343442095875  -0.556523144655639013718258403754
 201   0.893967926888957715186200867727  -0.299090485012675332454495721963
 202  -0.305521350326295598814420697007   0.047430509947712603812858066465
 203  -0.243639208811718035637079346073  -0.643849316839713426417692957907
 204   0.446844652986662039614552497284   0.393584194181768543061408571429
 205   0.065859810568499168179811814037  -0.389268563287099279847142957262
 206  -0.339238796416013800894591961687   0.546315822803122528550008551078
 207  -0.188056438811278878822379693544   0.675436316442495465525529533545
 208   0.335198880297534084802126457365   0.367499263271645762743653214458
 209   0.545416203347018335816439348390   0.640466576975785711054385026996
 210   0.785791939050153161860999198277  -0.337079402278598005275546595186
 211   0.175285079771722910600574474694   0.849912898214033328433147507971
 212   0.057700725958192640353416305230  -0.733279931788939590787278609727
 213  -0.565675060294980056231952481155  -0.615614942541577352627324393871
 214   0.258232372958873460815321590276   0.151404437605186195964725352302
 215   0.336659225368343470565787666590   0.685182075174269229188150594023
 216  -0.379804076918083869844105609818   0.134764802811558132603379473882
 217  -0.794121081767373899181494521441   0.285917562697107317990202025779
 218  -0.710016556543647970644099382062  -0.439416459910143807318924085026
 219   0.208817951014048891920485502508  -0.568411841070466154542087701731
 220   0.404063374778599471358387035595  -0.326621799347505149774230518228
 221  -0.151750316193599079592603590999   0.480012728682119786008097734355
 222  -0.565142085397665321717764075095   0.504041138700566847408966466624
 223   0.409297175584934481509861878589   0.596475083520452255181901332628
 224  -0.055976613171305522124676125462  -0.718357976542545962420227313010
 225  -0.115883239299771837695215301070   0.284745859614997791466813320331
 226   0.356774083227180127733697631030   0.817368361552649791487029889857
 227  -0.526743359866311006195022262464   0.612072338163990498770536697830
 228  -0.003108159762237459469631768208   0.305409441473937522506290743733
 229   0.368273001132557307524600742837  -0.131289631760874361153710279994
 230  -0.682754534750473043586043972943  -0.120144839745447539080867282953
 231  -0.094518274835120316286509638546  -0.830141725041983224559047610799
 232   0.223997854634977591821330908670   0.654803747176378543829107201751
 233  -0.687544967378000000000000000000  -0.644914715691000000000000000000
 234  -0.606759563860261157061354892523   0.393128619985052608422890540859
 235  -0.608096361347196755407905023567  -0.209878086041065234580425462025
 236   0.841324684438119209869992398402   0.106199869356073718231332017237
 237  -0.606391095748808629239657002013   0.100243203263877499301088570499
 238  -0.533805960765214886781892143033  -0.297254304995167146424009836035
 239  -0.008422916023289102849873098774  -0.301934270423253751056621549845
 240   0.725374467812000000000000000000  -0.073291885649000000000000000000
 241   0.332515099550661731845006503086   0.064070144741340667174203944886
 242   0.262167372402000000000000000000   0.455942253118000000000000000000
 243   0.112179095473767525180875351578   0.629470621045053808075675988803
 244  -0.118481497832201470677879613896  -0.019142454967520053826517065528
 245   0.278060196789613963823701232954   0.900730980644376065658084352738
 246   0.852357982748818771244411961391   0.402640834709574106186016420821
 247   0.546132380193067117392739995662  -0.506423505840760028797221732969
 248   0.449800708742138649931228386462   0.703734889513757925095638588251
 249   0.668235035308992141250412708019   0.450961781282651773473473918308
 250   0.296706527351787977606227837313   0.259501388548860502913654383639
 251  -0.121197995560823481075456631636  -0.322597852282193482096098973247
 252  -0.399077335193996275862578878713  -0.770942935335530665389508122085
 253  -0.718315677598087739104749817450   0.075381784201355553022665229565
 254   0.776522898118625303803501205868   0.488630613864248662789448425543
 255  -0.038993435208896291772012431151   0.500775386761948564166505358275
