   1   0.340131006126274215705483957397   0.743442303376645970504338026197
   2   0.425624246936942708871460982433  -0.530103756478867017439772820233
   3   0.107640486673139689091095212406  -0.611854583401240513184915402552
   4   0.713092008027271852454203424462   0.047087902785934586424700865763
   5   0.697405057052887797781529956455   0.295451429958376044783860812961
   6  -0.175552684907501368556936399605   0.489673474116176075263428784483
   7   0.261140661766516772899227680429   0.392240896536662357873897601042
   8   0.433253246730311177920866814432  -0.653963964564474044469605596152
   9   0.720721007820640321503609256462  -0.076772305299672440605131910156
  10   0.100011486879771220041689380407  -0.487994375315633486155082626633
  11   0.243254180283806125507632048418   0.905860009827678156016932682776
  12   0.817907227501597227461499233580   0.459110793633952908116593903968
  13  -0.336681859794246921414474699628  -0.390561797736119768765551443193
  14   0.211092073496617872668081858415  -0.543317571731913672259923616472
  15   0.483301835000210078152012636446   0.281594503704101985664215621363
  16  -0.567759163572924252621689752717  -0.154071575938140063318471217593
  17   0.595657555710000000000000000000   0.501001143374000000000000000000
  18  -0.701982094726085189753390341719   0.022727258846688836910834762990
  19   0.673528895190975454046307562331   0.652773912601730446981355922417
  20  -0.064472098290654715930543921597   0.434350277699895889158587794643
  21  -0.470649445791198981189084673634   0.036342022936981498428787874405
  22   0.322172660113464525294474336424  -0.598640768148193858364764606312
  23   0.291656660939990649096851008426  -0.103199935805765750245433502635
  24  -0.862803178315136080622951077271   0.367866319632345671382881827085
  25  -0.217972273384031799738676389620  -0.569745202238006981900225208952
  26  -0.122149686353922085211095575610  -0.377347982483073113945400646953
  27  -0.166316836203000000000000000000   0.776627274208000000000000000000
  28  -0.778128876496030070683827905430  -0.455507500597515666804118446879
  29  -0.624890002873059065446328320943   0.699476545668155946277698560636
  30  -0.397713858141194673809721355622   0.600319866948736447473110764162
  31  -0.581730032408045633815477151643   0.091665219353261684533628864245
  32   0.871357926359312962838922396238   0.347117152848063309105335144155
  33   0.754359454610443964414360516073  -0.557401800203749925422641842384
  34   0.594382421617056730778405114454   0.226271307287821799559374631523
  35   0.451274413568387006490238971118   0.688245421517127894902316123247
  36  -0.741351685902845179156443457888   0.574589097912200908670149185756
  37  -0.929006841983638023494389324438   0.129233282006360228497007224948
  38  -0.589844774387000000000000000000   0.215495764762000000000000000000
  39  -0.405342857934563142859127187622   0.724180075034343474502943540082
  40   0.188205074116512465519864362417  -0.171736947475092591170425288714
  41  -0.286633271524348021183328877614   0.544996670532456261368269774323
  42  -0.145036685734027492359313071608  -0.005767358226252032855902319195
  43  -0.114520686560553616161689743611  -0.501208190568680140975233422872
  44  -0.305678262504109594082956002918  -0.886744469090738837044556971205
  45   0.617269420997162137926622610453  -0.145309316968999281530123696235
  46  -0.544009970313393105903873803498  -0.526990050444040187759078663873
  47   0.825065859360776375877546023798  -0.008177039456937527123391778749
  48   0.219122631219015378188778191757  -0.911997930983509964956742609804
  49  -0.590659830832179957686483476399  -0.032108006689212528117866112569
  50  -0.079730097877391654029355585595   0.682070693871109943218253346482
  51   0.379850248176731894575025990437   0.213057492034775144739223835283
  52   0.031429227459000000000000000000   0.626905798411000000000000000000
  53  -0.020449740165372390691012302864  -0.937729578160845032725753999044
  54   0.624898420790530606976028442452  -0.269169525054606308559956472155
  55   0.150060075149670120272835202421   0.447564092952942543978738590882
  56   0.222673570503540820090195600079   0.783483577104994428671764590088
  57  -0.367197858967720797612098027625   0.104879034606308339353779660485
  58  -0.160294685320764430458124735607   0.241953057944962021203763232644
  59   0.568617577401940005860394843964  -0.745941689611256668323089162249
  60  -0.034655788592077197986653670304   0.797690153424028211951633811141
  61  -0.041585098910549308782326425599   0.062769653443074808069089466885
  62  -0.233230272970768737837488053619  -0.322024786066792927840559657113
  63   0.410366247350205770772649318434  -0.282383340307652963380107268394
  64  -0.049214098703917777831732257598   0.186629861528681835098922242804
  65   0.609640421203793668877216778453  -0.021449108883392254500290920316
  66   0.498559834586947016250824300445   0.033874087532887931604550069524
  67   0.475243883819194492528745000438   0.406097822790936416993542792641
  68  -0.930448452501503266188592299217  -0.118408744897095495367082970618
  69  -0.210343273590663330689270557621  -0.693605410323614008930057984871
  70   0.172947074529775527421052698419   0.075983468696121462889240263124
  71   0.306914660526727587195662672425  -0.350920351976979804305099054474
  72   0.203463073703249403618676026416  -0.419457363646306645230090840553
  73   0.084753487293034281942877716408  -0.240273959144419432095417074794
  74   0.689776057259519328732124124456   0.419311638043983071813693588880
  75   0.574738907716901234801388036147   0.741235550676659669086471526050
  76  -0.659417101650703944554612762684  -0.667026266110363002759881412524
  77  -0.693052296301950865882384016963   0.146500484889163049562329739804
  78   0.121538734434521909116224558986   0.930044778310486713155742324087
  79   0.529075833760420892448447628442  -0.461566744809540176514781034153
  80   0.011817899130996458917220530050  -0.804251803187712382842247591320
  81  -0.011069099737075432584703097602  -0.432671178899353300050241636793
  82  -0.018698099530443901634108929601  -0.308810970813746273020408860873
  83   0.195834073909880934569270194417  -0.295597155560699618200258064634
  84   0.092382487086402750992283548408  -0.364134167230026459125249850713
  85  -0.528751970726656167805062139498  -0.774710466615254241818744215712
  86   0.402737247556837301723243486435  -0.158523132222045936350274492475
  87  -0.648109430848000000000000000000   0.453732988461000000000000000000
  88  -0.906673354247352551059078646942  -0.240204875738196388347601188980
  89   0.831804904508298925741315885750  -0.132088855097564556365418195896
  90  -0.817222305186155161071984474546  -0.023308017604918011982867454474
  91   0.919566230286581103034314912471   0.184805037125815672574178833281
  92  -0.256117272350874144985705549616   0.049555838190028153248938670645
  93   0.490930834793578547201418468445   0.157734295618494958634382845444
  94   0.465165990578461822283408197954  -0.814478701280583509248080948328
  95   0.337674171798000000000000000000  -0.875060526573000000000000000000
  96   0.276398661353253710998039344428   0.144520480365448303814232049204
  97  -0.809734117279886079895181124568  -0.147176818465899523195462673226
  98  -0.137407685940659023309907239609  -0.129627566311859059885735095114
  99   0.239300388786497736182664515985  -0.789554430198841949428686837931
 100  -0.432504446824356635942055513637  -0.582959017491053636720376005191
 101  -0.596988031994782571914288815641   0.339385635524475738593294416084
 102  -0.329052860000878452365068867628  -0.514422005821726795795384219112
 103  -0.617261003079690596396922488943   0.575616337582548919247865784716
 104  -0.693249333129000000000000000000  -0.101944915710000000000000000000
 105  -0.508794444758041326436113833631   0.655643063365016633577951754002
 106   0.395108247763468832673837654436  -0.034662924136438909320441716555
 107   0.299285660733359118146256840426  -0.227060143891372777275266278554
 108   0.722873497290896324642674534394   0.538911438412656313253773574631
 109   0.808485643669734450407922434463   0.240128233542095858679019823121
 110  -0.559267969900130044002685467496  -0.279269634272826133699413112035
 111   0.871473149385657677797343420906  -0.346827772144029427925743703522
 112  -0.688347903033000000000000000000  -0.350975295390000000000000000000
 113  -0.903815367689897471785369886029   0.250744361368552125169330771988
 114  -0.279004271730979552133923045614   0.421136462446849234338436998403
 115   0.363267555375020235247922659160   0.462736643832045383340507732264
 116  -0.056843098497286246881138089597   0.310490069614288862128755018723
 117   0.935746162108374593960619081365  -0.064296762982246263591043873329
 118   0.728357418789788096053541393352  -0.200632056681496907941560590668
 119   0.268769661559885241948633512428   0.268380688451055330844064825123
 120  -0.501165444964672857386708001631   0.531782855279409606548118978083
 121   0.372221248383363425525620158437   0.336917700120382171769056611203
 122  -0.116986160611892894666864269262   0.890540908014046688227971507991
 123   0.061866487912928874794660220410   0.131306665112401648994081252964
 124  -0.344310859587615390463880531627  -0.266701589650512741735718667273
 125   0.586324470436041145155137478446   0.350774626374656230888701802801
 126  -0.152665685527395961408718903607   0.118092849859354994173930456725
 127   0.705463008233903383404797592463   0.170948110871541613454533641683
 128  -0.485907445377935919287896337633   0.284062439108195552488453426244
 129  -0.106891686767185147112283911611  -0.625068398654287168005066198792
 130  -0.374826858761089266661503859624   0.228739242691915366383612436404
 131  -0.670333055880617768629159590892  -0.223915325849687491946904574778
 132  -0.359568859174352328562692195626  -0.018981173479298687676053115434
 133  -0.937936640407772347365395649195   0.005460055963886015845512248133
 134  -0.721031360278606366217391366514   0.342964111894190703846763000133
 135  -0.424875447030988166892649681638  -0.706819225576660663750208781111
 136  -0.248488272557505675936299717617  -0.074304369895578873780894105274
 137   0.120109823841000000000000000000  -0.742637159625000000000000000000
 138  -0.455391446204462043090273009635  -0.211378393234232555630877677433
 139   0.284027661146622180047445176427   0.020660272279841276784399273285
 140   0.513817834173683954349635964443  -0.213846328638326122455115482315
 141  -0.463020445997830512139678841634  -0.087518185148625528601044901514
 142  -0.033956099117180839732920593599  -0.061090554642532218960743309035
 143  -0.167923685114132899507530567606   0.365813266030569048233596008563
 144   0.360711615906539521122920405736   0.865818736099329697849506118885
 145  -0.271375271937611083084517213615   0.297276254361242207308604222484
 146  -0.518997415619000000000000000000   0.779788031953000000000000000000
 147  -0.321423860207509983315663035629  -0.638282213907333822825216995031
 148   0.506188834380315485300230132444  -0.089986120552719095425282706395
 149   0.165318074736407058371646866419   0.199843676781728489919073039044
 150  -0.289355541648937150964690484598   0.792854768877593950683314558540
 151   0.471855023348652311907675419457   0.810621854239811622247484215935
 152  -0.863736547594566840378849996425  -0.365669427187953723067995106613
 153   0.634237599452000000000000000000  -0.395630607744000000000000000000
 154  -0.003440099943706963535297265602  -0.556531386984960327080074412712
 155  -0.351939859380983859513286363626  -0.142841381564905714705885891354
 156   0.046608488326191936695848556411   0.379027081283615703053746804803
 157  -0.741702742773206112520899258566  -0.574135868060210000661531051687
 158   0.521446833967052423399041796443  -0.337706536723933149484948258234
 159   0.387479247970100363624431822436   0.089197283949168117709391059364
 160  -0.493536445171304388337302169632   0.407922647193802579518286202164
 161  -0.314196823254392696630060049670  -0.762942260275222041015060022998
 162  -0.774428111462700576406119071048   0.454983484093114502587996516794
 163   0.786913455004337446036106650144  -0.437652938650867212672353594188
 164   0.633740448811213747958386676817  -0.528236611624514647132243398884
 165   0.673896694279000000000000000000  -0.652394074121000000000000000000
 166   0.357706893833662493477748892223  -0.752413450844861050989808498528
 167   0.417995247143574239822055150434  -0.406243548393259990409940044313
 168  -0.382455858554457735710909691624   0.352599450777522393413445212324
 169   0.602011421410425199827810946454   0.102411099202214772529541855604
 170  -0.026327099323812370683514761600  -0.184950762728139245990576084954
 171  -0.390084858347826204760315523623   0.476459658863129420443277988243
 172   0.069495487706297343844066052409   0.007446457026794621964248477045
 173  -0.440133446617725104991461345637  -0.459098809405446609690543229272
 174  -0.072101098084023184979949753596   0.558210485785502916188420570562
 175  -0.808292506762020837200978149789   0.100465208437556200668627522340
 176  -0.536380970520024636854467971498  -0.650850258529647214788911439793
 177  -0.780824920718608058032521975226   0.234224593250944203653209559081
 178  -0.202721685000387822272190257105  -0.817466074669554244515035745224
 179  -0.478278445584567450238490505634   0.160202231022588525458620650325
 180  -0.240859272764137206886893885618  -0.198164577981185900810726881194
 181   0.909632069264888384836314072657  -0.228745387265896397978852852577
 182  -0.002304169917388872301358321884   0.937949702506237494418752493907
 183   0.218721073289986341717487690415  -0.667177779817520699289756392392
 184   0.735979007636081304868271030587  -0.324492721011683460729342256060
 185  -0.551638970106761574953279635497  -0.403129842358433160729245887954
 186  -0.263746272144242614035111381616   0.173416046275635180278771446564
 187   0.467580190517904740478764462172   0.529955889100082609318527023315
 188   0.554158297936635929383951587809   0.618859117953975941741303433363
 189   0.096158959249840082921523998653  -0.895280031572574921808526422060
 190   0.259888510979035046838717727740   0.531383027310201112841144802911
 191   0.004188899849661505514108566397  -0.680391595070567354109907188632
 192   0.252803057241472536973381050882   0.655275517519212368951279027592
 193  -0.225601273177400268788082221619  -0.445884994152399954870392433032
 194   0.142431075356301651223429370422   0.571424301038549571008571366802
 195  -0.129778686147290554260501407609  -0.253487774397466086915567871034
 196   0.364201046026000000000000000000   0.598602574183000000000000000000
 197  -0.294262271317716490232734709613   0.668856878618063288398102550242
 198   0.180576074323143996470458530418  -0.047876739389485564140592512795
 199  -0.144064438578138031098718768006  -0.926822739884878694679335332730
 200  -0.400436128265783803591082962606   0.848177965293874136788155548380
 201  -0.240021639042856505994110532710   0.906721879311251824575041231195
 202   0.135345621618739141358092693564   0.695316791247560827118705591483
 203  -0.655090556930239758530266281506  -0.471666854027760001654237674034
 204   0.157689074943038589322241034420   0.323703884867335516948905814963
 205   0.038979488532823467646442724412   0.502887289369222730083579580722
 206  -0.183181684700869837606342231605   0.613533682201783102293261560402
 207   0.935956787124000000000000000000   0.061100382769000000000000000000
 208   0.054237488119560405745254388411   0.255166873198008676023914028883
 209   0.816543594850750036031190070471   0.115624914455261427349692651843
 210  -0.420619635609000000000000000000  -0.838298851115000000000000000000
 211  -0.447762446411093574040867177636  -0.335238601319839582660710453353
 212   0.314543660320096056245068504424  -0.474780560062586831334931830393
 213   0.088791846150193679684832570168   0.810348520672451867829095199610
 214  -0.099265997442323860617550008400  -0.748935253160211909024669453314
 215  -0.785959019025735364765667472293  -0.268972949307000416175980891588
 216   0.077124487499665812893471884409  -0.116413751058812405065584298874
 217   0.553368058667771250419013686395  -0.622787294792259954380860077931
