   1  -0.448238021740110787947157779553  -0.700351450289050372317051910420
   2  -0.256323861980921844093322178360   0.036983965916044321848452094022
   3  -0.942566205647292202426083378693   0.021536447569617107626101936310
   4  -0.480734988137970689464205311203   0.811041763278709083560435181722
   5   0.662563692648204064182680772912   0.518198700793294888004960852249
   6  -0.162100610012372753294597939516  -0.555012056178894796807800491362
   7   0.096781365973000000000000000000  -0.724898618649000000000000000000
   8  -0.297563445661715972193897186788  -0.561339527596034945161722672633
   9  -0.174467678493492695413912448939   0.250587925064007548508693048658
  10   0.901555506555401392311421334757  -0.275848761465202157447368841991
  11   0.322350722022421163990781960424   0.432358858715603829919676214017
  12   0.709536504624240243333103826638  -0.210661726333114226056506727358
  13   0.572528327773997583458401091056  -0.749070213330207376532962777992
  14  -0.369592627275393480351553452913  -0.472493770630567174635085097907
  15   0.164404141578683552078170943567   0.304456592889549076919141756435
  16   0.349390596549753142733188340527   0.233567058532595149195987084302
  17   0.588409718711852410770832286821  -0.531688175304595935523085516173
  18   0.411592776289679010369091143357  -0.157728414546303618517529019785
  19  -0.522246524207587983795005844976  -0.110783269003665528122309635310
  20  -0.386494114485425362855723951004   0.520269180919639131156180786508
  21   0.775520966005596146680041903747   0.536154923401808730808443754841
  22   0.565478141390785667206157138903  -0.032970212363808162383925639875
  23   0.066826263442659795153925519447   0.940440918461412243860221570014
  24   0.153778964705127237954680996674   0.616439858858247387033516916639
  25   0.144750137831180271034664016976  -0.300442839337312917454615302287
  26  -0.112265498753566827778009646109  -0.140707548014891219204823055428
  27  -0.090051804856077669325890717286  -0.643865445338392247878298925573
  28  -0.427422206229139937195428815714   0.413467201345657517826060309191
  29  -0.585360926144376313132917913661  -0.437216821605700733316606216542
  30  -0.625376795691228425770613512516   0.173710224501251626261085991459
  31   0.452520868033393584708796008067  -0.050926434972322005187408542467
  32   0.375887415838226794424109084095   0.864640689082298722923898934284
  33   0.647334324878214815886344381552   0.180633746784155064276017360239
  34   0.137364160557820475291376838463   0.503248314388226731843474822153
  35  -0.355393024615462429037772549589   0.324621444380189747299422734465
  36   0.503275961650859799570254336072   0.358325260715090605329590464213
  37  -0.441310316951991434748339575320   0.107873500272998249571606766156
  38   0.134591989011789311320431723626   0.820545229503165882470926883700
  39   0.329736592802249861689681413936  -0.371332373694266845177769974420
  40  -0.748161070922372148789728106646  -0.146695714220693213729275440495
  41   0.072720956217502762877007750851  -0.211597082371845146927977727561
  42  -0.153193590497281402117714510819  -0.247509527588872832534943532746
  43  -0.071337407009852253438304781399  -0.033905568440909605874702578111
  44   0.555651139517034026684403675607  -0.335419928477239159570804169236
  45   0.668608412880525668993398961928  -0.317463705907095839386627204675
  46   0.627680321136811094653694097218  -0.424265685481077452716747681993
  47   0.226606321318609419714073746397  -0.086838880189349690794374347651
  48   0.146575932818567232963083981603  -0.828272923765830812899704792386
  49  -0.184294680367244335935665912234  -0.051861791049423448678185480703
  50  -0.827607041565000000000000000000  -0.063623493379000000000000000000
  51  -0.049143317319125910929596481087  -0.537055955206933584885214190359
  52  -0.242435751258070346540411418753   0.342577666988703590102905637057
  53  -0.017693860842716779686398482571  -0.733177551788694032561690583408
  54   0.477610622812839453236422469318  -0.812885578404847826600954836230
  55   0.308462504806038568393483475817   0.126765078958613535865866606984
  56   0.582816637267790165578618579372   0.600187594509799573674580306370
  57  -0.779262160792335082607679508061   0.048952022318756170127482611548
  58   0.267534413062323994053778611107   0.019963099384631922535746129666
  59   0.032459684178091955418237347391  -0.835970542289005836526181227963
  60  -0.707232979178657574450023241936  -0.039893734646711600399154963177
  61  -0.201507659514355772200706554043   0.449379646562685203433026114375
  62   0.103822046087465696694959152266  -0.407244818911294530784735779605
  63  -0.378188160980232967479693312726  -0.288474782934601069175584784761
  64   0.363298416302744750807425101975   0.539153324245556541396704080900
  65  -0.604102707695017132474415574396  -0.324387228151628754782550589947
  66   0.134923135957428630512910553680  -0.602892555450743914641493831648
  67  -0.400382225208276860408634710610   0.214675479846979862901727243473
  68   0.435612366435435565168066195531   0.450539193595248804969496602574
  69  -0.081164408883603893960058244694  -0.336355284554340603061581107472
  70  -0.628481445327874403765587344790  -0.560184152576825908659471050839
  71  -0.725714816545403003929379457107   0.499960795930449158300370840582
  72  -0.294336756741152980715395305546   0.741315620402740088208729995193
  73  -0.265230887622840884982332181890  -0.270518560326087226372101882169
  74   0.793809153483284535207510458689   0.331499973459646967010766141308
  75  -0.581307571330246594032494811259   0.288708999163162061692456929281
  76   0.616233235008251882067615466907   0.376281483323604448133073366805
  77   0.793040377639449167167656602475   0.002296149844989072092592452138
  78   0.898537821712580931968343594051   0.285525224024537846561962338253
  79  -0.273536841128033280358362820168   0.538225403528152973959663689101
  80  -0.858934318410189796341473517707  -0.175174814903576514669200279474
  81   0.596579231260748601024108540318  -0.228617948903257546240683691918
  82   0.719363506491892324043353854877   0.091787989818687293748855416566
  83   0.123476049834968977738466078856   0.197654613315567463589021279117
  84  -0.635968548216048464862466304404   0.696016433916774726994794001973
  85  -0.143366588623529761595961047524   0.054940188524558164651934996615
  86  -0.009135227269926385802401978569  -0.425201041519808373588218682197
  87   0.082547958091254403398761214146   0.090852633741585850258900801800
  88  -0.676131889308694640632071840520  -0.235541471186160984255913015220
  89  -0.563174615951302558134710709686  -0.217585248577647141452430112628
  90   0.218605114432244741120740247728  -0.917118680731298583426342367112
  91   0.420592273228004996908148613480   0.759363686558182867933307419059
  92  -0.040236317139889319620353379984  -0.229553304980358989731460630154
  93   0.105758765258000000000000000000  -0.936861674743000000000000000000
  94   0.031792864473788188537302886141  -0.318399061945826760258098204879
  95   0.370664684545964436029386278647  -0.264530394120285231847649497102
  96   0.926500179955871133824687367020   0.174620408727017949566497999752
  97  -0.879915017848000000000000000000   0.336324873297000000000000000000
  98   0.040821691347735155457319865839   0.598483636249733544230034014047
  99   0.476811908210815291699478051000   0.557236753512061539893218119209
 100   0.247880409314820713010271684516  -0.584936332842230071838010929055
 101  -0.512521694947078228192592398291  -0.525399688044083536964374744595
 102   0.769459991951000000000000000000   0.206585863109000000000000000000
 103  -0.741213054897000000000000000000  -0.582662398922000000000000000000
 104   0.000691774603825254719351484726  -0.122751325406377376401340152836
 105   0.704843827739000000000000000000   0.626169025638000000000000000000
 106   0.493448959777108159048500872777   0.055875544601659608142711934851
 107   0.022962515883959575692050842207  -0.626271843024736005810259139387
 108  -0.594275705821265491952662111101  -0.021937512038197757595672060585
 109   0.096436068814105900951671973752   0.396446334814245118513354344835
 110  -0.411085082266000000000000000000  -0.579569254223000000000000000000
 111  -0.499451387842817445353085081839   0.502312958311125288352697883916
 112   0.379694256363990441401251322415   0.652347617226206205292973731219
 113  -0.338491535993004648798406317711  -0.668141507711278956532930906293
 114  -0.829030863082878010209698099769  -0.372052047769162664607177849675
 115   0.678435414770440210120956808233  -0.015013989763825622336481817596
 116   0.533550291281059399931303585862   0.777315223880343843129161543885
 117   0.697366789835120551997990507793  -0.566475072075394428460377250290
 118  -0.016521204543286181545689157083   0.378490112205731275709871442242
 119   0.062893954343751122355254287556  -0.514046798485276144114856256923
 120  -0.695628863693333006810478876455  -0.467593679300374969200391686484
 121   0.473794956029604878004993946186  -0.549023887625202386231045123871
 122   0.688262416621929390225271733032   0.287435726358136677606435792079
 123  -0.693344868455806076897112482330   0.265699966425947667855298579858
 124   0.832325696038649036153513521804   0.109713258784750577412868300997
 125  -0.194594933087147355695963697145  -0.845969199317066491722533749401
 126   0.041619866347539829059056349436  -0.015949345832395763071219675518
 127  -0.129478477900678264043050287918   0.360533889597217432906388539650
 128   0.545848480719563014102773541262  -0.637849903602824033413401525440
 129   0.175851227701143204852615418391  -0.496090575876762301311373354330
 130  -0.664636858146991410568297157540  -0.668694786427072735411090300460
 131   0.319909590928498221167927950641  -0.673782089807697842364648503781
 132  -0.306158979366555459322037046601  -0.377320539900068839702222359487
 133   0.834737245226999109547215323399   0.438301953033628580340886618626
 134   0.556558624048000000000000000000   0.475247283051000000000000000000
 135   0.855015475768353927104589416586  -0.397295112981355183547022079291
 136  -0.542618611499633659187224667370  -0.635744362354770673873612780230
 137  -0.765374050069483585054768748455   0.354545723391415438381936154584
 138  -0.573921283743000000000000000000   0.599909671882000000000000000000
 139  -0.328353043594599352250978444485   0.125829722881512092375089668748
 140   0.483621957903356518526747409482  -0.246574171511771389044166594510
 141   0.721779971869607027049854192564   0.420345730425114737537403716034
 142   0.492617769612508077438913098233   0.670514942024177005949532070403
 143  -0.047543306059332891288008227743   0.941612714788410767644251446653
 144   0.209393342171497983449033104588   0.414402557422758961316837247427
 145  -0.458523296099102871013380217128   0.609114937885106901682818361234
 146   0.298635502932286927871730012522  -0.175684637154817461321011922377
 147  -0.298206411314723547353256335466  -0.894409194302611315373551588356
 148   0.368978358192380127887315698330  -0.777097275593264206993923710767
 149   0.266736238310936038378096350034   0.634396079904045230097119606392
 150  -0.513339498565668942905995841445   0.196719257238466020098244340881
 151   0.339563594676001502211434877232  -0.068882657580835847990891445059
 152   0.822561128491537733973875435616  -0.193134435203021438867048393146
 153   0.442693866159641944187042544772  -0.353376151085753002374287071828
 154   0.010518776477576895241104948021   0.179698390707053620785538376525
 155  -0.266457920474132609238323177666  -0.756988962306137479342968105160
 156   0.194707057926401925932545453254   0.723241837866006188942413393842
 157   0.216779319444857779192320283101  -0.389288596302780687981252877012
 158   0.113649047961217337216712615561  -0.104795102797863533597857250244
 159  -0.061510405136100612916551318104   0.268544147672521391312175951250
 160   0.534377051520822733388205737487   0.162677524175641221472832412169
 161   0.024406887200428392794015707627   0.485292091779712889039991919560
 162  -0.370069398701708800895615815987  -0.805428957291682302993985944115
 163  -0.481318432463873409455300980266  -0.003981289429683914792189157992
 164  -0.828548650387992678326122819917   0.449891102982141981533765805414
 165  -0.714370645243973826151976537190  -0.354764085846302990666336059888
 166   0.257707411188572353532025147811  -0.282486616728799074651132399695
 167   0.930113369011200964188590870943  -0.154220593271086554653230833805
 168  -0.470665370793697891363017795909  -0.418958062431402044567630459641
 169   0.575305143264537307727910602197   0.269479503749622834802952889487
 170   0.659020194057505827029793291437  -0.674230861372171069949050484533
 171  -0.553347614077550917612957246391   0.084864467535783855734448416733
 172  -0.337260069236518393139988448016  -0.181672803360619455845464307443
 173  -0.345566022741710788516019086293   0.627071160493620744486301263826
 174  -0.368079353144783900052860426610   0.830802315876877258087257942525
 175  -0.225534262873078528351776475960  -0.650185283608937206307182993019
 176   0.081747073065000000000000000000   0.705301366487000000000000000000
 177  -0.938238227006128284503301889326  -0.092757209890386908945381525160
 178  -0.225222772110958910275370776944  -0.158663770623405062008305958021
 179  -0.786399826857651334309632803314  -0.265918328880835220139698485162
 180   0.380491686419716076551139741942   0.037919321993145765339229032259
 181   0.794976970490756179994389414298  -0.506859435141136323478241274455
 182  -0.540379479586532019692789946549   0.395510978737143675022577406598
 183  -0.808731273249307399206531293822  -0.484611801621469482610570958883
 184  -0.491145434337625049977054443561  -0.306431005543114911979067687354
 185  -0.409289250850195901297644714140  -0.092827046395151685318826732717
 186  -0.899629841725672550171335374643  -0.282065627964297979244081656485
 187  -0.369281135338313926590683309195   0.019027743307530479044969191430
 188   0.307668759979487360870486837662   0.741196361760212067276749079875
 189  -0.234129797752877951164380780476  -0.466166296865536610228859934212
 190  -0.297251953724636418433027043070  -0.069818013657937291481668383295
 191   0.740974346783923337173003755348  -0.406035389559334170259733422515
 192   0.421419778163430650890844606652   0.144721301567127378669349509577
 193  -0.122562062918268081525091942521  -0.934811965763955600454185327019
 194  -0.450217342593910475637349578850  -0.199629025969133298648947210035
 195   0.360837682672212795507632815351  -0.566980110233716229034528026463
 196  -0.030147072222109170649697164688   0.733358352332869834362240276281
 197   0.940827333315109994023815277900   0.061145723394455984774871060512
 198  -0.468350297972854511535133680424   0.306665221771675904495939831873
 199  -0.030409315266137679098599916689   0.072896411133072007455417899207
 200   0.154577139704931911556417480272   0.002006876776118079732263227074
 201  -0.806302141813198159394473613166   0.247743743817433825051815677266
 202   0.195505231448646485896122344982   0.108808856350099693062383704392
 203   0.277361414936075634575532074402   0.322412815498062919722624659028
 204   0.750464596367954817672808691349  -0.103859746759132612726386250040
 205  -0.153501392704199254180904721337  -0.739028050055826315038834570637
 206   0.462347869907145225230549471362   0.251523281141108991999469986895
 207  -0.314464932871747854698067684879   0.431423423954171360629543211783
 208   0.390318688293467717072893205237   0.340369038106576762526107561620
 209   0.897341441514208674650199618651  -0.044640611965945862679727275082
 210  -0.143263940712029358366568740037   0.716436603081175900421718735284
 211   0.401765774415927369847337680062  -0.460178130659734615704407549146
 212  -0.093163674960685915389480135554   0.836729191411249354059884506460
 213  -0.407294030098545063212756436381   0.723359397794226245405247092601
 214  -0.612408661200209527850446212674   0.484356735702611445549214981324
 215   0.206952317571106138670566819805  -0.691738312416211685168131406373
 216   0.524550049647071092866452274192  -0.139772191937789775714046117192
 217  -0.081638405317214000638545240815  -0.828008287066755327418400214879
 218   0.262963902589709158386447308277   0.846473364284327922267340595100
 219   0.236433323192361060235827209692   0.215610835924081306392504181710
 220  -0.653336752943924102190151077384   0.377554756128629832219094504006
 221   0.288808501058535287349976549226  -0.478134353268248458507890451738
 222  -0.102438496879815187256256182814   0.161742168098539777982055473933
 223  -0.121172524395485868667019649640  -0.448210074257022767425377031620
 224   0.606406233134500241545862003612   0.073831767210173450946194837443
 225   0.637507323004463175363813405028  -0.121815969329275932910563214600
 226  -0.161185877446000000000000000000   0.928680952674000000000000000000
 227  -0.070143828962561101647493125683   0.626204113102925152316250550055
 228  -0.484393434559227794749867592302  -0.808862084139297199068671160041
 229   0.051446868221291469580809812731   0.286500370281035234115658853843
 230  -0.287424951850884777911273579774   0.232631702455493705705210146066
 231   0.514723047773319452344698810897  -0.442221908051220772900924646553
 232   0.021205894541306771052453611636   0.835557395084250830275854629820
 233  -0.873978840161912472310899158917   0.113065376496367060066420833781
 234  -0.715569319812694654274121818923   0.613885509802153514950323163827
 235   0.328050266448665553547610833620  -0.883899255167245820324044188085
 236  -0.232608749384318706018657955458   0.645027383102134587289784166419
 237   0.250321440324579802990678703386   0.521204534540576417076838757870
 238   0.256021084834988045389954567495  -0.795053498201778049797406613360
 239   0.623749158936341488071009067001   0.706987876365966410854209779852
 240  -0.215395770237207269753617313649   0.143785945490025935178572571340
 241  -0.917016101216104941597044285318   0.219035021657877301718556034700
 242   0.790425609723506708514218649196  -0.302902736493569925636395261465
 243  -0.521895454405599190370910425059   0.704329123205779957446778522233
 244  -0.160579567770641197861001689333   0.556181626136666816763146591693
 245  -0.008463973422962125468309354314  -0.942774220986206109561966340103
 246  -0.578774024318750665989934480119  -0.744254996205017500625232029851
 247   0.180212357913142335421903631437   0.925428752880327296055293823893
 248  -0.204991948068863633063306090125   0.812724840381781401340664564058
 249  -0.738334069048620508267974643352   0.155754001892737783457603088866
 250  -0.088550386156963689703345423208   0.467335869171199046236509016968
 251  -0.666304887434943000110318377226   0.066908244927270012930965514141
 252   0.439817845757000000000000000000  -0.682869333285000000000000000000
 253  -0.277756018778416011195733255163   0.900969735692945800368122791423
 254  -0.635203797564980066292366975811  -0.128739491612179370925792537903
 255   0.185678229574894845374368881687  -0.193640859763331304124494824969
 256  -0.193201706009163376824675915766  -0.359364317291554996898739456894
