   1   0.075531504248851881694722539898  -0.269479971437678549237479831975
   2   0.437237702232646050947466946572  -0.704968372788096797433827538944
   3   0.500569763379476553113708932529  -0.177976312087501462262979872036
   4  -0.488733427189662095653168533723   0.382673180919099917334275194811
   5  -0.042524872948531624551181572106   0.938660466439382144077687091619
   6  -0.160659858557160618102166492755  -0.054343914451228620316320098309
   7  -0.171139594003758249871464725053  -0.472515072261870066793275601630
   8  -0.349593083039092328690293778581  -0.363434424248362800912025239295
   9   0.303869008409915490881233793307   0.676581733487572492853086386106
  10  -0.825043118451296115668675521538  -0.168272158550871251848052803558
  11   0.553066814713207734338489318631  -0.493117819718089066062321689408
  12  -0.310279938154328016834339480196   0.273592532905592651453024832476
  13  -0.189564322889672358993570405795   0.270567293865028048611683841473
  14  -0.932727019438138744096337386640  -0.113631612175191629594297778158
  15  -0.580544578121806012602533695085   0.060787211643407851247612246032
  16   0.051866907639638956687967743007   0.264516815783898842929001859467
  17  -0.121346713672396306246212194370   0.582683042702726832048729973462
  18  -0.097682117063183381239457397480   0.048686255481149439882248282020
  19  -0.734368500190516120404081175340   0.391414172685135836778679132270
  20   0.661704679818884792205467825117   0.667112249011569544244363810482
  21   0.006450775516208484704125432074  -0.834891222399002439454362126426
  22  -0.546471300960340516631228512849   0.488728589892042580374184566142
  23  -0.773061231376000000000000000000   0.166788913137000000000000000000
  24  -0.050354921742038698013933804571  -0.716888206627448265797147827588
  25  -0.470308698303747986531062852982  -0.360409185207798198070684248293
  26   0.936683907288587281791545431173  -0.074263678215345857184362082493
  27  -0.483493559466363279768519417574   0.591758759824420640572752946471
  28   0.298538005892249088254155007959   0.467551916608090360484797629121
  29   0.235560264398271851391445912684   0.364521746675712300286229248792
  30   0.130697320305884384623285944347  -0.588707897067532135317191416232
  31  -0.155419990833861802217517376606   0.154741664454092102922157653352
  32  -0.184324455166373543108921289646   0.479652872770348771850161593133
  33   0.070187644314000000000000000000  -0.481597779054000000000000000000
  34   0.689575597093491880844626896692   0.138406624809824293116839487897
  35  -0.368017811925006437812399459322   0.379647941878535314492934203808
  36   0.133180976902451808770392048320  -0.378031649042013790925917446523
  37  -0.176345893537050970116023068470  -0.922926845371888775708358023176
  38  -0.512348980025433017315960615071   0.787648626446073127537516480713
  39   0.248380717994229557789379437299   0.783831262468922424589984526057
  40  -0.906928098995643097065617872392   0.245709705399758687579353547961
  41  -0.247302196660350779971630384921   0.376622702837970711651593212805
  42  -0.218397732327839039080226471881   0.051711494521714042723589273023
  43   0.539974043058608451712092900112   0.458994883040615399231881205058
  44   0.563547504873453789976418027804  -0.074946142155123402064411491707
  45  -0.526221816483112628742058082017  -0.708447280707146651590271782094
  46  -0.602578264362000000000000000000  -0.364537972483000000000000000000
  47  -0.113368152043073733253313973195  -0.819896675439510715509789642847
  48   0.316487146276899651338253451061  -0.704122750913332426089048948410
  49  -0.653334891210090878978397536619  -0.476469364866565749364756395750
  50  -0.286615341545115091827584683306  -0.260404254315984740713456858967
  51   0.240800132121570667276095028833   0.573607325581033023524707000453
  52   0.807977457387000000000000000000   0.472081805068000000000000000000
  53   0.251412935570540042464055018748  -0.591733136108096738158532407236
  54   0.746934200775157538388005187776   0.364362022993943686962484708825
  55   0.253897710413217997678891190703  -0.381011932664017197339730336070
  56   0.172582522904294614528736817408   0.261491576743334240087660868464
  57   0.814747824758000000000000000000  -0.083754349473000000000000000000
  58   0.196160791356188000569461688451  -0.274956003938750316778866270359
  59   0.062346643086236588457265975306   0.682687973594540289405957362788
  60   0.374613325677873655519660265105  -0.384037171704581800181071327073
  61   0.432316258757461334729275823121  -0.492272197843324694717543098874
  62   0.190958342330697253866330087484  -0.484065548735215258798003413334
  63  -0.710586941577462474345616164654  -0.582787823135621119822039444405
  64  -0.291855209268413907712233799454  -0.469489833221305463951934610627
  65   0.012553762754874644832013444623  -0.372510141370056609436048212304
  66  -0.672464640981015317912187628544   0.279539241512536202564357917903
  67   0.322116274344142474294879879001  -0.068895664073994196381729509701
  68  -0.344353215315793512805644662432  -0.154348845343042077673547487635
  69   0.867975255723983744711973993079   0.025036538502196236122559430531
  70  -0.350990266456766628982978226357  -0.786634286785317987021775243211
  71  -0.420515817972386042905810322299   0.694788929756798700771321326800
  72   0.448071757332096948020298069551   0.137164675790761924015407250957
  73   0.930845848729382067287762476155   0.128132127035976292450837455380
  74  -0.063608839901717885268152215244   0.476627633729784169008820602130
  75  -0.126586581395695122130861310520   0.373597463797406108810252221802
  76   0.742037343285542310158977828252  -0.180389280586093417565858256693
  77  -0.394210400881962142947940005230   0.812642384825692444720005076811
  78  -0.242062328937051964086981268772   0.585708281743291434890070964465
  79   0.197646817185160544111467081330   0.918600877275905357477241725476
  80   0.327442470224760829145558920998   0.142640708291833691556793689340
  81   0.673782429977863392179258393032  -0.496143058758653668903662680411
  82   0.495328940942529313360429339505  -0.387062410745146403022412318076
  83  -0.300475345086000000000000000000   0.710906623428000000000000000000
  84  -0.102921984786482197124106513629  -0.160399323424171283356229469641
  85   0.311673957595352911707099161885  -0.487090787775779861639344404338
  86   0.747277211008841126043626944401   0.028696298319227305672619494968
  87  -0.058128707562000000000000000000   0.691276104380000000000000000000
  88   0.143749113466127934442080751322   0.042635777400020234199566300014
  89   0.437592021885499316250999837253  -0.281006482019879522461548252365
  90   0.544704447743388488321668332143   0.256097157837740178120907422766
  91   0.476905166770263628106954135638   0.356020475134075929903501819406
  92   0.264464728730783592282849825723   0.039610538359455631358225309011
  93  -0.228877467774436670849524704180  -0.366459663288927403753366230298
  94  -0.528046572074426407509122832108  -0.254353776234855535030774876961
  95  -0.425755685695684858790459438448   0.485703350851477977532843575140
  96   0.551678820911919042388013660723  -0.760619691194437830305350130259
  97   0.245005672787633954658075486483  -0.801445979321458755024756430426
  98  -0.182035884343000000000000000000   0.921485756221000000000000000000
  99  -0.396851221363173117899055525409   0.160792142535221308604839635358
 100   0.741795705510069694134990400206   0.576741681658526538631603944211
 101   0.810147804014239448619415427477   0.131791886853007362000897519816
 102  -0.855106326371436400318523869710   0.389467593870188000504016675031
 103  -0.217404851421585726610499786457   0.803250325333356865322867296281
 104   0.715000715682396789235172958515  -0.609644004849672575914908882596
 105  -0.604209174731018937609288491975   0.594783998864985243414093937474
 106  -0.466466013998123470939098184609  -0.574523468839432660941956500548
 107   0.736760171471840629041967488307  -0.393112888826275608705094300082
 108   0.120084516856915009435325954432   0.576632564621597626366047991456
 109  -0.533286439797725223393771948256  -0.463439355140176258269252628622
 110   0.023033498201472276601311676921   0.045661016440584837040907291017
 111   0.340048021761274766592290116019  -0.875933318793006533014733356040
 112  -0.648762187339082065349891906509  -0.251328537194290932189433885958
 113  -0.587183064481789927417214576007  -0.577490885645485773157489421974
 114   0.114844649133616193550676838282   0.367546985716276903127570239796
 115   0.492805792688394865095445175494  -0.597760168050405942581509692306
 116   0.487088862600630955595494632095   0.803514950704659177167498068345
 117   0.201486987236806355420140730448  -0.063419631572922428840343071318
 118   0.616044556207184971201198413906  -0.390087649785711005863753309079
 119   0.132290018789653985253872968504   0.817063195878967631255842094668
 120  -0.050423978739102592030695650652  -0.475540311302434669634616592633
 121  -0.000631098407740648405443119969   0.579657803662162229207388982460
 122   0.188435194076562805601345923472  -0.694763306040474798357100787564
 123   0.857225834698182081376196902665  -0.384780072770787103153472742404
 124   0.505809631102775368998358048677   0.031109266817819260975497879625
 125   0.207859291917439684431126210221  -0.916344013370015858607454150077
 126  -0.223637600051137854964875588030  -0.157374084383606680514888478638
 127  -0.288012524962789392120269131082  -0.683604116852939926823206862882
 128   0.794532026285000000000000000000  -0.501020162914000000000000000000
 129  -0.034704375569206144376748302205   0.151716425413527500080816662349
 130   0.824584624317879735798812745691  -0.268521897897422758254372103096
 131  -0.522806704351127591624473715959  -0.045268197329534811792297125300
 132  -0.643522319615783249465242790360  -0.042242958288970208950956134297
 133  -0.767305244680617694690615542412  -0.274327567523813914887962174890
 134  -0.305040070431029200949690364047   0.482678111810913374691502584137
 135   0.086011239695449513464020772196   0.148691186372962897239475671346
 136  -0.795841851421000000000000000000   0.499507736805000000000000000000
 137  -0.930950468526995843152661539998   0.127369781443064945101664081782
 138  -0.402091089086471933783704641558  -0.048293436370099414633638116303
 139  -0.468483942712434207763998102891  -0.814502689680089314630181153426
 140   0.686948917472070000904415602861   0.469162679609373581874812013448
 141  -0.901912314435000000000000000000  -0.262158869034000000000000000000
 142   0.138509245742829118557431635173  -0.166449801505300489038911451647
 143   0.177822390627593430413385933558   0.470577155648654963326138620125
 144   0.017793630478173460716662560772  -0.163424562464735886197570460644
 145  -0.644435114849161522784433204042  -0.683809343914541143614772470629
 146   0.786028529784120889716285868747   0.250112098358012968567935085280
 147  -0.005870966131039464290092236119   0.370572224756841505968911230798
 148   0.906726574499263508384632917426   0.246452338540981899017875020843
 149   0.369005679843836953831953166963   0.778260767090800065893752804372
 150  -0.281375473821816275942935567157  -0.051318675410664017474979107306
 151  -0.551711168683639332515877628998   0.279643010986721857135706814482
 152   0.080771371972150697579371656047  -0.060394392532357825999002080315
 153  -0.068848707625016701152801331394   0.267542054824463445770342850470
 154   0.665456322863373321941497337962   0.256726836314829899683877053361
 155   0.568823721973507047224797890874   0.137776946332734571553869857302
 156   0.372055236732648465486231679984  -0.596914546175641571236731101772
 157  -0.796708285495012321447663785216  -0.498144300277625527873997388800
 158  -0.293252378150453900717313667636  -0.892689687844880617006006096781
 159  -0.610665715974000000000000000000   0.385042271278000000000000000000
 160  -0.104319168204156497416790961406  -0.583599185961126469465979473556
 161   0.073902220971000000000000000000  -0.936640096496000000000000000000
 162   0.606857891780885098974893027772   0.559533246962416587487571879719
 163  -0.830966959058315238784027958484   0.059659297215707818350597030333
 164  -0.793051626576762826376143336713   0.285878858607275065335015132888
 165  -0.108161852509781013008755629778  -0.369484902329492006594707221301
 166   0.419344755951272332837353751558   0.464470915541687166773267643442
 167   0.385094015838119711157588974276   0.034134505858383863816838870628
 168   0.057106775362937772572616859157   0.473602394689219566167479611128
 169   0.012587316409246433184499637761  -0.613836343488134628168331399950
 170  -0.667186916224996174471997587250   0.491753828932607183215525557145
 171   0.013898530776812156607476967215   0.793296256528642105940070171842
 172  -0.430995553418983674675108554597   0.276617771946157254294365823479
 173   0.313822611023217881101263626720   0.885667660517226572185439298814
 174   0.126927866021596974001019988399  -0.826725286853496766512535594942
 175   0.316876406620843658410230762852  -0.277981242979314919620207261362
 176  -0.100275406822305171641547432014   0.832611950762494632005881906875
 177   0.206726854960105171304789846597   0.145665947332398294398134680343
 178  -0.412570824533069565553002873855  -0.466464594180740861110593619625
 179   0.356275879662927509232214987085   0.361496507635147697444888257789
 180  -0.345750398733467813098329110208  -0.577548707879997263783297491550
 181  -0.167261406355441628615224403737  -0.686651049100440107094795901193
 182   0.601396251403377531666135152809  -0.650576113711224772102477557169
 183   0.684299469514863889180917849126  -0.074333871613150754525948885361
 184  -0.039944243292504960261397418354  -0.057369153491793223157661089312
 185  -0.739456235127640726080445157182  -0.391825842008570157416714340145
 186  -0.225034783468812155257560035807  -0.580573946920561866624638482553
 187   0.919424896989775273784354018794  -0.193777436433730167809510697572
 188  -0.179084587443074727224272173496   0.688738451675669495088639344794
 189   0.070357387310525824944290425389  -0.720042613572512809844879952081
 190   0.486347190208542062655823128302   0.567187177097882937665034138089
 191  -0.056526965977768752158583663201  -0.937921392331380499652930506755
 192  -0.465068830580449170646413736833  -0.151323606302477474832206496632
 193   0.183156784089000000000000000000   0.679760040435000000000000000000
 194   0.426743553614515374810013146089   0.672205358117857402853843433040
 195   0.259138532850165237432170783726  -0.171925834006372256580297890030
 196   0.293298138168950272369505891809   0.258466337702769637246319877461
 197   0.544826736371309376573554611221   0.697459541731716514127588697013
 198  -0.230274636656476663854604572361  -0.789659517912502556807437716452
 199  -0.647242069227691775401700977747   0.161449302423190544343843233608
 200  -0.706500061109760486327951885635  -0.145273128221348269149524514626
 201  -0.407330956809770749668353757707  -0.257379015275420137872115867964
 202  -0.165899726280459433986815608904  -0.263429493356549343554797849969
 203   0.680177925695000000000000000000  -0.286425281748000000000000000000
 204  -0.724924789995674595450057566376   0.597809237905549846255434928477
 205  -0.459828962857150354761764620684   0.057761972602843248406271255029
 206  -0.710219810721669012264410073022   0.058419132490812484145274853279
 207  -0.783866971194000000000000000000  -0.051558924113000000000000000000
 208  -0.276135606098517460058286451007   0.157766903494656705763498644355
 209  -0.339113347592494696920995546283   0.054736733562278645564930264026
 210   0.621285378644132210954478006930  -0.181001551128066065104320863039
 211   0.078206784713922498977342675989   0.936362929050588475565367978510
 212  -0.045184111015803776146046534503  -0.266454732397113946396138840972
 213   0.626561595744185468202857870000   0.031721537359791908513960485971
 214   0.361606882180593911859293772433   0.570526324514629829813177014774
 215  -0.585784445845104828487182811234  -0.148298367261912871990865505629
 216   0.449575909789949801954221846813  -0.825089896564020548048751305755
 217  -0.860703717834000000000000000000  -0.375811552815000000000000000000
 218   0.620065068749793353641615475201   0.368624315687572393619121338787
 219  -0.939597713236092360906884119527   0.006926280169987016583201382496
 220  -0.609131791502500391149278443251   0.715437136760765027475203430753
 221   0.558307637150154974091768911654  -0.284031721060444125302889243367
 222   0.379854148114820895272939858127  -0.174951073046936859421638881033
 223  -0.408728140227445049961038205483  -0.680578877812375323981865871879
 224  -0.517566836627828775739824599810   0.163817381575785911446180626361
 225   0.413927425276286391244245040363   0.252990305201697869704933439078
 226  -0.301451286128119302391776791622   0.889954469715833247137249364993
 227  -0.362777944201707621927750343173   0.588733520783856037731411955468
 228   0.442831889608798132135648953402  -0.071920903114558799223070500704
 229   0.867632245490300157056352236454   0.360702263176912617412424644389
