   1  -0.244371435177223875507353900833  -0.209759254035867392187818531796
   2   0.372515309713843279717494526285  -0.548974296960305906397483432467
   3   0.933600597306115757349161006299  -0.078178644480423630859914225444
   4  -0.076574246730837260668489910362   0.079103467198229394562564379131
   5  -0.531192683765196990321265802054  -0.457177962507466826716685972619
   6   0.829855244091925485142651275869  -0.006210516639472900534676409054
   7  -0.675926563777365674790417817818   0.648725871322591389871179043069
   8   0.497057624770522608168909912991   0.573952257785278695312133293461
   9   0.063859632431889738533769616903   0.934689212031890590195032374804
  10   0.160187396735266978938297895697  -0.583086261620948075084752060609
  11  -0.487179605967558624062513343765   0.450865529249098990797622418460
  12  -0.004442119128878781019486903152   0.285560449117030973394278240149
  13  -0.649031283922856558781226730861   0.163279741035778838621398374016
  14   0.113121530250327667856581943597  -0.334983776413935333258662438394
  15   0.341745916288000000000000000000   0.872308069484000000000000000000
  16  -0.243537115428976247902279631863   0.816689479564410244015773213874
  17   0.064696269836150134504107960996  -0.665693491461957093776281401613
  18  -0.214405303037209494161955266339  -0.912004573328804615057238426153
  19  -0.721163411524815038430229738072  -0.043177240883022740210315487002
  20   0.044157075230610043088658128009   0.616068673639338923139036912275
  21  -0.051610626875121140274786603920   0.883609578575490425897890379781
  22  -0.578432484195447592158652802713  -0.208873986774740274117736059309
  23   0.472248840385570553075167900588   0.118690423450751869329058572352
  24   0.321837334006579518189550999075  -0.879853798186192956423699165852
  25   0.567913901229998688265028883848   0.201096162766047077247727622262
  26  -0.266371040545144018021782797821   0.492902698296959670296074573654
  27  -0.425224812852007260509482692213   0.560884224698907687573401843322
  28  -0.364903851066000000000000000000   0.413756706738000000000000000000
  29   0.864847484725186993695785464508  -0.184081993100298075473453483548
  30   0.884511999383775973036841661079  -0.308804952501166473206402881985
  31   0.495781773628040208616025876638  -0.005360819152754501583986238756
  32  -0.173699718337645446957329957624  -0.582402484885534767787529879217
  33   0.202551810978447331044108836098  -0.838459671376058729861570008919
  34   0.261385959562107763782438090576   0.664346029493457472593822958889
  35  -0.197406585525426393253858982233  -0.458149751756314586101624777015
  36   0.115318202477452305413765587217  -0.929743882970198358879905238998
  37   0.448816923976242726362530958038   0.243029678567692692329820006463
  38  -0.150166785095175791416471981574  -0.706453727489041138700574690325
  39   0.396309705842858622428746754561  -0.672975653611449151651141930404
  40   0.306085996646875280090954022678   0.408726424459410226237240578770
  41  -0.411994689678299199590546842744  -0.498823465795677989711061733817
  42  -0.798486650489132703834655782521   0.325399288272646635188886697619
  43   0.401751057491303415280815005939   0.491132163774705434155909628679
  44  -0.363569429264121666238072860143  -0.168113750747656229193442770598
  45  -0.078208591438528602523140022923  -0.499795255044525749096000538213
  46   0.519315655745752710660597588456   0.698238579621489717547101024464
  47   0.300644644998430487238885771301  -0.755381392926744359569810980314
  48  -0.269364779182073582147190940884  -0.664808224200829975706198929126
  49  -0.388865412110000000000000000000  -0.624039252029000000000000000000
  50   0.208786591094755803046442926858  -0.252578037098640125339993388484
  51  -0.626850969156696418157575129367  -0.539591566811774344542476778307
  52   0.276850248869415144527633543025  -0.631380036275601114316152482377
  53  -0.387102362506591321778930836192  -0.044062508144149858280397959490
  54   0.710644828559366134536605819208   0.035399416874329543340307049956
  55   0.304451651939183938236303910118  -0.170172297783344917421324338575
  56  -0.553366223078428423591365747601   0.245685480351074046540067423925
  57   0.255852457579695114128158878957  -0.500680522305652867166083010700
  58  -0.482767423351019456968791819453  -0.126468247459445066199067009400
  59  -0.674659874175000000000000000000  -0.291614601993000000000000000000
  60   0.801898168236217533632098247366  -0.484439163902477593613824170489
  61  -0.459234490108549801427933843403  -0.250519490062951437112111820507
  62   0.280918718696714282695445934068  -0.046121055179838546508279527467
  63  -0.123640113215776571750205862461   0.327205952405242136388654001348
  64  -0.927869063299235536970156055713   0.129541410812650273769241948384
  65  -0.030968791008278000685753022264  -0.748099230777252301694950451523
  66  -0.125173441090326084776634941523  -0.251404757324078555182194292994
  67   0.419037254527339258503539029224  -0.799264188500908358896808889631
  68   0.354925210634000000000000000000  -0.422212664451000000000000000000
  69  -0.360262885455224493882055279635   0.864830982971012888524226797993
  70   0.257486802287386455982808991517   0.078218199937102276492481906644
  71  -0.529833289835958768050507771552   0.121634237747567675627022612818
  72  -0.606377600054456414793232303075   0.492511032537310153791998179658
  73  -0.545755335696828433634040701885  -0.701614476007889571600978575463
  74   0.491052800234143643000421886480  -0.505484377672978768577873699049
  75  -0.817309276780475569906254571268  -0.125021497448214268117096012841
  76   0.643766439426000000000000000000  -0.680641842406000000000000000000
  77   0.067690008473079698629516104059   0.492017431035832552225992101168
  78  -0.309570729055424974227315829737   0.611546268080927427525638098960
  79   0.040989402648369188207578936387  -0.541440758332736912090376299411
  80   0.079880560522990910156262689999  -0.808555256147480687593387327179
  81   0.163355069317507833819377087320   0.574423170351127760144661151077
  82   0.362216123699362048436893224836   0.740888584471302395148056401216
  83   0.519314706870509864156883852688  -0.129412061756260872497031049863
  84  -0.457701162234000288401504764341   0.328091219666369254458736473835
  85   0.770113430737381787446025914701  -0.362241618098158625585852782277
  86   0.019090814113590874521371072898   0.161509206513524602481233429041
  87   0.518420273323222756537405485941  -0.640858383364867412035376829431
  88   0.729887127167122937251713400780   0.587355733213575347731387069724
  89   0.245742452577844994781140361731   0.789636852891270009435370305447
  90  -0.506300356593489112509649795502  -0.002417004855938695286022198290
  91   0.447182579268551384507880845477  -0.335869043675062451328744910881
  92  -0.267904368419693531048211876883  -0.085708011432361021274773720688
  93   0.124178629090775409277221382424   0.823765236352446667899253308742
  94  -0.148706374332795740317492917573  -0.127353514720572184269149481886
  95   0.185253657852286147505584950808  -0.128526794495133754426948577377
  96   0.640246666377000000000000000000   0.407736244379000000000000000000
  97   0.282553063404405624550096046629   0.532777667062916597150285389878
  98  -0.006076463836570122874137015713  -0.293338273125724170264286677196
  99  -0.340976479470000000000000000000  -0.872593041763000000000000000000
 100  -0.434168228991530632860646788291   0.204039977062862883545691662727
 101   0.616255618857420398899628872300   0.532306754497067532317757532262
 102  -0.744696344767284693971087714122   0.080874001720483630702729324106
 103   0.042623747356060530062229048947   0.037457963910018231568188617933
 104   0.091222941715549354170374080108   0.367966188432326181312947290058
 105  -0.101741524680998258063997998973  -0.375744012441019378182955727106
 106   0.377859630683624817438190953681   0.615597761073489858306509054659
 107   0.644279261632766596937411688193   0.680166309642773821385541488903
 108   0.017456469405899532666720960337  -0.417389515729230541177331488304
 109   0.760161887716622699205399736391   0.364829930539325882439339729516
 110  -0.118240607366568703847593863217   0.776357746711517843362976198780
 111   0.729475066539132321988037148674  -0.587867419611651093192117101454
 112   0.066156680598530185603087024997  -0.086593278693488139344856193175
 113  -0.650390677852094781051984761364  -0.415532459219255663722310211420
 114  -0.291437301662163186589069852932   0.038343231171145349638271090420
 115   0.591446834472468343805886859898   0.077044920162540706334682811154
 116  -0.245224056247283841511282522068  -0.789559834001036598514028385288
 117  -0.170705979700715882831921814561   0.575308437612254878214743623564
 118   0.674448369892953652256164931441  -0.444647357413453833504521832186
 119  -0.010747767778494015013355356909  -0.936806522837513207495289688739
 120   0.327984585181653593777161886167  -0.294223540386851288334369149682
 121  -0.473281185666368463044685633659   0.808533793379948375701476696355
 122  -0.556273073260304043616463936941   0.608407737120324914260747732241
 123  -0.027975052371348436560344879201   0.409611691720537344307323051258
 124   0.542847640112979519697741828737  -0.253463304359767243410075860971
 125  -0.454856260069986669374307477600   0.683621696867095296144867908326
 126   0.214516587901785875468077359713   0.911978403942828002934007172111
 127  -0.195772240817735051399208869672   0.120748970486440557556940140329
 128  -0.933762235540410835019942283954  -0.076223770712992842706237873179
 129   0.139822136075038178278519111270   0.698474412954634131057705962185
 130   0.520949051578201206011533965248   0.449486660486494271161533867481
 131  -0.787669361494050633855324758950   0.199599860621860386416071559077
 132  -0.172239307575265395858350893622  -0.003302272117065813356104670778
 133   0.136654463492797323397439919647  -0.459035019017441704171707249502
 134  -0.051507985613818092101202855251   0.533662934324043715220367862366
 135  -0.793776343538005914365396595218  -0.249072740051720639030140823948
 136   0.687111895316896478995747843158   0.159450659477835914253351861064
 137  -0.727957146988823841470180729153   0.533680975090102853441751242674
 138  -0.147173046458246227291063838511   0.451257195008748507301698812456
 139   0.353151863131814591172669974778   0.160623939252397484411150956554
 140   0.638512700957407654887602811998  -0.171057565044472035491406811061
 141  -0.213905668210996839037454846477   0.693952007396222635444307148870
 142  -0.902023506118715105995359420123   0.253131527377434596589600483105
 143  -0.340036496021652010697214884093  -0.292164993351162600106487581706
 144   0.233953869044916800441951015468   0.202269442540608647405526717752
 145  -0.054501724250747656226610998314  -0.624047988173745930781905640415
 146   0.114755874958019009711232056158   0.243914945828819810399902478950
 147  -0.075040918856287747642060831300   0.657714176927550086133412673473
 148  -0.410635295749060977319788812241   0.079988734459356512632646851620
 149  -0.220838501934754219966495924783  -0.333810496639373763100863342904
 150   0.819165917071483564731962374414   0.119599848697881468540295751967
 151  -0.582844666811986759252374327025   0.368459789933803782878953368550
 152  -0.476060507231782454552454498693  -0.806900470440655149238950600546
 153   0.783694820959092354746257712441   0.240778687935819511526294918408
 154   0.608346387181980589415066075700  -0.552225411031033036120385682323
 155   0.557154782945116705841520742221  -0.397906324055399565962009848912
 156   0.879359881803520489936118695701   0.323184427251114719444963968318
 157  -0.775095855740071567452999582652  -0.435309424264393227613325664440
 158   0.663578962074426823454889867109   0.283501902081342285166396672171
 159   0.089588597007858012315723967548  -0.210932533810428962345617627286
 160   0.186888002559977489360235063369   0.450371927747621389231616339968
 161   0.161821741442958320792948008257  -0.004187539378192931426187143265
 162  -0.575532982421000000000000000000   0.734458956057000000000000000000
 163  -0.219305174060204706940066845721   0.244800213089946928469984951439
 164   0.423649646026081728967022869428  -0.211817801071556080415700099773
 165   0.232319524337225458587300902907  -0.376629279702146496253038199592
 166  -0.053041313488367605127631934313  -0.044947775405276976350480431977
 167   0.614979767714937999346744835948  -0.047006322440965664578361999954
 168  -0.100107179973306916209347886412   0.203154709801735765475609190239
 169  -0.103676879900843022139793848737  -0.851327344913176486102519595390
 170  -0.172242407868855333929295787554   0.920898761360157043351308563846
 171  -0.678509727656414894442235310285   0.286054050618508574960284318640
 172   0.652819843789544841031381725481  -0.315500584740104358043340799002
 173   0.802237682352159682839707408920   0.483876716486098274349264876516
 174   0.544481984820670861552391941298   0.325435417882987900248489056373
 175   0.400116712783612073426164893378  -0.087766558468049709502655288665
 176   0.745624139376000000000000000000  -0.103114366705000000000000000000
 177  -0.868772820314118915981677555416  -0.350650484708896753518747841259
 178   0.181359121970298300093443608324  -0.713987266116610133007681823380
 179  -0.857708769564852240835066347206   0.024565018601955666227781331667
 180  -0.697630478282345382889371762022  -0.167228483486529111123360298109
 181   0.376583779541142417885306917328   0.036284684135456661410389522442
 182  -0.316503562779182355156356908044  -0.416216235954668971019532392814
 183  -0.822019583731602359375513758571   0.449450530876153006101931508726
 184   0.425283990733773070821672981988   0.367080921171199063242864817571
 185  -0.364422050334181632242001481378  -0.747914330712825435519652624090
 186  -0.314970234904632842129927828981   0.162394473774651720551315901529
 187   0.914830977915911699921823357674   0.202005588013176676458964801877
 188   0.329618929889344935631811998728   0.284675181855903855324195767662
 189  -0.702042660898884549983093286335   0.410105293222014945873329129748
 190   0.748484904633972976221242708741  -0.233094845424809150124671749093
 191   0.540607146362487586121870137566  -0.765157427621885216737081612786
 192   0.466056312411912056667728946163   0.812719809900154222144539874165
 193   0.008556221199000000000000000000   0.752376662385000000000000000000
 194  -0.664953329783726224364759661195  -0.659968972719678408606602814265
 195  -0.554899550952977936617794826663  -0.332925229378246645030780870417
 196   0.210420935802447144901093039418   0.326320685144115018318571528860
 197  -0.338503168147102497670785805031   0.286445716378158091464360712637
 198  -0.292897712424543237688048916934  -0.540756981597323604793154118019
 199  -0.751557555511966535716470232907  -0.559359648612598733323611769845
 200   0.934475819630000000000000000000   0.066525339243000000000000000000
 201  -0.029508380245897949586773958263  -0.168999018008783347263525243085
 202  -0.913596724792000000000000000000  -0.207398052749000000000000000000
 203  -0.507652975069798627426856170057  -0.581237070099985507536852539506
 204   0.138288808200488665252090032208   0.119863703225313439486857667842
 205  -0.339202176273404383092140615123   0.734283740249115036097104163964
 206  -0.435701556866080145887075867353  -0.374570732666457808025156631615
 207  -0.601965417437917247699510778762  -0.084822744171233903204691248200
 208  -0.625498350680386903240368754812   0.039228498432272467708353562908
 209  -0.242838107302674362480924821771   0.368851455693453299383029762546
