   1                     0.077797512202                    -0.943406745439
   2                    -0.081067749119                    -0.943131358983
   3                     0.183553735096                    -0.928642432036
   4                    -0.186772149928                    -0.928000487207
   5                     0.286974259467                    -0.902061258811
   6                    -0.295869651771                    -0.899182900975
   7                    -0.001511412285                    -0.871905290015
   8                     0.390967296839                    -0.862098203830
   9                    -0.410367234723                    -0.853005939201
  10                    -0.112463280400                    -0.841069200243
  11                     0.095795257647                    -0.826059100326
  12                    -0.218167681209                    -0.825938328467
  13                     0.202871170416                    -0.823622432399
  14                    -0.503925489345                    -0.801328797332
  15                     0.306291694786                    -0.797041259174
  16                    -0.320450326971                    -0.795268734290
  17                     0.516846398052                    -0.793056455156
  18                    -0.032284295830                    -0.769653672574
  19                     0.415891091400                    -0.758265799949
  20                    -0.413989189691                    -0.743762959932
  21                    -0.133767427072                    -0.736434134583
  22                     0.148709364836                    -0.731596009848
  23                     0.602875994989                    -0.729800846061
  24                    -0.239471827881                    -0.721303262807
  25                    -0.559935441161                    -0.710415382872
  26                     0.047226233593                    -0.698376471858
  27                     0.331215489346                    -0.693208855293
  28                     0.495401620823                    -0.686988599233
  29                    -0.661418572403                    -0.677195844881
  30                    -0.334436861615                    -0.672476978912
  31                    -0.054256897649                    -0.665156933867
  32                     0.228837858511                    -0.661014226556
  33                     0.685498831143                    -0.652770107512
  34                    -0.435919992857                    -0.639257440922
  35                    -0.155740028891                    -0.631937395876
  36                     0.126736763017                    -0.627099271141
  37                     0.582355248515                    -0.625009326388
  38                     0.410726018770                    -0.621931654577
  39                    -0.537403124100                    -0.606037902931
  40                    -0.257223160134                    -0.598717857886
  41                     0.025253631774                    -0.593879733151
  42                     0.307730423682                    -0.589041608416
  43                    -0.745094811761                    -0.583868531206
  44                    -0.638886255342                    -0.572818364940
  45                     0.757035320871                    -0.568301208163
  46                    -0.358706291376                    -0.565498319895
  47                    -0.076229499468                    -0.560660195160
  48                     0.497698724281                    -0.559895669534
  49                     0.206247292440                    -0.555822070425
  50                     0.652867321261                    -0.544819481470
  51                    -0.460189422618                    -0.532278781904
  52                    -0.177712630710                    -0.527440657169
  53                     0.104764161197                    -0.522602532435
  54                     0.387240953105                    -0.517764407700
  55                    -0.561672553861                    -0.499059243913
  56                    -0.279195761953                    -0.494221119179
  57                     0.003281029955                    -0.489382994444
  58                     0.285757821863                    -0.484544869709
  59                    -0.769020820717                    -0.479801679007
  60                     0.568234613771                    -0.479706744975
  61                    -0.663155685103                    -0.465839705922
  62                     0.739553548343                    -0.462960089599
  63                    -0.380678893195                    -0.461001581188
  64                    -0.098202101287                    -0.456163456453
  65                     0.184274690621                    -0.451325331719
  66                     0.466751482528                    -0.446487206984
  67                     0.841946383989                    -0.432660405783
  68                    -0.482162024437                    -0.427782043197
  69                    -0.199685232530                    -0.422943918463
  70                     0.082791559378                    -0.418105793728
  71                     0.365268351286                    -0.413267668993
  72                    -0.851974510547                    -0.412562932925
  73                     0.647745143194                    -0.408429544259
  74                    -0.583645155680                    -0.394562505206
  75                    -0.301168363772                    -0.389724380472
  76                    -0.018691571864                    -0.384886255737
  77                     0.263785220044                    -0.380048131003
  78                     0.546262011952                    -0.375210006268
  79                    -0.685128286922                    -0.361342967215
  80                     0.752778080034                    -0.356768475809
  81                    -0.402651495014                    -0.356504842481
  82                    -0.120174703106                    -0.351666717746
  83                     0.162302088801                    -0.346828593012
  84                     0.444778880709                    -0.341990468277
  85                     0.885317939701                    -0.335083401390
  86                    -0.786611418165                    -0.328123429224
  87                    -0.504134626257                    -0.323285304490
  88                    -0.221657834349                    -0.318447179756
  89                    -0.893018784618                    -0.313984379491
  90                     0.060818957559                    -0.313609055021
  91                     0.343295749467                    -0.308770930286
  92                     0.625772541375                    -0.303932805552
  93                    -0.605617757499                    -0.290065766499
  94                    -0.323140965591                    -0.285227641765
  95                    -0.040664173683                    -0.280389517030
  96                     0.241812618225                    -0.275551392295
  97                     0.524289410133                    -0.270713267561
  98                    -0.707100888741                    -0.256846228508
  99                     0.813174131250                    -0.256358344812
 100                    -0.424624096833                    -0.252008103774
 101                    -0.142147304926                    -0.247169979040
 102                     0.140329486982                    -0.242331854305
 103                     0.422806278890                    -0.237493729570
 104                     0.708314387338                    -0.236189117314
 105                     0.917423934387                    -0.233242502257
 106                    -0.827655692235                    -0.229544875790
 107                    -0.526107228076                    -0.218788565783
 108                    -0.243630436168                    -0.213950441049
 109                     0.038846355740                    -0.209112316314
 110                     0.321323147648                    -0.204274191580
 111                     0.603799939556                    -0.199436066845
 112                    -0.927235081363                    -0.190529050532
 113                    -0.627590359318                    -0.185569027792
 114                    -0.345113567410                    -0.180730903058
 115                    -0.062636775502                    -0.175892778323
 116                     0.219840016405                    -0.171054653589
 117                     0.502316808313                    -0.166216528854
 118                    -0.729073490560                    -0.152349489801
 119                     0.819255447153                    -0.148557108042
 120                    -0.446596698652                    -0.147511365067
 121                    -0.164119906745                    -0.142673240332
 122                     0.118356885163                    -0.137835115598
 123                     0.400833677071                    -0.132996990863
 124                     0.686341785519                    -0.131692378608
 125                     0.937855823243                    -0.128433621198
 126                    -0.831696709555                    -0.122839515990
 127                    -0.548079829895                    -0.114291827076
 128                    -0.265603037987                    -0.109453702342
 129                     0.016873753921                    -0.104615577607
 130                     0.299350545829                    -0.099777452873
 131                     0.581827337737                    -0.094939328138
 132                    -0.939709225283                    -0.084180967988
 133                    -0.649562961137                    -0.081072289085
 134                    -0.367086169230                    -0.076234164351
 135                    -0.084609377322                    -0.071396039616
 136                     0.197867414586                    -0.066557914882
 137                     0.480344206494                    -0.061719790147
 138                     0.762749660384                    -0.057098811260
 139                    -0.751046092379                    -0.047852751094
 140                     0.869032699556                    -0.046789630133
 141                    -0.468569300472                    -0.043014626360
 142                    -0.186092508564                    -0.038176501626
 143                     0.096384283344                    -0.033338376891
 144                     0.378861075252                    -0.028500252157
 145                     0.661337867159                    -0.023662127422
 146                    -0.853669311373                    -0.018342777283
 147                    -0.570052431714                    -0.009795088369
 148                    -0.287575639806                    -0.004956963635
 149                    -0.005098847898                    -0.000118838900
 150                     0.277377944009                     0.004719285834
 151                     0.559854735917                     0.009557410569
 152                    -0.671535562957                     0.023424449623
 153                     0.946224143567                     0.026992783778
 154                    -0.389058771049                     0.028262574356
 155                    -0.106581979141                     0.033100699091
 156                    -0.945947324348                     0.035389261133
 157                     0.175894812767                     0.037938823825
 158                     0.458371604675                     0.042776948560
 159                     0.740848396583                     0.047615073294
 160                    -0.775412758140                     0.057246140986
 161                    -0.490541902291                     0.061482112347
 162                     0.846274689298                     0.064575628568
 163                    -0.208065110383                     0.066320237081
 164                     0.074411681525                     0.071158361816
 165                     0.356888473433                     0.075996486550
 166                     0.639365265340                     0.080834611285
 167                    -0.592025033533                     0.094701650338
 168                    -0.309548241625                     0.099539775072
 169                    -0.027071449717                     0.104377899807
 170                     0.255405342190                     0.109216024541
 171                     0.537882134098                     0.114054149276
 172                    -0.693508164775                     0.127921188330
 173                    -0.896144747207                     0.129845954602
 174                    -0.411031372867                     0.132759313063
 175                     0.936167399198                     0.133430017358
 176                    -0.128554580960                     0.137597437798
 177                     0.153922210948                     0.142435562532
 178                     0.436399002856                     0.147273687266
 179                     0.725406741169                     0.153552989644
 180                    -0.794506317702                     0.162587263050
 181                    -0.512514504110                     0.165978851054
 182                    -0.230037712202                     0.170816975789
 183                     0.835773013970                     0.170839820309
 184                     0.052439079706                     0.175655100523
 185                     0.334915871614                     0.180493225257
 186                     0.617392663522                     0.185331349992
 187                    -0.613997635352                     0.199198389045
 188                    -0.331520843445                     0.204036513780
 189                    -0.049044051537                     0.208874638514
 190                     0.233432740371                     0.213712763248
 191                     0.515909532279                     0.218550887983
 192                    -0.714995788278                     0.233864463765
 193                    -0.917089626676                     0.234553526702
 194                    -0.433003974687                     0.237256051771
 195                    -0.150527182779                     0.242094176505
 196                     0.915054470622                     0.242371731105
 197                     0.131949609129                     0.246932301239
 198                     0.414426401037                     0.251770425973
 199                     0.696903192945                     0.256608550708
 200                    -0.815925001473                     0.268730744825
 201                    -0.534487105929                     0.270475589762
 202                     0.802523863030                     0.272313253250
 203                    -0.252010314021                     0.275313714496
 204                     0.030466477886                     0.280151839230
 205                     0.312943269794                     0.284989963964
 206                     0.595420061702                     0.289828088699
 207                    -0.635485258856                     0.305141664482
 208                    -0.353493445264                     0.308533252487
 209                    -0.071016653356                     0.313371377221
 210                     0.211460138552                     0.318209501955
 211                     0.493936930460                     0.323047626690
 212                    -0.736414472051                     0.340007945541
 213                    -0.455455892576                     0.342291117518
 214                     0.881935371910                     0.343887685180
 215                    -0.172499784598                     0.346590915212
 216                     0.109977007310                     0.351429039946
 217                     0.392453799218                     0.356267164680
 218                    -0.876979679278                     0.356336052593
 219                     0.674671476291                     0.361393282171
 220                     0.780341038965                     0.376765567477
 221                    -0.556482730067                     0.376981514677
 222                    -0.273982915840                     0.379810453203
 223                     0.008493876067                     0.384648577937
 224                     0.290970667975                     0.389486702671
 225                     0.575174798009                     0.400158919555
 226                    -0.375466047083                     0.413029991194
 227                    -0.092989255175                     0.417868115928
 228                    -0.663421688879                     0.417946493360
 229                     0.189487536733                     0.422706240662
 230                     0.471964328641                     0.427544365396
 231                    -0.797469149856                     0.427613253310
 232                    -0.476466208869                     0.447690212632
 233                    -0.194472386417                     0.451087653919
 234                     0.088004405491                     0.455925778653
 235                     0.370481197399                     0.460763903387
 236                     0.712107251189                     0.461397914008
 237                     0.817776813862                     0.476770199314
 238                    -0.577709998165                     0.481632203735
 239                    -0.296320344503                     0.484716267969
 240                    -0.013478725752                     0.489145316644
 241                     0.268998066156                     0.493983441378
 242                     0.553202196190                     0.504655658262
 243                    -0.114961856994                     0.522364854635
 244                    -0.675719286565                     0.524017850107
 245                    -0.403305541504                     0.525471189624
 246                     0.167514934914                     0.527202979369
 247                     0.449991726822                     0.532041104103
 248                    -0.782098419143                     0.533283042126
 249                     0.650511810498                     0.548623858069
 250                    -0.216444988236                     0.555584392626
 251                     0.066031803671                     0.560422517360
 252                    -0.508206068352                     0.562697408179
 253                     0.348508595580                     0.565260642094
 254                     0.758877505751                     0.565838909505
 255                    -0.317744630139                     0.589359326844
 256                    -0.035451327571                     0.593642055351
 257                     0.247025464337                     0.598480180085
 258                    -0.606215356752                     0.605083054551
 259                     0.560387404048                     0.614779278864
 260                    -0.711171848070                     0.624742621210
 261                    -0.136934458813                     0.626861593342
 262                    -0.425278143323                     0.629967928331
 263                     0.145542333095                     0.631699718076
 264                     0.428019125002                     0.636537842810
 265                     0.690321575459                     0.647707389722
 266                    -0.238234100716                     0.660636527560
 267                     0.044059201853                     0.664919256067
 268                     0.326535993760                     0.669757380801
 269                    -0.525280236170                     0.674738419653
 270                    -0.339717231958                     0.693856065551
 271                    -0.056486211022                     0.700877336953
 272                     0.506983317602                     0.708419828858
 273                    -0.626071112149                     0.710002607585
 274                     0.231895397456                     0.719209591696
 275                     0.612981388701                     0.721333873702
 276                    -0.158674707729                     0.731859182795
 277                    -0.437826437474                     0.736009919754
 278                     0.126569445420                     0.736782510027
 279                     0.405500186359                     0.741639366848
 280                     0.024927106934                     0.769973178293
 281                    -0.534581852683                     0.781204753841
 282                     0.310859590056                     0.791091577744
 283                    -0.333281493525                     0.800443798906
 284                     0.485010715783                     0.812916567565
 285                    -0.227319790011                     0.813652925279
 286                     0.210251318594                     0.826873407553
 287                    -0.111195779717                     0.832063456420
 288                     0.104441202376                     0.841246400874
 289                    -0.431390699041                     0.842597653110
 290                     0.390370119479                     0.862368778460
 291                    -0.005207016109                     0.872414860530
 292                     0.289767851107                     0.898195384589
 293                    -0.294080335247                     0.899769690902
 294                    -0.188118631733                     0.912978817274
 295                     0.180117195551                     0.929315089790
 296                    -0.085566206135                     0.942733877938
 297                     0.074307079333                     0.943688083111
