   1                     0.054999363347                    -0.944702707376
   2                    -0.147362239589                    -0.934757993084
   3                     0.185370185424                    -0.927968765448
   4                    -0.274211441156                    -0.905702059637
   5                    -0.044431213376                    -0.904115623197
   6                     0.379362341319                    -0.866932724772
   7                    -0.381487008108                    -0.865982520130
   8                     0.271994886824                    -0.864487176803
   9                     0.109371038507                    -0.852088065284
  10                    -0.191710091817                    -0.836946853676
  11                     0.479009957914                    -0.816100372411
  12                    -0.479400168138                    -0.815882107955
  13                     0.009940461785                    -0.811500981105
  14                    -0.292504521491                    -0.799876192282
  15                    -0.095232785293                    -0.789767617613
  16                     0.198981001126                    -0.785729805816
  17                     0.387463555431                    -0.759843410088
  18                    -0.390416593829                    -0.755751629055
  19                     0.572108385921                    -0.751314818499
  20                     0.099550424404                    -0.745142721635
  21                    -0.184329855517                    -0.729805437306
  22                     0.284623348410                    -0.720925081077
  23                    -0.615133555373                    -0.719095851988
  24                    -0.507950249817                    -0.712351224516
  25                     0.000119847682                    -0.704555637456
  26                     0.472328289759                    -0.694027546826
  27                    -0.285124285191                    -0.692734775912
  28                     0.184415418068                    -0.679326822870
  29                     0.672004558991                    -0.666256713277
  30                    -0.099369560218                    -0.664112977981
  31                     0.368710729119                    -0.654098043784
  32                    -0.383036357530                    -0.648610212685
  33                    -0.692650415394                    -0.644766265670
  34                     0.567061563710                    -0.643437450997
  35                     0.084984841346                    -0.638739738689
  36                    -0.198741046480                    -0.623381433601
  37                     0.269280152396                    -0.613510959606
  38                    -0.589888076048                    -0.612539272319
  39                    -0.482466934252                    -0.608023128504
  40                    -0.014445735376                    -0.598152654510
  41                     0.453575463457                    -0.588282180519
  42                     0.743168153324                    -0.585823549524
  43                    -0.298171623203                    -0.582794349421
  44                     0.169849575674                    -0.572923875426
  45                     0.638225158043                    -0.563004287244
  46                    -0.113876312109                    -0.557565570354
  47                     0.354144886735                    -0.547695096338
  48                    -0.397602199925                    -0.542207265240
  49                    -0.776713816961                    -0.540558768160
  50                    -0.669320322210                    -0.539935651146
  51                     0.070418998951                    -0.532336791245
  52                     0.538652420671                    -0.522739078202
  53                    -0.213306888821                    -0.516978486149
  54                     0.254714310012                    -0.507108012160
  55                    -0.497032776647                    -0.501620181060
  56                    -0.029011577771                    -0.491749707065
  57                     0.439009621063                    -0.481879233075
  58                     0.766517380655                    -0.480997195144
  59                    -0.312737465543                    -0.476391401969
  60                     0.155283733290                    -0.466520927979
  61                    -0.596463353348                    -0.461033096828
  62                     0.623304932112                    -0.456650453991
  63                    -0.128442154494                    -0.451162622886
  64                     0.339579044340                    -0.441292148894
  65                    -0.802125501392                    -0.436213201489
  66                    -0.412168042265                    -0.435804317788
  67                     0.055853156567                    -0.425933843799
  68                    -0.695893930070                    -0.420446012647
  69                     0.523874355390                    -0.416063369811
  70                     0.850752383759                    -0.414377263880
  71                    -0.227872731216                    -0.410575538705
  72                     0.240148467617                    -0.400705064716
  73                    -0.511598618987                    -0.395217233608
  74                     0.708169666439                    -0.390834590726
  75                    -0.043577420155                    -0.385346759619
  76                     0.424443778667                    -0.375476285630
  77                    -0.327303307938                    -0.369988454524
  78                     0.140717890895                    -0.360117980535
  79                    -0.875901278265                    -0.358169074635
  80                    -0.611029195743                    -0.354630149384
  81                     0.608739089717                    -0.350247506546
  82                    -0.143007996878                    -0.344759675439
  83                     0.325013201945                    -0.334889201449
  84                    -0.426733884660                    -0.329401370344
  85                     0.793678805370                    -0.323402774931
  86                     0.041287314173                    -0.319530896354
  87                    -0.710459772465                    -0.314043065203
  88                     0.509308512994                    -0.309660422366
  89                    -0.242438573600                    -0.304172591259
  90                     0.898081151995                    -0.298225384103
  91                     0.225582625222                    -0.294302117271
  92                    -0.526164461382                    -0.288814286163
  93                     0.693603824043                    -0.284431643282
  94                    -0.058143262550                    -0.278943812175
  95                    -0.809890349183                    -0.273455981012
  96                     0.409877936272                    -0.269073338186
  97                    -0.341869150322                    -0.263585507078
  98                     0.126152048500                    -0.253715033090
  99                    -0.625595038127                    -0.248227201937
 100                    -0.913742163671                    -0.246096309648
 101                     0.594173247321                    -0.243844559101
 102                    -0.157573839272                    -0.238356727995
 103                     0.310447359550                    -0.228486254005
 104                    -0.441299727044                    -0.222998422898
 105                     0.779112962975                    -0.216999827487
 106                     0.026721471778                    -0.213127948910
 107                    -0.725025614849                    -0.207640117756
 108                     0.494742670599                    -0.203257474921
 109                    -0.257004415995                    -0.197769643814
 110                     0.883515309600                    -0.191822436659
 111                     0.211016782827                    -0.187899169826
 112                    -0.540730303766                    -0.182411338717
 113                     0.679037981648                    -0.178028695837
 114                    -0.072709104945                    -0.172540864730
 115                    -0.838122085986                    -0.169837835754
 116                     0.395312093877                    -0.162670390741
 117                    -0.356434992717                    -0.157182559634
 118                     0.111586206104                    -0.147312085646
 119                    -0.640160880522                    -0.141824254493
 120                     0.579607404926                    -0.137441611657
 121                    -0.172139681667                    -0.131953780550
 122                    -0.937523715046                    -0.128593952513
 123                     0.295881517154                    -0.122083306560
 124                    -0.455865569439                    -0.116595475453
 125                     0.764547120580                    -0.110596880042
 126                     0.012155629382                    -0.106725001465
 127                    -0.752740717245                    -0.103882592300
 128                     0.940892765347                    -0.101039296365
 129                     0.480176828204                    -0.096854527477
 130                    -0.271570258390                    -0.091366696369
 131                     0.196450940432                    -0.081496222382
 132                    -0.555296146161                    -0.076008391272
 133                     0.664472139253                    -0.071625748393
 134                    -0.087274947340                    -0.066137917286
 135                    -0.852201433533                    -0.063369422775
 136                     0.380746251482                    -0.056267443296
 137                    -0.371000835112                    -0.050779612189
 138                     0.849411854930                    -0.044781016807
 139                     0.097020363709                    -0.040909138201
 140                    -0.654726722917                    -0.035421307048
 141                     0.565041562531                    -0.031038664213
 142                    -0.186705524063                    -0.025550833105
 143                     0.281315674759                    -0.015680359116
 144                    -0.946232638287                    -0.011486058175
 145                    -0.470431411834                    -0.010192528008
 146                     0.749981278184                    -0.004193932597
 147                    -0.002410213013                    -0.000322054021
 148                    -0.754824007845                     0.003492502064
 149                     0.946060403760                     0.008902985308
 150                     0.465610985808                     0.009548419968
 151                    -0.286136100785                     0.015036251075
 152                     0.181885098036                     0.024906725063
 153                    -0.569861988556                     0.030394556172
 154                     0.649906296858                     0.034777199052
 155                    -0.101840789735                     0.040265030159
 156                    -0.854284724133                     0.044005671590
 157                     0.366180409086                     0.050135504148
 158                    -0.385566677507                     0.055623335256
 159                     0.852693035007                     0.062564150046
 160                     0.082454521314                     0.065493809243
 161                    -0.671075018131                     0.070722389105
 162                     0.550475720135                     0.075364283232
 163                    -0.201271366458                     0.080852114339
 164                     0.266749832364                     0.090722588328
 165                    -0.484997254229                     0.096210419436
 166                     0.753262458296                     0.103151234255
 167                    -0.016976055408                     0.106080893424
 168                    -0.940044151147                     0.108651411339
 169                    -0.770567677433                     0.111300096878
 170                     0.451045143413                     0.115951367412
 171                    -0.300701943180                     0.121439198520
 172                     0.937552676663                     0.128386579411
 173                     0.167319255641                     0.131309672508
 174                    -0.584427830952                     0.136797503617
 175                     0.635340454462                     0.141180146496
 176                    -0.116406632131                     0.146667977603
 177                     0.351614566691                     0.156538451593
 178                    -0.400132519902                     0.162026282700
 179                     0.838122099953                     0.168973663620
 180                     0.067888678919                     0.171896756688
 181                    -0.683871458501                     0.177352601069
 182                     0.535909877740                     0.181767230677
 183                    -0.215837208853                     0.187255061784
 184                     0.252183989968                     0.197125535773
 185                    -0.499563096625                     0.202613366881
 186                    -0.889726175548                     0.203529503232
 187                     0.721226798228                     0.205657172979
 188                    -0.031541897803                     0.212483840868
 189                    -0.783302035223                     0.217939685250
 190                     0.436479301018                     0.222354314857
 191                    -0.315267785575                     0.227842145964
 192                     0.152753413246                     0.237712619952
 193                    -0.598993673347                     0.243200451061
 194                     0.913995952713                     0.245133748459
 195                     0.620774612067                     0.247583093941
 196                    -0.130972474526                     0.253070925048
 197                     0.337048724295                     0.262941399037
 198                    -0.414698362297                     0.268429230145
 199                     0.806095348617                     0.271482386119
 200                     0.053322836523                     0.278299704132
 201                    -0.698437300896                     0.283755548514
 202                     0.521344035344                     0.288170178121
 203                    -0.230403051248                     0.293658009228
 204                     0.237618147573                     0.303528483217
 205                    -0.514128939020                     0.309016314325
 206                    -0.893790657553                     0.310847865946
 207                     0.706660955833                     0.312060120423
 208                    -0.046107740199                     0.318886788313
 209                     0.421913458622                     0.328757262301
 210                    -0.329833627971                     0.334245093409
 211                    -0.790270519030                     0.339436883239
 212                     0.138187570850                     0.344115567397
 213                    -0.613593742475                     0.349598707490
 214                     0.879097693088                     0.350250455103
 215                     0.606208769671                     0.353986041385
 216                    -0.145538316921                     0.359473872493
 217                     0.322482881900                     0.369344346482
 218                    -0.429264204693                     0.374832177589
 219                     0.038756994128                     0.384702651577
 220                     0.506778192949                     0.394573125566
 221                    -0.244968893644                     0.400060956673
 222                     0.223052305177                     0.409931430661
 223                    -0.528729008147                     0.415414570754
 224                     0.692095113438                     0.418463067868
 225                     0.799423189181                     0.422262429224
 226                    -0.060673582595                     0.425289735757
 227                    -0.732995275332                     0.431432011607
 228                    -0.840809587342                     0.434197389589
 229                     0.407347616227                     0.435160209746
 230                    -0.344399470366                     0.440648040853
 231                     0.123621728455                     0.450518514841
 232                    -0.628159584870                     0.456001654934
 233                     0.591642927276                     0.460388988830
 234                    -0.160104159317                     0.465876819937
 235                     0.307917039504                     0.475747293926
 236                    -0.443864273821                     0.481230434018
 237                     0.024191151732                     0.491105599021
 238                     0.492212350553                     0.500976073010
 239                    -0.259555812373                     0.506491071978
 240                     0.208486462782                     0.516334378105
 241                    -0.543294850543                     0.521817518198
 242                     0.677529271042                     0.524866015312
 243                    -0.786197427353                     0.526670428746
 244                     0.784857346786                     0.528665376669
 245                    -0.075239424990                     0.531692683201
 246                     0.392781773831                     0.541563157191
 247                    -0.358999539493                     0.547046297282
 248                    -0.681228266787                     0.549369026050
 249                     0.109055886059                     0.556921462286
 250                     0.577077084880                     0.566791936274
 251                    -0.174670001713                     0.572279767382
 252                     0.293351197109                     0.582150241371
 253                    -0.460769488741                     0.590547734168
 254                     0.009625309337                     0.597508546466
 255                     0.477646508158                     0.607379020455
 256                    -0.274221089166                     0.612973267102
 257                     0.193920620386                     0.622737325550
 258                    -0.579340683435                     0.622982971396
 259                     0.708029728725                     0.627839182063
 260                    -0.089805267386                     0.638095630646
 261                     0.378328432511                     0.648242266001
 262                    -0.373704744988                     0.653430073869
 263                    -0.681284647951                     0.656764313707
 264                     0.094490043663                     0.663324409730
 265                     0.608977118668                     0.669340163143
 266                    -0.189270281441                     0.678677994911
 267                     0.278785354713                     0.688553188815
 268                    -0.496818831276                     0.691713567973
 269                    -0.004940533059                     0.703911493910
 270                     0.463395251828                     0.713824559030
 271                     0.179354777990                     0.729140272994
 272                    -0.595377357039                     0.734905991625
 273                    -0.304120501290                     0.735233399098
 274                    -0.104405547114                     0.744493858175
 275                    -0.409756380901                     0.754593459229
 276                     0.558326947428                     0.764041330733
 277                     0.080526742019                     0.771317787911
 278                     0.373228778068                     0.772166293655
 279                    -0.208599299930                     0.784319558861
 280                     0.268386486385                     0.795443855045
 281                    -0.507743189304                     0.798551807341
 282                    -0.019540812788                     0.810309721440
 283                     0.468160473667                     0.822383065358
 284                     0.168955909662                     0.836030939224
 285                    -0.123734565603                     0.850135422125
 286                    -0.285885636501                     0.858888809689
 287                    -0.393265409821                     0.860715082202
 288                     0.344126544776                     0.880069207808
 289                     0.029597848800                     0.905803925070
 290                     0.242249525018                     0.914694301033
 291                    -0.201020902174                     0.924704672953
 292                     0.132362528153                     0.936999624564
 293                    -0.070911106408                     0.943641748907
