   1                     0.058751054752                    -0.945934294803
   2                    -0.095796793659                    -0.942903150299
   3                     0.162520470358                    -0.933718626372
   4                    -0.199007419006                    -0.926627985601
   5                     0.264314600556                    -0.910154475049
   6                    -0.306324875031                    -0.896239392370
   7                     0.362896232216                    -0.875528241213
   8                    -0.017144109187                    -0.874120380685
   9                    -0.407942477309                    -0.855468475004
  10                    -0.121448258702                    -0.841614866122
  11                     0.181861921008                    -0.831038431313
  12                     0.457067197144                    -0.830260774584
  13                     0.075979350299                    -0.826583606699
  14                    -0.224658884049                    -0.825339701424
  15                     0.283646714367                    -0.807433982343
  16                    -0.499631557930                    -0.805364316840
  17                    -0.324066556348                    -0.793161621020
  18                     0.545682934704                    -0.774902259186
  19                    -0.042774445384                    -0.772826747929
  20                    -0.415755636969                    -0.743057462856
  21                    -0.141668844364                    -0.739104173577
  22                     0.134771759154                    -0.737765547649
  23                     0.411033175871                    -0.736462144234
  24                    -0.244879469710                    -0.722829008880
  25                    -0.623842699925                    -0.713486974141
  26                     0.310914713662                    -0.706568872494
  27                     0.035877360175                    -0.704042973297
  28                    -0.519898292762                    -0.702862738171
  29                     0.611770485266                    -0.693971734468
  30                     0.499530378189                    -0.679533628578
  31                    -0.337287725953                    -0.674063976851
  32                    -0.063017038804                    -0.670320398945
  33                     0.213423564714                    -0.668981773017
  34                    -0.698590723655                    -0.640479802446
  35                    -0.436182124932                    -0.640341402500
  36                     0.700350119701                    -0.638555468501
  37                    -0.161911437783                    -0.636597824593
  38                     0.114529165734                    -0.635259198665
  39                     0.390969769253                    -0.633920572736
  40                    -0.561510683301                    -0.606608923579
  41                    -0.260805836763                    -0.602875250242
  42                     0.015634766755                    -0.601536624313
  43                     0.292075370273                    -0.600197998385
  44                     0.568515973792                    -0.598859372456
  45                    -0.359700235742                    -0.569152675890
  46                    -0.083259632224                    -0.567814049961
  47                     0.193180971294                    -0.566475424033
  48                     0.469621574812                    -0.565136798104
  49                    -0.764848025821                    -0.559688193475
  50                     0.766384903341                    -0.557581883179
  51                    -0.651519041672                    -0.547197591250
  52                     0.657807153495                    -0.541511177765
  53                    -0.459592426044                    -0.538511780227
  54                    -0.182154031203                    -0.534091475609
  55                     0.094286572315                    -0.532752849681
  56                     0.370727175833                    -0.531414223752
  57                    -0.557414007156                    -0.501793223076
  58                    -0.281048430183                    -0.500368901258
  59                    -0.004607826665                    -0.499030275329
  60                     0.271832776853                    -0.497691649401
  61                     0.548273380372                    -0.496353023472
  62                    -0.821809310439                    -0.472094094216
  63                    -0.379942829162                    -0.466646326906
  64                    -0.717491262545                    -0.466173025571
  65                    -0.103502225644                    -0.465307700977
  66                     0.172938377874                    -0.463969075049
  67                     0.449378981392                    -0.462630449120
  68                     0.725819571385                    -0.461291862857
  69                     0.830222845782                    -0.457136087900
  70                    -0.478837228141                    -0.432923752554
  71                    -0.202396624623                    -0.431585126625
  72                     0.074043978895                    -0.430246500697
  73                     0.350484582413                    -0.428907874768
  74                     0.626925185931                    -0.427569248840
  75                    -0.577731627120                    -0.399201178202
  76                    -0.301291023603                    -0.397862552273
  77                    -0.024850420084                    -0.396523926345
  78                     0.251590183434                    -0.395185300417
  79                     0.528030786952                    -0.393846674488
  80                    -0.868782265987                    -0.378762129608
  81                    -0.677900752584                    -0.369478115201
  82                    -0.400185422582                    -0.364139977922
  83                     0.875498126254                    -0.362968879443
  84                    -0.123744819064                    -0.362801351993
  85                     0.152695784454                    -0.361462726065
  86                     0.429136387972                    -0.360124100136
  87                     0.705576997861                    -0.358785481493
  88                    -0.775395035347                    -0.331899145030
  89                    -0.499079821561                    -0.330417403570
  90                    -0.222639218043                    -0.329078777641
  91                     0.053801385475                    -0.327740151713
  92                     0.330241988993                    -0.326401525784
  93                     0.606682592511                    -0.325062899856
  94                    -0.597974220541                    -0.296694829218
  95                    -0.321533617023                    -0.295356203290
  96                    -0.045093013505                    -0.294017577361
  97                     0.231347590014                    -0.292678951432
  98                     0.507788193532                    -0.291340325504
  99                     0.784228797050                    -0.290001699576
 100                    -0.905195979806                    -0.280826663018
 101                    -0.696868619519                    -0.262972254866
 102                    -0.420428016002                    -0.261633628938
 103                    -0.143987412484                    -0.260295003009
 104                     0.132453191034                    -0.258956377081
 105                     0.883955296170                    -0.258825754622
 106                     0.408893794552                    -0.257617751152
 107                     0.685334398071                    -0.256279125224
 108                    -0.808991665044                    -0.231755723805
 109                    -0.519322414981                    -0.227911054586
 110                    -0.242881811463                    -0.226572428657
 111                     0.033558792055                    -0.225233802729
 112                     0.309999395573                    -0.223895176800
 113                     0.586439999091                    -0.222556550872
 114                    -0.618216813961                    -0.194188480234
 115                    -0.341776210443                    -0.192849854305
 116                    -0.065335606924                    -0.191511228377
 117                     0.211104996594                    -0.190172602449
 118                     0.487545600112                    -0.188833976520
 119                     0.775714622637                    -0.185693330358
 120                    -0.907950222019                    -0.176377018115
 121                     0.933005025925                    -0.166568298656
 122                    -0.717111212940                    -0.160465905882
 123                    -0.440670609422                    -0.159127279954
 124                    -0.164230005904                    -0.157788654025
 125                     0.112210597614                    -0.156450028097
 126                     0.388651201132                    -0.155111402168
 127                     0.665091804651                    -0.153772776240
 128                    -0.816005611919                    -0.126743331530
 129                    -0.539565008401                    -0.125404705601
 130                    -0.263124404883                    -0.124066079673
 131                     0.013316198635                    -0.122727453745
 132                     0.289756802153                    -0.121388827816
 133                     0.566197405671                    -0.120050201888
 134                     0.846381642445                    -0.108141390431
 135                    -0.638459407381                    -0.091682131250
 136                    -0.362018803862                    -0.090343505321
 137                    -0.085578200344                    -0.089004879393
 138                     0.190862403174                    -0.087666253464
 139                     0.467303006692                    -0.086327627536
 140                     0.744339346406                    -0.085676217618
 141                    -0.944501074781                    -0.078492650964
 142                     0.945670607315                    -0.062852835882
 143                    -0.737353806360                    -0.057959556898
 144                    -0.460913202842                    -0.056620930969
 145                    -0.184472599324                    -0.055282305041
 146                     0.091968004194                    -0.053943679113
 147                     0.368408607713                    -0.052605053184
 148                     0.645587008554                    -0.051119450368
 149                    -0.845420215626                    -0.026381300936
 150                    -0.559807601821                    -0.022898356618
 151                    -0.283366998303                    -0.021559730689
 152                    -0.006926394785                    -0.020221104761
 153                     0.269514208733                    -0.018882478832
 154                     0.545954812251                    -0.017543852904
 155                     0.852772789858                    -0.003851086926
 156                    -0.658702000801                     0.010824217734
 157                    -0.382261397282                     0.012162843663
 158                    -0.105820793764                     0.013501469591
 159                     0.170619809754                     0.014840095519
 160                     0.447060413272                     0.016178721448
 161                     0.727132718970                     0.017383212531
 162                    -0.947401613129                     0.025953033714
 163                     0.946842440584                     0.041626544749
 164                    -0.757596399780                     0.044546792086
 165                    -0.481155796262                     0.045885418015
 166                    -0.204715192744                     0.047224043943
 167                     0.071725410774                     0.048562669871
 168                     0.348166014293                     0.049901295800
 169                     0.624606617811                     0.051239921728
 170                    -0.856663310696                     0.077759159239
 171                    -0.580050195241                     0.079607992367
 172                    -0.303609591723                     0.080946618295
 173                    -0.027168988205                     0.082285244223
 174                     0.249271615313                     0.083623870152
 175                     0.525712218831                     0.084962496080
 176                     0.803753426284                     0.088422507158
 177                    -0.678944594220                     0.113330566718
 178                    -0.402503990702                     0.114669192647
 179                    -0.126063387184                     0.116007818575
 180                     0.150377216334                     0.117346444504
 181                     0.426817819852                     0.118685070432
 182                     0.703921238813                     0.119258338835
 183                     0.897823077009                     0.133900138833
 184                    -0.936590608923                     0.145056567573
 185                    -0.778367101548                     0.146947437194
 186                    -0.501398389682                     0.148391766999
 187                    -0.224957786164                     0.149730392927
 188                     0.051482817354                     0.151069018855
 189                     0.327923420872                     0.152407644784
 190                     0.605134595101                     0.153900917261
 191                    -0.600292788661                     0.182114341350
 192                    -0.323852185143                     0.183452967279
 193                    -0.047411581625                     0.184791593207
 194                     0.229029021893                     0.186130219136
 195                     0.505469625411                     0.187468845064
 196                     0.811403467312                     0.192628030249
 197                    -0.699187187641                     0.215836915702
 198                    -0.422746584122                     0.217175541631
 199                    -0.146305980604                     0.218514167559
 200                     0.130134622914                     0.219852793488
 201                     0.406575226432                     0.221191419416
 202                     0.711571279841                     0.223463861926
 203                     0.917785012849                     0.236461512107
 204                    -0.914931393967                     0.247272968302
 205                    -0.798082618116                     0.249556464949
 206                    -0.521640983102                     0.250898115983
 207                    -0.245200379584                     0.252236741911
 208                     0.031240223934                     0.253575367839
 209                     0.307680827453                     0.254913993768
 210                     0.584121430971                     0.256252619696
 211                    -0.620535382081                     0.284620690335
 212                    -0.344094778563                     0.285959316263
 213                    -0.067654175045                     0.287297942191
 214                     0.208786428473                     0.288636568120
 215                     0.485227031991                     0.289975194048
 216                     0.790127181945                     0.294924823216
 217                     0.668068862293                     0.318463092648
 218                    -0.442989177542                     0.319681890615
 219                    -0.166548574024                     0.321020516543
 220                     0.109892029494                     0.322359142472
 221                    -0.723302965783                     0.322534478633
 222                     0.386332633012                     0.323697768400
 223                    -0.858199391313                     0.335015740342
 224                     0.886178417069                     0.336052361454
 225                    -0.541883576522                     0.353404464967
 226                    -0.265442973004                     0.354743090895
 227                     0.010997630515                     0.356081716824
 228                     0.287438234032                     0.357420342752
 229                     0.563878837551                     0.358758968680
 230                    -0.641066707889                     0.387069598728
 231                    -0.364337371983                     0.388465665247
 232                    -0.087896768465                     0.389804291175
 233                     0.747749910374                     0.390431268154
 234                     0.188543835053                     0.391142917104
 235                     0.464984438571                     0.392481543032
 236                     0.647826268872                     0.420969441632
 237                    -0.463231770962                     0.422188239599
 238                    -0.186791167444                     0.423526865527
 239                     0.089649436074                     0.424865491456
 240                     0.366090039592                     0.426204117384
 241                    -0.736296595028                     0.430064746894
 242                     0.843801145498                     0.431558806392
 243                    -0.840481660048                     0.437988533687
 244                    -0.562414902329                     0.455853373360
 245                    -0.285685566424                     0.457249439879
 246                    -0.009244962906                     0.458588065807
 247                     0.267195640613                     0.459926691736
 248                     0.553754817109                     0.469341821850
 249                    -0.384771790082                     0.491190807857
 250                    -0.108139361885                     0.492310640159
 251                     0.168301241633                     0.493649266088
 252                     0.444741845151                     0.494987892016
 253                    -0.678718280087                     0.517254492959
 254                     0.686754636828                     0.517932817907
 255                     0.791168254522                     0.521820054765
 256                    -0.483763096770                     0.524637147992
 257                    -0.207033760864                     0.526033214511
 258                     0.069406842654                     0.527371840440
 259                    -0.787161170913                     0.527845306435
 260                     0.345847446172                     0.528710466368
 261                    -0.582657495749                     0.558359722344
 262                    -0.305928159844                     0.559755788863
 263                    -0.029487556325                     0.561094414791
 264                     0.246953047193                     0.562433040720
 265                     0.511512900814                     0.575355424616
 266                     0.614437855020                     0.593348978239
 267                    -0.128381955305                     0.594816989143
 268                     0.148058648213                     0.596155615072
 269                     0.412618501835                     0.609077998968
 270                    -0.724273468670                     0.611286609619
 271                    -0.426071327528                     0.611751865073
 272                     0.719193007827                     0.617255857818
 273                    -0.227276354284                     0.628539563495
 274                     0.049164249234                     0.629878189424
 275                    -0.523790494740                     0.648742114190
 276                    -0.628212684332                     0.652391839004
 277                    -0.333652298391                     0.660496477327
 278                    -0.049730149745                     0.663600763776
 279                     0.226710453773                     0.664939389704
 280                     0.543951271813                     0.674678464527
 281                     0.330881355726                     0.675432748953
 282                     0.646876226019                     0.692672018151
 283                     0.445056872834                     0.708401038879
 284                    -0.149826704049                     0.713838645846
 285                    -0.444409778586                     0.716683383484
 286                    -0.255000492831                     0.729280251959
 287                     0.044135346806                     0.734243050899
 288                     0.148724833565                     0.735009930589
 289                    -0.583510588300                     0.746832491166
 290                     0.260180394182                     0.763919575900
 291                    -0.352604273977                     0.766573898554
 292                    -0.054759052173                     0.767965625251
 293                     0.364129978732                     0.774493035229
 294                     0.539686748500                     0.779089134297
 295                    -0.497754831474                     0.806525575703
 296                    -0.227957707008                     0.830205976654
 297                     0.080448589160                     0.832215815483
 298                     0.450637838681                     0.833764387661
 299                     0.184853535524                     0.836329371750
 300                    -0.124621122695                     0.845661218902
 301                    -0.405949326865                     0.856416090774
 302                    -0.018445809819                     0.865938389834
 303                     0.355367703124                     0.878610933289
 304                    -0.309209885137                     0.895897663493
 305                     0.256492486376                     0.912389708924
 306                    -0.191644464654                     0.928178741238
 307                     0.151945310395                     0.935497728040
 308                    -0.088307880341                     0.943633983485
 309                     0.048044320663                     0.946538493549
