   1                     0.001465418458                    -0.951005248021
   2                    -0.096399371045                    -0.946107969778
   3                     0.099314650648                    -0.945806391066
   4                    -0.198670139560                    -0.930023281893
   5                     0.227001802689                    -0.923516816734
   6                    -0.306203926496                    -0.900358092152
   7                     0.320825338239                    -0.895256517183
   8                    -0.397566859349                    -0.863804441158
   9                     0.150520027987                    -0.862262931206
  10                    -0.036743767835                    -0.860774663203
  11                     0.411242903111                    -0.857491926408
  12                    -0.134608557313                    -0.855877384947
  13                    -0.230851578777                    -0.837471375787
  14                     0.057117639414                    -0.832640403247
  15                     0.261550337585                    -0.817230652606
  16                    -0.502415914269                    -0.807459830768
  17                    -0.320244076644                    -0.797340568681
  18                     0.525411640207                    -0.792688928616
  19                    -0.081842770912                    -0.773310611125
  20                     0.176891541542                    -0.767891094164
  21                    -0.413313701539                    -0.766688565880
  22                     0.432414027705                    -0.761819130707
  23                     0.334894843823                    -0.752253089016
  24                    -0.176575984766                    -0.748224779087
  25                     0.083467788533                    -0.738262598678
  26                     0.604189181924                    -0.734417157793
  27                    -0.555351423582                    -0.725001767441
  28                    -0.268640273398                    -0.714042622461
  29                    -0.009479603383                    -0.707241917032
  30                     0.250236059936                    -0.702913544383
  31                     0.507989238578                    -0.696262997066
  32                    -0.648750174825                    -0.695367773109
  33                    -0.361709898294                    -0.683390619660
  34                    -0.461237155257                    -0.678873661222
  35                    -0.102878354627                    -0.677607922701
  36                     0.155830956062                    -0.672193904586
  37                     0.414991626077                    -0.665393199157
  38                     0.683130348263                    -0.661534534053
  39                    -0.196277105870                    -0.647973928369
  40                     0.062883564145                    -0.641173222940
  41                     0.586766780296                    -0.637991226243
  42                     0.321592874834                    -0.635759204825
  43                    -0.545234285507                    -0.627538215941
  44                    -0.289346730765                    -0.617321925568
  45                    -0.030515187098                    -0.611539228608
  46                     0.228194123590                    -0.606125210493
  47                    -0.736551091536                    -0.601585919693
  48                     0.488244131236                    -0.600285672910
  49                    -0.638633036750                    -0.597904221609
  50                    -0.382745482009                    -0.587687931236
  51                     0.747740857631                    -0.587619552980
  52                    -0.123913938341                    -0.581905234276
  53                     0.135246731674                    -0.575104528847
  54                     0.393956042362                    -0.569690510733
  55                     0.652354756964                    -0.565192066423
  56                    -0.476144233252                    -0.558053936904
  57                    -0.216983563237                    -0.551253231475
  58                     0.041847980431                    -0.545470534515
  59                     0.300557291119                    -0.540056516401
  60                     0.559717961134                    -0.533255810972
  61                    -0.569542984495                    -0.528419942572
  62                    -0.310382314480                    -0.521619237143
  63                    -0.051550770813                    -0.515836540183
  64                     0.207609899202                    -0.509035834755
  65                    -0.760616921301                    -0.506599940771
  66                     0.466319209891                    -0.503621816640
  67                    -0.662941735739                    -0.498785948240
  68                    -0.403781065723                    -0.491985242811
  69                     0.746459891729                    -0.489640680358
  70                    -0.144620395708                    -0.485184537383
  71                     0.114211147959                    -0.479401840423
  72                     0.372920458648                    -0.473987822308
  73                     0.633138791539                    -0.468327285068
  74                    -0.497179816967                    -0.462351248479
  75                    -0.238019146951                    -0.455550543051
  76                     0.836840227391                    -0.451787077101
  77                     0.020812396716                    -0.449767846091
  78                    -0.838989033900                    -0.447784021834
  79                     0.279973066731                    -0.442967140662
  80                     0.538682377420                    -0.437553122547
  81                    -0.590578568210                    -0.432717254148
  82                    -0.331417898195                    -0.425916548719
  83                    -0.072257228180                    -0.419115843290
  84                     0.186574315488                    -0.413333146330
  85                     0.445283626176                    -0.407919128215
  86                    -0.691022956887                    -0.404908655400
  87                     0.704444296191                    -0.401118422787
  88                    -0.424816649438                    -0.396282554387
  89                    -0.165655979423                    -0.389481848958
  90                     0.093175564244                    -0.383699151998
  91                     0.352336234260                    -0.376898446569
  92                     0.611045544948                    -0.371484428455
  93                    -0.781862965323                    -0.368171757435
  94                    -0.518215400681                    -0.366648560055
  95                     0.878886374818                    -0.363279326930
  96                    -0.259054730666                    -0.359847854626
  97                    -0.880611866794                    -0.359076411474
  98                     0.000105939349                    -0.353047149197
  99                     0.258937483016                    -0.347264452237
 100                     0.783090960150                    -0.342670132803
 101                     0.517646793705                    -0.341850434123
 102                    -0.611614151925                    -0.337014565723
 103                    -0.352453481909                    -0.330213860294
 104                    -0.093292811894                    -0.323413154866
 105                     0.165538731773                    -0.317630457906
 106                     0.424699401788                    -0.310829752477
 107                    -0.705012903168                    -0.307380571391
 108                     0.683408712477                    -0.305415734362
 109                    -0.445852233153                    -0.300579865963
 110                    -0.186691563138                    -0.293779160534
 111                     0.072469106878                    -0.286978455105
 112                     0.331300650545                    -0.281195758145
 113                    -0.823485798217                    -0.279464147074
 114                     0.590009961234                    -0.275781740030
 115                    -0.539250984396                    -0.270945871631
 116                     0.848836753149                    -0.270013467199
 117                    -0.280090314381                    -0.264145166202
 118                    -0.020929644366                    -0.257344460773
 119                     0.237901899302                    -0.251561763813
 120                    -0.917267403318                    -0.251065011551
 121                     0.497062569317                    -0.244761058384
 122                    -0.632649735639                    -0.241311877299
 123                     0.755771880005                    -0.239347040270
 124                    -0.373489065624                    -0.234511171870
 125                    -0.114328395609                    -0.227710466441
 126                     0.144832274406                    -0.220909761012
 127                     0.403663818074                    -0.215127064052
 128                    -0.726711702438                    -0.211825976015
 129                     0.927247101402                    -0.211248531728
 130                     0.662373128762                    -0.209713045938
 131                    -0.466887816867                    -0.204877177538
 132                    -0.207727146852                    -0.198076472109
 133                     0.051433523163                    -0.191275766681
 134                     0.310265066830                    -0.185493069721
 135                    -0.819901880534                    -0.181542464655
 136                     0.569425736846                    -0.178692364292
 137                    -0.560286568111                    -0.175243183206
 138                     0.837138583560                    -0.171511706355
 139                    -0.301125898096                    -0.168442477777
 140                    -0.041965228080                    -0.161641772349
 141                    -0.938232633257                    -0.155346886374
 142                     0.217195441935                    -0.154841066920
 143                     0.476026985602                    -0.149058369960
 144                    -0.653685319354                    -0.145609188875
 145                     0.734736296291                    -0.143644351845
 146                    -0.394524649339                    -0.138808483446
 147                    -0.135363979324                    -0.132007778017
 148                     0.123796690692                    -0.125207072588
 149                     0.382628234359                    -0.119424375628
 150                    -0.747084070597                    -0.115975194543
 151                     0.944062301784                    -0.114714862006
 152                     0.641788904374                    -0.112623670199
 153                    -0.487923400582                    -0.109174489114
 154                    -0.228762730567                    -0.102373783685
 155                     0.030397939448                    -0.095573078256
 156                    -0.862423677886                    -0.093262245445
 157                     0.289558609464                    -0.088772372827
 158                     0.548390153131                    -0.082989675867
 159                    -0.581322151825                    -0.079540494782
 160                     0.807099463819                    -0.077575657753
 161                    -0.322161481810                    -0.072739789353
 162                    -0.063000811795                    -0.065939083924
 163                     0.196159858220                    -0.059138378496
 164                     0.454991401888                    -0.053355681535
 165                    -0.674720903069                    -0.049906500450
 166                    -0.949792822429                    -0.047877956493
 167                     0.714152071903                    -0.046554976107
 168                    -0.415560233053                    -0.043105795021
 169                    -0.156399563038                    -0.036305089593
 170                     0.893267174633                    -0.030921333548
 171                     0.102761106977                    -0.029504384164
 172                     0.361921776992                    -0.022703678735
 173                    -0.768119654312                    -0.020272506118
 174                     0.620753320660                    -0.016920981775
 175                    -0.508958984297                    -0.013471800689
 176                    -0.249798314281                    -0.006671095261
 177                     0.009362355734                     0.000129610168
 178                    -0.862864969231                     0.004724006733
 179                     0.268523025749                     0.006930315597
 180                     0.527354569417                     0.012713012557
 181                    -0.602357735540                     0.016162193643
 182                     0.787539125864                     0.018565951300
 183                    -0.343197065525                     0.022962899071
 184                    -0.084036395510                     0.029763604500
 185                     0.175124274506                     0.036564309929
 186                     0.434284944521                     0.043365015358
 187                    -0.695756486783                     0.045796187974
 188                     0.693116488188                     0.049147712318
 189                     0.949734965150                     0.049159182109
 190                    -0.949682785600                     0.050157112667
 191                    -0.436595816768                     0.052596893403
 192                    -0.177435146753                     0.059397598832
 193                     0.081725523262                     0.066198304261
 194                     0.340886193278                     0.072999009689
 195                    -0.789174200982                     0.075426012253
 196                     0.599717736945                     0.078781706650
 197                    -0.529994568011                     0.082230887735
 198                     0.859229530698                     0.086712699766
 199                    -0.270833897996                     0.089031593164
 200                    -0.011673227981                     0.095832298593
 201                     0.247487442034                     0.102633004021
 202                     0.506648112050                     0.109433709450
 203                    -0.623393319255                     0.111864882067
 204                     0.765479655707                     0.115216406421
 205                    -0.364232649239                     0.118665587496
 206                    -0.105071979224                     0.125466292924
 207                     0.154088690791                     0.132266998353
 208                    -0.901450621786                     0.135451653687
 209                     0.413249360806                     0.139067703782
 210                    -0.716792070498                     0.141498876399
 211                     0.672080904465                     0.144850400752
 212                    -0.457631400483                     0.148299581827
 213                     0.939304054095                     0.148527425633
 214                    -0.198470730467                     0.155100287256
 215                     0.060689939548                     0.161900992685
 216                     0.319850609563                     0.168701698114
 217                    -0.810190821741                     0.171132870731
 218                     0.579011279569                     0.175502403553
 219                    -0.551030151726                     0.177933576159
 220                     0.847799962846                     0.184031070758
 221                    -0.291869481711                     0.184734281588
 222                    -0.032708811695                     0.191534987017
 223                     0.226451858320                     0.198335692446
 224                     0.485612528326                     0.205136397884
 225                    -0.644428902969                     0.207567570491
 226                     0.744444071995                     0.210919094846
 227                    -0.385268232954                     0.214368275920
 228                    -0.126107562939                     0.221168981349
 229                     0.133053107076                     0.227969686778
 230                    -0.922486205500                     0.231154342111
 231                     0.392213777083                     0.234770392216
 232                    -0.737827654213                     0.237201564823
 233                     0.651374447099                     0.241571097645
 234                    -0.478666984197                     0.244002270252
 235                    -0.219506314182                     0.250802975681
 236                     0.916481382340                     0.253919288435
 237                     0.039654355833                     0.257603681109
 238                     0.298815025840                     0.264404386548
 239                    -0.831226405456                     0.266835559155
 240                     0.557975695856                     0.271205091977
 241                    -0.572065735441                     0.273636264584
 242                     0.816807239524                     0.276987788939
 243                    -0.312905065425                     0.280436970013
 244                    -0.053744395410                     0.287237675441
 245                     0.205416274596                     0.294038380879
 246                     0.464576944613                     0.300839086309
 247                    -0.665464486684                     0.303270258916
 248                     0.723737614628                     0.307639791738
 249                    -0.406303816669                     0.310070964344
 250                    -0.147143146654                     0.316871669773
 251                     0.112017523354                     0.323672375211
 252                     0.371178193369                     0.330473080641
 253                    -0.758863237927                     0.332904253247
 254                     0.630338863385                     0.337273786070
 255                    -0.499702567912                     0.339704958676
 256                    -0.240541897897                     0.346505664105
 257                     0.885488659018                     0.346876006616
 258                    -0.884666494628                     0.348967509230
 259                     0.018618772110                     0.353306369543
 260                     0.277779442126                     0.360107074972
 261                     0.536940112141                     0.366907780402
 262                    -0.593101319155                     0.369338953008
 263                    -0.333940649140                     0.376139658437
 264                    -0.074779979133                     0.382940363875
 265                     0.184380690883                     0.389741069304
 266                     0.800368024329                     0.395414423401
 267                     0.443541360898                     0.396541774733
 268                     0.702702030913                     0.403342480162
 269                    -0.690907630568                     0.403949230240
 270                    -0.427339400383                     0.405773652769
 271                    -0.168178730376                     0.412574358207
 272                    -0.812303327099                     0.415036203323
 273                     0.090981939639                     0.419375063636
 274                     0.350142609654                     0.426175769065
 275                     0.609303279670                     0.432976474494
 276                    -0.520738151627                     0.435407647101
 277                    -0.261577481620                     0.442208352538
 278                    -0.002416811604                     0.449009057967
 279                     0.256743858411                     0.455809763397
 280                     0.515904528427                     0.462610468826
 281                    -0.614136902870                     0.465041641433
 282                    -0.354976232863                     0.471842346870
 283                    -0.095815562848                     0.478643052299
 284                     0.163345107168                     0.485443757728
 285                     0.422505777183                     0.492244463158
 286                     0.813538274467                     0.492512543183
 287                    -0.448374984106                     0.501476341202
 288                     0.690144171154                     0.501706158368
 289                    -0.703431496477                     0.505389824867
 290                    -0.189214314091                     0.508277046631
 291                    -0.801168468099                     0.512388734204
 292                     0.069946355925                     0.515077752060
 293                     0.329107025940                     0.521878457489
 294                     0.591479538618                     0.529329028216
 295                    -0.541773735349                     0.531110335534
 296                    -0.282613065334                     0.537911040963
 297                    -0.023452395319                     0.544711746392
 298                     0.235708274697                     0.551512451821
 299                     0.498080787374                     0.558963022548
 300                    -0.376011816578                     0.567545035295
 301                    -0.631068328956                     0.571458518969
 302                     0.758541100070                     0.573610084220
 303                    -0.116851146562                     0.574345740723
 304                     0.142309523453                     0.581146446153
 305                     0.404682036131                     0.588597016880
 306                    -0.741252007607                     0.595784013240
 307                     0.663174856062                     0.596121855754
 308                    -0.469941072081                     0.597758214017
 309                    -0.210249897806                     0.603979735055
 310                     0.048910772210                     0.610780440484
 311                     0.311283284888                     0.618231011212
 312                    -0.303648649049                     0.633613729387
 313                     0.572853276398                     0.634115442066
 314                    -0.043806077817                     0.642628315410
 315                     0.217884533645                     0.647865005543
 316                    -0.579084988158                     0.654520138465
 317                     0.477045203660                     0.654665710972
 318                    -0.397047400292                     0.663247723719
 319                    -0.676012059658                     0.668895226782
 320                    -0.137886730277                     0.670048429148
 321                     0.124485782401                     0.677498999875
 322                     0.383646452416                     0.684299705304
 323                     0.650917477157                     0.693339431409
 324                    -0.489791547246                     0.694870872831
 325                     0.031087031158                     0.707132994207
 326                     0.290478578508                     0.714671356694
 327                    -0.225758082025                     0.714921755520
 328                    -0.322634272046                     0.729744091257
 329                     0.196848949930                     0.743567693968
 330                    -0.581542869168                     0.752476578344
 331                     0.478212816840                     0.752645999976
 332                     0.576118731488                     0.756637519849
 333                    -0.416033023290                     0.759378085589
 334                    -0.142195080305                     0.767940913404
 335                    -0.044225825025                     0.769818511254
 336                     0.103450198686                     0.773201688299
 337                     0.364785067968                     0.780454520735
 338                    -0.501027215980                     0.808322204675
 339                     0.275707437076                     0.821279464439
 340                    -0.220321430149                     0.827082893535
 341                    -0.318307116390                     0.827635746049
 342                     0.179527396315                     0.840011792461
 343                     0.440235473713                     0.842974410584
 344                    -0.411705867633                     0.857269740380
 345                    -0.109965718397                     0.860476142289
 346                    -0.011996463116                     0.862353740139
 347                     0.086128645071                     0.869645786793
 348                     0.351157842821                     0.883799354288
 349                    -0.268835488948                     0.912217413283
 350                     0.253125779422                     0.916689649727
 351                    -0.173542672001                     0.935038004687
 352                     0.157409903362                     0.937685898336
 353                    -0.067183285801                     0.948630347039
 354                     0.030785969479                     0.950507944890
