   1                    -0.005957751850                    -0.950404508557
   2                    -0.120479317348                    -0.942756044151
   3                     0.175660740629                    -0.934048997052
   4                    -0.221509929140                    -0.924249736805
   5                     0.272017530025                    -0.910664970256
   6                     0.081356700158                    -0.903419084834
   7                    -0.331306914578                    -0.890808595067
   8                     0.365413716642                    -0.877369386508
   9                    -0.057830334216                    -0.865901971492
  10                    -0.155712405089                    -0.850073396908
  11                     0.201317246735                    -0.838272239609
  12                     0.454832788754                    -0.834524630533
  13                    -0.252849761826                    -0.830179239522
  14                    -0.396297902784                    -0.815924584599
  15                    -0.495335985382                    -0.811139005522
  16                     0.106154046384                    -0.807416297417
  17                     0.008058213640                    -0.791763042076
  18                     0.373577299583                    -0.777700436289
  19                    -0.091100600264                    -0.772496763024
  20                     0.274617700107                    -0.771500336032
  21                    -0.577147899914                    -0.755118882241
  22                    -0.188631500635                    -0.754631516185
  23                     0.507127096154                    -0.750282426233
  24                     0.180141308664                    -0.741406233092
  25                    -0.287540929339                    -0.737256824731
  26                     0.604792011383                    -0.733164952558
  27                    -0.385456320142                    -0.717365446729
  28                     0.070667507900                    -0.714830395908
  29                    -0.485377897232                    -0.712486686480
  30                    -0.026863392471                    -0.696965149069
  31                     0.425871606983                    -0.693458231989
  32                    -0.652678213126                    -0.690880145035
  33                     0.326912007507                    -0.687258131732
  34                    -0.124394292842                    -0.679099902230
  35                    -0.221925193213                    -0.661234655390
  36                     0.685715117849                    -0.658102576993
  37                     0.232435616064                    -0.657164028792
  38                    -0.319456093584                    -0.643369408551
  39                     0.134904715693                    -0.639298781953
  40                     0.589233365947                    -0.635239613018
  41                    -0.431242000573                    -0.629415943949
  42                    -0.530251322246                    -0.624068253451
  43                     0.037373815322                    -0.621433535113
  44                    -0.721104863090                    -0.619121959811
  45                     0.491409906451                    -0.619052755882
  46                    -0.060157085049                    -0.603568288274
  47                     0.394203724228                    -0.599497661676
  48                    -0.624983362732                    -0.594788839570
  49                    -0.157687985420                    -0.585703041435
  50                     0.296672823857                    -0.581632414837
  51                     0.755511957393                    -0.576594932864
  52                    -0.255218885791                    -0.567837794596
  53                     0.199141923486                    -0.563767167997
  54                     0.657274149506                    -0.563115446857
  55                    -0.352749786162                    -0.549972547756
  56                     0.101611023115                    -0.545901921158
  57                     0.555971832392                    -0.541831294560
  58                    -0.450280686533                    -0.532107300917
  59                     0.004080122744                    -0.528036674319
  60                    -0.549290008206                    -0.526759610419
  61                     0.458440932021                    -0.523966047720
  62                    -0.740143549049                    -0.521813316780
  63                    -0.093450777627                    -0.510171427479
  64                     0.360910031650                    -0.506100800881
  65                    -0.644022048691                    -0.497480196538
  66                    -0.190981677998                    -0.492306180640
  67                     0.263379131279                    -0.488235554042
  68                     0.816823996561                    -0.485904088617
  69                     0.717680494953                    -0.484486463641
  70                    -0.288512578368                    -0.474440933801
  71                    -0.825399881347                    -0.471189198269
  72                     0.165848230908                    -0.470370307202
  73                     0.620209040185                    -0.466299680604
  74                    -0.386043478739                    -0.456575686961
  75                     0.068317330538                    -0.452505060363
  76                     0.522678139814                    -0.448434433765
  77                    -0.483574379110                    -0.438710440122
  78                    -0.029213569833                    -0.434639813524
  79                     0.425147239443                    -0.430569186926
  80                    -0.581105279481                    -0.420845193283
  81                    -0.126744470204                    -0.416774566684
  82                     0.327616339072                    -0.412703940086
  83                    -0.678931523725                    -0.404675174451
  84                    -0.224275370575                    -0.398909319845
  85                     0.230085438702                    -0.394838693247
  86                     0.684511101288                    -0.390823174356
  87                     0.817363738950                    -0.386751921470
  88                    -0.776141070468                    -0.385136812348
  89                    -0.321806270946                    -0.381044073006
  90                     0.132554538331                    -0.376973446407
  91                     0.586915347608                    -0.372902819809
  92                    -0.874462418744                    -0.372316670184
  93                    -0.419337171317                    -0.363178826167
  94                     0.035023637960                    -0.359108199568
  95                     0.489384447237                    -0.355037572970
  96                    -0.516868071688                    -0.345313579327
  97                    -0.062507262411                    -0.341242952729
  98                     0.391853546866                    -0.337172326131
  99                    -0.614398972059                    -0.327448332488
 100                     0.893688213883                    -0.323458808907
 101                    -0.160038162782                    -0.323377705890
 102                     0.294322646495                    -0.319307079291
 103                     0.748683455772                    -0.315236452693
 104                    -0.711929872430                    -0.309583085649
 105                    -0.257569063153                    -0.305512459050
 106                     0.196791746124                    -0.301441832452
 107                     0.651152555401                    -0.297371205854
 108                    -0.814199175812                    -0.293577955926
 109                    -0.355099963524                    -0.287647212211
 110                     0.099260845753                    -0.283576585613
 111                     0.553621655030                    -0.279505959014
 112                    -0.910963254912                    -0.270739420579
 113                    -0.452630863895                    -0.269781965372
 114                     0.001729945382                    -0.265711338773
 115                     0.456090754659                    -0.261640712175
 116                    -0.550161764266                    -0.251916718532
 117                    -0.095800954989                    -0.247846091934
 118                     0.358559854288                    -0.243775465336
 119                     0.822329819079                    -0.239050390154
 120                    -0.647692664636                    -0.234051471693
 121                    -0.193331855360                    -0.229980845095
 122                     0.922523972199                    -0.228590781552
 123                     0.261028953917                    -0.225910218496
 124                     0.715389763194                    -0.221839591898
 125                    -0.745223565008                    -0.216186224854
 126                    -0.290862755731                    -0.212115598255
 127                     0.163498053546                    -0.208044971657
 128                     0.617858862823                    -0.203974345059
 129                    -0.842812850309                    -0.198642708501
 130                    -0.388393656102                    -0.194250351416
 131                     0.065967153175                    -0.190179724818
 132                     0.520327962452                    -0.186109098219
 133                    -0.485924556473                    -0.176385104577
 134                    -0.031563747196                    -0.172314477979
 135                     0.422797062081                    -0.168243851380
 136                    -0.936021669155                    -0.164826149521
 137                    -0.583455456843                    -0.158519857737
 138                    -0.129094647567                    -0.154449231139
 139                     0.325266161710                    -0.150378604541
 140                     0.779626970987                    -0.146307977943
 141                    -0.680986357214                    -0.140654610898
 142                     0.878561240919                    -0.139716027937
 143                    -0.226625547937                    -0.136583984300
 144                     0.227735261339                    -0.132513357702
 145                     0.682096070616                    -0.128442731103
 146                    -0.778588726609                    -0.122814810203
 147                    -0.324156448308                    -0.118718737460
 148                     0.130204360968                    -0.114648110862
 149                     0.584565170245                    -0.110577484264
 150                    -0.421687348679                    -0.100853490621
 151                     0.032673460598                    -0.096782864023
 152                     0.487034269874                    -0.092712237425
 153                    -0.519218249050                    -0.082988243782
 154                    -0.064857439773                    -0.078917617184
 155                     0.389503369504                    -0.074846990585
 156                    -0.901381155017                    -0.071920399688
 157                     0.947925132136                    -0.068863405071
 158                    -0.616749149421                    -0.065122996943
 159                    -0.162388340144                    -0.061052370344
 160                     0.291972469133                    -0.056981743746
 161                     0.746333278410                    -0.052911117148
 162                    -0.714280049792                    -0.047257750103
 163                     0.845267548341                    -0.046319167142
 164                    -0.259919240515                    -0.043187123505
 165                     0.194441568762                    -0.039116496907
 166                     0.648802378039                    -0.035045870308
 167                    -0.811810950163                    -0.029392503264
 168                    -0.357450140886                    -0.025321876666
 169                     0.096910668391                    -0.021251250067
 170                     0.551271477668                    -0.017180623469
 171                    -0.454981041257                    -0.007456629826
 172                    -0.000620231980                    -0.003386003228
 173                     0.453740577297                     0.000684623370
 174                    -0.552511941628                     0.010408617013
 175                    -0.950315341466                     0.014316999207
 176                    -0.098151132351                     0.014479243611
 177                     0.356209676926                     0.018549870210
 178                    -0.650042841999                     0.028273863852
 179                     0.949941033832                     0.030269736270
 180                    -0.195682032722                     0.032344490451
 181                     0.258678776555                     0.036415117049
 182                     0.713196490600                     0.040541823249
 183                    -0.747573742370                     0.046139110692
 184                    -0.293212933093                     0.050209737290
 185                     0.853313266248                     0.052507499275
 186                     0.161147876184                     0.054280363888
 187                     0.615508685461                     0.058350990486
 188                    -0.852897366437                     0.067517749313
 189                    -0.390743833464                     0.068074984129
 190                     0.063616975813                     0.072145610727
 191                     0.517977785090                     0.076216237326
 192                    -0.488274733835                     0.085940230969
 193                    -0.033913924558                     0.090010857567
 194                     0.420446884719                     0.094081484165
 195                    -0.585805634206                     0.103805477808
 196                    -0.131444824929                     0.107876104406
 197                     0.322915984348                     0.111946731004
 198                    -0.943652189686                     0.113246499257
 199                     0.777306844644                     0.116182199484
 200                    -0.683336534577                     0.121670724647
 201                    -0.228975725300                     0.125741351246
 202                     0.941617903102                     0.129073425810
 203                     0.225385083977                     0.129811977844
 204                     0.679745893254                     0.133882604442
 205                    -0.780867434948                     0.139535971487
 206                    -0.326506625671                     0.143606598085
 207                     0.127854183606                     0.147677224683
 208                     0.582214992883                     0.151747851281
 209                    -0.424037526042                     0.161471844924
 210                     0.030323283235                     0.165542471522
 211                     0.484684092512                     0.169613098121
 212                     0.855149588025                     0.177598409679
 213                    -0.521568426413                     0.179337091763
 214                    -0.871041554524                     0.180767897593
 215                    -0.067207617136                     0.183407718362
 216                     0.387153192141                     0.187478344960
 217                    -0.619099326784                     0.197202338603
 218                    -0.164738517507                     0.201272965201
 219                     0.289622291770                     0.205343591799
 220                     0.744013152066                     0.209579060279
 221                    -0.716630227154                     0.215067585442
 222                    -0.262269417878                     0.219138212040
 223                     0.192091391399                     0.223208838638
 224                     0.646452200676                     0.227279465237
 225                    -0.359800318249                     0.237003458880
 226                     0.094560491028                     0.241074085478
 227                     0.548921300305                     0.245144712076
 228                    -0.457331218619                     0.254868705719
 229                    -0.806804346731                     0.256299511548
 230                     0.915145256170                     0.256541195135
 231                    -0.002970409343                     0.258939332317
 232                     0.451390399934                     0.263009958915
 233                    -0.910787568883                     0.271606754446
 234                    -0.554862118990                     0.272733952558
 235                     0.817867617593                     0.275737668891
 236                    -0.100501309713                     0.276804579157
 237                     0.353859499564                     0.280875205755
 238                    -0.652519861212                     0.290707255919
 239                    -0.198032210084                     0.294669825996
 240                     0.256328599193                     0.298740452594
 241                     0.710719459489                     0.302975921073
 242                    -0.295563110455                     0.312535072835
 243                     0.158797698822                     0.316605699433
 244                     0.613158508099                     0.320676326032
 245                    -0.393094010826                     0.330400319674
 246                     0.061266798451                     0.334470946273
 247                     0.515627607728                     0.338541572871
 248                    -0.490624911197                     0.348265566514
 249                    -0.779297837686                     0.351561442727
 250                    -0.036264101920                     0.352336193112
 251                     0.882418367102                     0.353003821029
 252                     0.418096707357                     0.356406819710
 253                    -0.877534114100                     0.365017949261
 254                    -0.588155811568                     0.366130813353
 255                     0.784573925016                     0.369134529686
 256                    -0.133795002291                     0.370201439951
 257                     0.320565806986                     0.374272066550
 258                    -0.685656382398                     0.384160851055
 259                    -0.231325902662                     0.388066686791
 260                     0.223034906615                     0.392137313389
 261                     0.684450751906                     0.398780221496
 262                    -0.328856803033                     0.405931933630
 263                     0.125504006244                     0.410002560228
 264                     0.579864815521                     0.414073186826
 265                    -0.426387703404                     0.423797180469
 266                     0.027973105873                     0.427867807068
 267                     0.482333915150                     0.431938433666
 268                    -0.523918603775                     0.441662427309
 269                    -0.069557794498                     0.445733053907
 270                     0.384803014779                     0.449803680505
 271                    -0.834729694217                     0.454456337050
 272                     0.834561101217                     0.454765866165
 273                    -0.621419174605                     0.459692465011
 274                    -0.167088694869                     0.463598300746
 275                     0.287272114408                     0.467668927344
 276                    -0.736675541250                     0.469181372118
 277                    -0.264619595240                     0.481463547586
 278                     0.189741214037                     0.485534174184
 279                     0.644228245614                     0.489497270768
 280                     0.743299758955                     0.493531972244
 281                    -0.362150495611                     0.499328794425
 282                     0.092210313666                     0.503399421023
 283                     0.546727392307                     0.507525799797
 284                    -0.459681395982                     0.517194041264
 285                    -0.005320586705                     0.521264667862
 286                     0.449040222572                     0.525335294461
 287                    -0.557181966812                     0.535224078966
 288                    -0.102851487076                     0.539129914702
 289                     0.351509322201                     0.543200541300
 290                    -0.667028027874                     0.547733796641
 291                    -0.200382387447                     0.556995161541
 292                     0.253978421830                     0.561065788139
 293                    -0.764793973321                     0.564264479712
 294                    -0.297913287818                     0.574860408380
 295                     0.156447521460                     0.578931034978
 296                     0.620237321237                     0.585704750308
 297                     0.742986259437                     0.592685112839
 298                    -0.395444188189                     0.592725655220
 299                     0.058916621088                     0.596796281818
 300                     0.513277430366                     0.600866908416
 301                    -0.497272059047                     0.614233548376
 302                    -0.038614279283                     0.614661528657
 303                     0.415746529995                     0.618732155255
 304                    -0.602790820081                     0.623265410597
 305                    -0.136145179654                     0.632526775497
 306                     0.318215629624                     0.636597402095
 307                    -0.700135826316                     0.642709148236
 308                    -0.233676080025                     0.650392022336
 309                     0.220684729253                     0.654462648934
 310                     0.677194822114                     0.666866851473
 311                    -0.331333341762                     0.668364792307
 312                     0.123153828882                     0.672327895773
 313                     0.578427630242                     0.675612443586
 314                    -0.428894022530                     0.686066708108
 315                     0.025622928511                     0.690193142613
 316                     0.481180425092                     0.702139711291
 317                    -0.071907971860                     0.708058389452
 318                     0.382452837417                     0.712129016050
 319                    -0.619179783735                     0.721055212939
 320                    -0.520102910083                     0.724956069161
 321                    -0.169438872232                     0.725923636291
 322                     0.284977705741                     0.730296081761
 323                    -0.266969772603                     0.743788883131
 324                     0.187391036675                     0.747859509729
 325                     0.089860136304                     0.765724756568
 326                    -0.372359330172                     0.767523887851
 327                     0.554569455108                     0.771852929096
 328                    -0.007654882228                     0.783676924898
 329                    -0.105201664438                     0.801455250247
 330                     0.373063050466                     0.810837047500
 331                    -0.484664208120                     0.817560291391
 332                     0.251096508532                     0.823840141650
 333                    -0.202045202349                     0.825105782823
 334                     0.471136995290                     0.825429679841
 335                    -0.301395810074                     0.836774320248
 336                     0.156128467152                     0.852344784925
 337                     0.057222812921                     0.859353003877
 338                    -0.396850203801                     0.863605315197
 339                    -0.061433750697                     0.890426106703
 340                     0.320339280357                     0.894811136583
 341                    -0.244973548633                     0.918309416897
 342                     0.225371238977                     0.923315779858
 343                    -0.147967503706                     0.938834299831
 344                     0.116537666015                     0.943251396549
 345                     0.017632011784                     0.950259615502
