   1                    -0.041343195744                    -0.950706440915
   2                     0.055444224144                    -0.949988386582
   3                    -0.138257332864                    -0.941507783580
   4                     0.199801257971                    -0.930393171700
   5                    -0.233181323470                    -0.922593337834
   6                     0.297823717112                    -0.902922390971
   7                    -0.367627241197                    -0.877725588189
   8                     0.119049424904                    -0.877031559027
   9                     0.388577032367                    -0.868639445621
  10                    -0.081895111991                    -0.862820933923
  11                     0.016818793119                    -0.860072758846
  12                    -0.279534991117                    -0.837624768667
  13                    -0.455874217355                    -0.835173163287
  14                     0.213346362765                    -0.834555546590
  15                    -0.178166652850                    -0.834113990152
  16                     0.477008853934                    -0.823416389137
  17                     0.301015967445                    -0.793538956462
  18                    -0.539130942052                    -0.783878740285
  19                     0.101560227465                    -0.781834667148
  20                    -0.360687635838                    -0.781184601411
  21                     0.395278816437                    -0.771565437157
  22                     0.558184756706                    -0.770702130536
  23                    -0.065465588583                    -0.767435447547
  24                    -0.232491404632                    -0.753036227947
  25                     0.189229832146                    -0.740818077020
  26                     0.022204016097                    -0.726418857419
  27                    -0.440043847206                    -0.725768791683
  28                    -0.617148782479                    -0.724347552572
  29                     0.473808677995                    -0.714984688715
  30                    -0.144821799951                    -0.712019637819
  31                     0.276899436826                    -0.699801486891
  32                    -0.311847616000                    -0.697620418218
  33                     0.657216396071                    -0.688199538918
  34                    -0.528282813789                    -0.685991850788
  35                     0.109873620778                    -0.685402267291
  36                     0.371162285817                    -0.677827967587
  37                     0.561478282675                    -0.673968098586
  38                    -0.057152195271                    -0.671003047690
  39                    -0.687536285580                    -0.657910216248
  40                    -0.224178011319                    -0.656603828090
  41                     0.197543225458                    -0.644385677162
  42                    -0.391203827368                    -0.642204608490
  43                     0.030517409410                    -0.629986457562
  44                     0.449692147375                    -0.621247219145
  45                    -0.596424038910                    -0.617252533875
  46                    -0.136508406639                    -0.615587237962
  47                     0.728168433500                    -0.612635886221
  48                     0.285212830139                    -0.603369087034
  49                    -0.480971324037                    -0.601483848115
  50                    -0.303534222687                    -0.601188018361
  51                     0.633099865451                    -0.594462069348
  52                     0.118187014090                    -0.588969867434
  53                     0.537361752055                    -0.580230629016
  54                    -0.048838801958                    -0.574570647833
  55                     0.372882434819                    -0.562352496906
  56                    -0.675780250278                    -0.561836724146
  57                    -0.215864618007                    -0.560171428233
  58                    -0.772385222959                    -0.555853455495
  59                     0.205856618771                    -0.547953277305
  60                    -0.382890434055                    -0.545772208632
  61                     0.786633898423                    -0.535498932289
  62                     0.038830802722                    -0.533554057705
  63                    -0.549270899081                    -0.532725013772
  64                     0.460552039499                    -0.521335906777
  65                    -0.128195013326                    -0.519154838104
  66                     0.691565330375                    -0.517325115416
  67                     0.293526223451                    -0.506936687177
  68                    -0.295220829375                    -0.504755618504
  69                     0.126500407402                    -0.492537467576
  70                    -0.462246645423                    -0.490356398904
  71                     0.550968062487                    -0.483991240625
  72                    -0.040525408646                    -0.478138247976
  73                    -0.628627110449                    -0.477309204043
  74                    -0.824853959861                    -0.474518641925
  75                    -0.725232083131                    -0.471325935392
  76                     0.381195828131                    -0.465920097048
  77                    -0.207551224694                    -0.463739028375
  78                     0.836961301361                    -0.452822014324
  79                     0.214170012083                    -0.451520877448
  80                    -0.374577040743                    -0.449339808775
  81                     0.637360596071                    -0.437136793139
  82                     0.047144196035                    -0.437121657847
  83                    -0.541602856791                    -0.434940589175
  84                     0.738766315531                    -0.431212818218
  85                     0.468865432812                    -0.424903506920
  86                    -0.119881620014                    -0.422722438247
  87                     0.301839616763                    -0.410504287320
  88                    -0.286907436063                    -0.408323218647
  89                     0.134813800715                    -0.396105067719
  90                    -0.453933252111                    -0.393923999046
  91                    -0.868789231997                    -0.388274731340
  92                    -0.772013772405                    -0.386592271483
  93                     0.556535037492                    -0.383886916792
  94                    -0.032212015334                    -0.381705848119
  95                    -0.624008019190                    -0.379636128609
  96                     0.389509221444                    -0.369487697191
  97                    -0.199237831382                    -0.367306628518
  98                     0.808892663304                    -0.360191178162
  99                     0.222483405395                    -0.355088477591
 100                    -0.366263647430                    -0.352907408918
 101                     0.645673989384                    -0.340704393281
 102                     0.055457589347                    -0.340689257990
 103                    -0.533289463479                    -0.338508189317
 104                     0.477178826124                    -0.328471107063
 105                    -0.111568226702                    -0.326290038390
 106                    -0.702383280063                    -0.319361959966
 107                     0.896516528808                    -0.319076965961
 108                     0.310153010076                    -0.314071887463
 109                    -0.278594042750                    -0.311890818790
 110                     0.733343594064                    -0.299687803153
 111                     0.143127194027                    -0.299672667862
 112                    -0.903736510307                    -0.298013953650
 113                    -0.445619858799                    -0.297491599189
 114                    -0.806949718319                    -0.296272931133
 115                     0.564848430805                    -0.287454516934
 116                    -0.023898622021                    -0.285273448262
 117                    -0.612645674847                    -0.283092379589
 118                     0.397822614756                    -0.273055297334
 119                    -0.190924438070                    -0.270874228661
 120                     0.230796798708                    -0.258656077734
 121                     0.821717436622                    -0.257648828607
 122                    -0.357950254118                    -0.256475009061
 123                     0.653987382696                    -0.244271993424
 124                     0.063770982659                    -0.244256858133
 125                    -0.524976070166                    -0.242075789460
 126                     0.485492219437                    -0.232038707206
 127                    -0.103254833389                    -0.229857638533
 128                     0.924291214317                    -0.226357566182
 129                    -0.694069886751                    -0.222929560109
 130                     0.318466403388                    -0.217639487605
 131                    -0.270280649438                    -0.215458418932
 132                    -0.859399605201                    -0.211975827821
 133                     0.741656987376                    -0.203255403295
 134                     0.151440587340                    -0.203240268005
 135                    -0.437306465486                    -0.201059199332
 136                     0.573161824117                    -0.191022117077
 137                    -0.015585228709                    -0.188841048404
 138                    -0.604332281535                    -0.186659979731
 139                     0.406136008069                    -0.176622897477
 140                    -0.182611044757                    -0.174441828804
 141                    -0.773426098118                    -0.167513750379
 142                     0.849492122132                    -0.164929428828
 143                     0.239110192020                    -0.162223677876
 144                    -0.349636860806                    -0.160042609204
 145                    -0.938660528250                    -0.156423813203
 146                     0.662300776008                    -0.147839593567
 147                     0.072084375972                    -0.147824458276
 148                    -0.516662676854                    -0.145643389603
 149                     0.493805612749                    -0.135606307349
 150                    -0.094941440077                    -0.133425238676
 151                     0.942503714406                    -0.131296401182
 152                    -0.685756493438                    -0.126497160251
 153                     0.326779796701                    -0.121207087748
 154                    -0.261967256125                    -0.119026019075
 155                     0.769431672886                    -0.110536003516
 156                    -0.853747055915                    -0.109969292793
 157                     0.159753980652                    -0.106807868148
 158                    -0.428993072174                    -0.104626799475
 159                     0.581475217429                    -0.094589717220
 160                    -0.007271835396                    -0.092408648547
 161                    -0.596018888222                    -0.090227579874
 162                     0.414449401381                    -0.080190497620
 163                    -0.174297651445                    -0.078009428947
 164                    -0.765112704806                    -0.071081350522
 165                     0.867704622220                    -0.069868263828
 166                     0.247423585333                    -0.065791278019
 167                    -0.341323467493                    -0.063610209346
 168                    -0.949694770301                    -0.060264748353
 169                     0.690075461518                    -0.055120193788
 170                     0.080397769284                    -0.051392058419
 171                    -0.508349283542                    -0.049210989746
 172                     0.502119006061                    -0.039173907491
 173                    -0.086628046765                    -0.036992838819
 174                    -0.677443100125                    -0.030064760394
 175                     0.335093190013                    -0.024774687891
 176                    -0.253653862813                    -0.022593619218
 177                     0.951384964326                    -0.020417215440
 178                     0.779304731834                    -0.014250786802
 179                    -0.864781297966                    -0.013810227943
 180                     0.168067373964                    -0.010375468291
 181                    -0.420679678861                    -0.008194399618
 182                     0.589788610743                     0.001842682637
 183                     0.001041557916                     0.004023751310
 184                    -0.587705494910                     0.006204819983
 185                     0.422762794693                     0.016241902237
 186                    -0.165984258132                     0.018422970910
 187                    -0.776146946857                     0.025077714329
 188                     0.866902735551                     0.026918497810
 189                     0.255736978645                     0.030641121838
 190                    -0.333010074181                     0.032822190511
 191                    -0.950904016349                     0.036517780931
 192                     0.678324648692                     0.040953937218
 193                     0.088711162596                     0.045040341438
 194                    -0.500035890229                     0.047221410111
 195                     0.510432399375                     0.057258492366
 196                    -0.078314653452                     0.059439561039
 197                    -0.688477342177                     0.066094304457
 198                     0.343406583325                     0.071657711966
 199                    -0.245340469501                     0.073838780639
 200                     0.948295245898                     0.079297687475
 201                     0.766147722330                     0.081640888287
 202                    -0.865990544013                     0.082972301341
 203                     0.176380767277                     0.086056931567
 204                    -0.412366285549                     0.088238000240
 205                     0.598102004055                     0.098275082494
 206                     0.009354951228                     0.100456151167
 207                    -0.579589527553                     0.102654441722
 208                     0.431076188007                     0.112674302095
 209                    -0.157670864820                     0.114855370767
 210                    -0.770184635559                     0.121683982730
 211                     0.853942350802                     0.122836945867
 212                     0.264050371957                     0.127073521695
 213                    -0.324696680869                     0.129254590368
 214                     0.686638042004                     0.137386337075
 215                     0.097024555909                     0.141472741295
 216                    -0.491722496918                     0.143653809969
 217                    -0.940243606440                     0.146583100086
 218                     0.518745792687                     0.153690892223
 219                    -0.070001260140                     0.155871960896
 220                    -0.658832144768                     0.158232692337
 221                     0.351719976639                     0.168090111824
 222                    -0.237027076188                     0.170271180496
 223                     0.935334861149                     0.175216135532
 224                     0.774461115642                     0.178073288144
 225                    -0.848750562701                     0.178214641164
 226                     0.184694160589                     0.182489331424
 227                    -0.404052892237                     0.184670400097
 228                     0.606415397368                     0.194707482351
 229                     0.017668344541                     0.196888551024
 230                    -0.571078708286                     0.199069619697
 231                     0.439389581319                     0.209106701952
 232                    -0.149357471508                     0.211287770624
 233                    -0.738532523383                     0.213152360028
 234                     0.272363765270                     0.223505921552
 235                    -0.316383287557                     0.225686990225
 236                     0.694951435317                     0.233818736932
 237                     0.105337949221                     0.237905141152
 238                    -0.483409103606                     0.240086209826
 239                    -0.919808741567                     0.243934162364
 240                     0.527059186000                     0.250123292080
 241                    -0.061687866827                     0.252304360753
 242                     0.877022604184                     0.252468973268
 243                    -0.651034196500                     0.254708141304
 244                     0.360033369951                     0.264522511681
 245                    -0.228713682876                     0.266703580353
 246                    -0.819213618245                     0.270387788896
 247                     0.782774508955                     0.274505688001
 248                     0.193007553902                     0.278921731281
 249                    -0.395739498926                     0.281102799954
 250                     0.614728790680                     0.291139882208
 251                     0.025981737853                     0.293320950881
 252                    -0.563280760018                     0.295545068664
 253                     0.447702974632                     0.305539101809
 254                    -0.141044078196                     0.307720170482
 255                    -0.730734575115                     0.309627808995
 256                     0.280677158583                     0.319938321409
 257                    -0.308069894245                     0.322119390083
 258                     0.703264828629                     0.330251136790
 259                     0.113651342534                     0.334337541010
 260                    -0.890271797112                     0.336107310095
 261                    -0.475611155338                     0.336561658793
 262                     0.535372579312                     0.346555691937
 263                    -0.053374473515                     0.348736760610
 264                     0.885335997497                     0.348901373125
 265                    -0.642720803189                     0.351140541161
 266                     0.368346763264                     0.360954911538
 267                    -0.220400289564                     0.363135980210
 268                     0.791087902267                     0.370938087858
 269                     0.201320947214                     0.375354131138
 270                    -0.387941550658                     0.377578248921
 271                     0.623042183993                     0.387572282066
 272                     0.034295131165                     0.389753350738
 273                    -0.554967366707                     0.391977468521
 274                    -0.819113851545                     0.401718795625
 275                     0.456016367944                     0.401971501666
 276                    -0.132730684884                     0.404152570339
 277                    -0.722421181804                     0.406060208852
 278                     0.288990551895                     0.416370721266
 279                    -0.300271945978                     0.418594839050
 280                     0.711578221941                     0.426683536647
 281                     0.121964735846                     0.430769940867
 282                    -0.467297762027                     0.432994058650
 283                     0.543685972625                     0.442988091795
 284                    -0.045061080203                     0.445169160467
 285                    -0.634407409877                     0.447572941018
 286                     0.376660156576                     0.457387311395
 287                     0.834421029722                     0.457486111034
 288                    -0.212602341296                     0.459611429177
 289                     0.209634340526                     0.471786530995
 290                    -0.379628157347                     0.474010648778
 291                     0.633438862926                     0.483802367370
 292                     0.042608524477                     0.486185750595
 293                    -0.546653973396                     0.488409868378
 294                    -0.810800458234                     0.498151195482
 295                     0.464329761257                     0.498403901523
 296                    -0.124932736616                     0.500628019306
 297                    -0.714107788492                     0.502492608709
 298                     0.297303945207                     0.512803121122
 299                     0.755195560048                     0.513088675771
 300                    -0.291958552666                     0.515027238907
 301                     0.130278129158                     0.527202340724
 302                    -0.458984368715                     0.529426458507
 303                     0.551999365937                     0.539420491652
 304                    -0.037263131936                     0.541644609434
 305                    -0.626094016566                     0.544005340876
 306                     0.384973549888                     0.553819711252
 307                    -0.204288947985                     0.556043829034
 308                     0.217947733838                     0.568218930853
 309                    -0.371314764035                     0.570443048636
 310                     0.639690831802                     0.580390322809
 311                     0.050406472745                     0.582661199562
 312                    -0.538340580084                     0.584842268235
 313                     0.472643154569                     0.594836301380
 314                    -0.742670944792                     0.594972154300
 315                    -0.116619343304                     0.597060419163
 316                     0.732686609604                     0.607225105492
 317                     0.305617338519                     0.609235520980
 318                    -0.283645159355                     0.611459638764
 319                     0.138076077425                     0.623677789691
 320                    -0.450670975409                     0.625858858377
 321                    -0.655160786382                     0.636327836201
 322                    -0.028949738624                     0.638077009291
 323                     0.574218415426                     0.651676246695
 324                    -0.195975554673                     0.652476228891
 325                     0.395113515345                     0.653166839494
 326                     0.225745682105                     0.664694379820
 327                    -0.363001370723                     0.666875448493
 328                     0.667214193227                     0.678511029378
 329                     0.058719866057                     0.679093599419
 330                    -0.530027186786                     0.681274668094
 331                     0.485664285930                     0.690746521840
 332                    -0.108305949993                     0.693492819020
 333                     0.313415286787                     0.705710969946
 334                    -0.276224589736                     0.709807701775
 335                     0.146389470737                     0.720110189548
 336                    -0.616374355332                     0.725006655639
 337                    -0.020636345313                     0.734509409148
 338                    -0.453192070894                     0.740136244835
 339                     0.588947579241                     0.747403489367
 340                    -0.187662161362                     0.748908628748
 341                     0.421298848197                     0.763033523964
 342                    -0.359287641912                     0.763594259843
 343                     0.236361148102                     0.764417921225
 344                     0.067033259368                     0.775525999277
 345                    -0.539539239440                     0.783868232381
 346                    -0.101155711132                     0.792418144432
 347                     0.332127977870                     0.800674939129
 348                     0.509798459626                     0.803263593148
 349                     0.154702864048                     0.816542589405
 350                    -0.283900259220                     0.824298977792
 351                    -0.012322952001                     0.830941809006
 352                    -0.451063045933                     0.837889056377
 353                    -0.189501533556                     0.845681233138
 354                     0.409311834801                     0.859078470527
 355                     0.075346652680                     0.871958399133
 356                    -0.363619082077                     0.879391127020
 357                     0.222811733475                     0.885313965398
 358                     0.318945887936                     0.896563169665
 359                    -0.067625147763                     0.910377238094
 360                    -0.255218472707                     0.916741799975
 361                    -0.160392752585                     0.937990491184
 362                     0.143455522107                     0.940729775126
 363                     0.020044456918                     0.951393828222
