   1                    -0.013060921615                    -0.946687669372
   2                     0.096353120123                    -0.942459269461
   3                    -0.118154119889                    -0.939972402619
   4                     0.200307257926                    -0.925953778961
   5                    -0.256057667511                    -0.912111763579
   6                     0.337761911894                    -0.885115975014
   7                    -0.357549138882                    -0.877253281587
   8                     0.038352690166                    -0.854625084158
   9                    -0.171646056587                    -0.849234311943
  10                    -0.066471201988                    -0.845093787459
  11                     0.141912794310                    -0.835804913786
  12                    -0.452921775477                    -0.832090898670
  13                     0.247087648909                    -0.831664389301
  14                     0.424033601923                    -0.824815979303
  15                    -0.277212443897                    -0.809003231347
  16                     0.523275177333                    -0.789744570819
  17                    -0.542431797078                    -0.776711750825
  18                    -0.372467941239                    -0.764222831515
  19                     0.332357627704                    -0.761729728508
  20                     0.017197913781                    -0.751516551925
  21                    -0.192800832973                    -0.746125779711
  22                    -0.087625978373                    -0.741985255226
  23                     0.120758017925                    -0.732696381554
  24                     0.225932872525                    -0.728555857069
  25                     0.607653418176                    -0.726822345370
  26                     0.436282581724                    -0.720274808098
  27                    -0.455358115626                    -0.698356381578
  28                    -0.662989576715                    -0.676726103766
  29                    -0.557814722115                    -0.672585579281
  30                    -0.356114627163                    -0.660244645814
  31                    -0.250888855092                    -0.657335985555
  32                    -0.145764917963                    -0.651963596844
  33                    -0.040590063364                    -0.647823072359
  34                     0.693231441687                    -0.645711674517
  35                     0.064584791236                    -0.643682547874
  36                     0.169759645835                    -0.639542023388
  37                     0.274934500435                    -0.635401498903
  38                     0.380109355035                    -0.631260974418
  39                     0.485284209634                    -0.627120449933
  40                     0.590459064234                    -0.622979925447
  41                    -0.733968144144                    -0.599002639170
  42                    -0.622637563052                    -0.579511861104
  43                    -0.517462708452                    -0.575371336619
  44                    -0.412287853852                    -0.571230812134
  45                    -0.307112999252                    -0.567090287649
  46                     0.760582865926                    -0.564824842239
  47                    -0.201938144653                    -0.562949763164
  48                    -0.096763290053                    -0.558809238679
  49                     0.008411564547                    -0.554668714194
  50                     0.113586419147                    -0.550528189708
  51                     0.218761273746                    -0.546387665223
  52                     0.323936128346                    -0.542247140738
  53                     0.657810488473                    -0.542093093169
  54                     0.429110982945                    -0.538106616253
  55                     0.534285837545                    -0.533966091767
  56                    -0.800433862075                    -0.506772024793
  57                    -0.693616130481                    -0.501788396508
  58                    -0.573635935141                    -0.486357502939
  59                    -0.468461080541                    -0.482216978454
  60                    -0.363286225941                    -0.478076453969
  61                     0.818545664935                    -0.476965819286
  62                    -0.258111371342                    -0.473935929484
  63                    -0.152936516742                    -0.469795404999
  64                    -0.047761662142                    -0.465654880513
  65                     0.057413192457                    -0.461514356028
  66                     0.162588047057                    -0.457373831543
  67                     0.267762901657                    -0.453233307058
  68                     0.372937756256                    -0.449092782573
  69                     0.478112610856                    -0.444952258088
  70                     0.688542015637                    -0.441423002172
  71                     0.583287465456                    -0.440811733602
  72                    -0.751250423719                    -0.413713529344
  73                    -0.644614502570                    -0.408634038343
  74                    -0.856188194750                    -0.405530730674
  75                    -0.524634307230                    -0.393203144774
  76                    -0.419459452630                    -0.389062620289
  77                    -0.314284598031                    -0.384922095804
  78                     0.774867422331                    -0.381199932322
  79                    -0.209109743431                    -0.380781571319
  80                    -0.103934888831                    -0.376641046833
  81                     0.001239965768                    -0.372500522348
  82                     0.106414820368                    -0.368359997863
  83                     0.211589674968                    -0.364219473378
  84                     0.316764529567                    -0.360078948893
  85                     0.877436542831                    -0.357215748611
  86                     0.421939384167                    -0.355938424407
  87                     0.527114238767                    -0.351797899922
  88                     0.635217353207                    -0.349147995622
  89                    -0.790952343515                    -0.316231984693
  90                    -0.685790803708                    -0.311766054945
  91                    -0.895890114546                    -0.308049186023
  92                    -0.580807533919                    -0.304189311094
  93                    -0.475632679319                    -0.300048786609
  94                    -0.370457824719                    -0.295908262123
  95                    -0.265282970120                    -0.291767737639
  96                    -0.160108115520                    -0.287627213153
  97                    -0.054933260921                    -0.283486688668
  98                     0.050241593679                    -0.279346164183
  99                     0.784252089760                    -0.276362811032
 100                     0.155416448279                    -0.275205639698
 101                     0.260591302879                    -0.271065115213
 102                     0.365766157478                    -0.266924590728
 103                     0.470941012078                    -0.262784066242
 104                     0.576115866677                    -0.258643541757
 105                     0.911655122296                    -0.257674679597
 106                     0.681290721277                    -0.254503017272
 107                    -0.741964030397                    -0.222752221265
 108                    -0.636980760608                    -0.215175477414
 109                    -0.846925220683                    -0.214875514034
 110                    -0.531805906008                    -0.211034952929
 111                    -0.426631051408                    -0.206894428444
 112                    -0.321456196809                    -0.202753903958
 113                    -0.216281342209                    -0.198613379473
 114                    -0.111106487610                    -0.194472854988
 115                    -0.005931633010                    -0.190332330503
 116                     0.099243221590                    -0.186191806018
 117                     0.833253717670                    -0.183208452867
 118                     0.204418076190                    -0.182051281533
 119                     0.309592930789                    -0.177910757047
 120                     0.414767785389                    -0.173770232562
 121                     0.519942639988                    -0.169629708077
 122                     0.625117494588                    -0.165489183592
 123                     0.730292349187                    -0.161348659107
 124                    -0.934386976988                    -0.156314988361
 125                     0.934626038443                    -0.154879200071
 126                    -0.696034048155                    -0.128045670729
 127                    -0.587979132697                    -0.122021119249
 128                    -0.482804278097                    -0.117880594763
 129                    -0.377629423498                    -0.113740070278
 130                    -0.827927602423                    -0.110834053488
 131                    -0.272454568898                    -0.109599545793
 132                    -0.167279714299                    -0.105459021308
 133                    -0.062104859699                    -0.101318496823
 134                     0.043069994901                    -0.097177972338
 135                     0.148244849501                    -0.093037447852
 136                     0.253419704100                    -0.088896923367
 137                     0.358594558700                    -0.084756398882
 138                     0.463769413299                    -0.080615874397
 139                     0.794579080571                    -0.077819632383
 140                     0.568944267899                    -0.076475349912
 141                     0.674119122499                    -0.072334825427
 142                     0.897654250187                    -0.056329817241
 143                    -0.945960270338                    -0.051696859606
 144                    -0.749322120938                    -0.037275216934
 145                    -0.644152359386                    -0.033007285569
 146                    -0.538977504786                    -0.028866761083
 147                    -0.433802650187                    -0.024726236598
 148                    -0.328627795587                    -0.020585712113
 149                    -0.223452940988                    -0.016445187628
 150                    -0.118278086388                    -0.012304663143
 151                    -0.013103231788                    -0.008164138658
 152                    -0.850338889394                    -0.007703161314
 153                     0.092071622812                    -0.004023614172
 154                     0.197246477411                     0.000116910313
 155                     0.302421332011                     0.004257434798
 156                     0.407596186610                     0.008397959283
 157                     0.512771041210                     0.012538483768
 158                     0.617945895810                     0.016679008253
 159                     0.723120750410                     0.020819532739
 160                     0.828356591778                     0.022895989932
 161                     0.946655878098                     0.036824540924
 162                    -0.945820543907                     0.054126230916
 163                    -0.700897775562                     0.056216714567
 164                    -0.595150731475                     0.060147072596
 165                    -0.489975876876                     0.064287597082
 166                    -0.384801022276                     0.068428121567
 167                    -0.279626167677                     0.072568646052
 168                    -0.174451313077                     0.076709170537
 169                    -0.069276458477                     0.080849695022
 170                     0.035898396123                     0.084990219508
 171                     0.141073250722                     0.089130743993
 172                     0.246248105322                     0.093271268478
 173                     0.351422959922                     0.097411792963
 174                    -0.849402492453                     0.097548998491
 175                     0.456597814521                     0.101552317448
 176                     0.561772669121                     0.105692841933
 177                     0.666947523721                     0.109833366419
 178                     0.772122378320                     0.113973890904
 179                     0.877358219689                     0.116050348097
 180                    -0.756560893361                     0.147140645583
 181                    -0.651323958164                     0.149160906277
 182                    -0.546149103565                     0.153301430762
 183                    -0.440974248965                     0.157441955247
 184                    -0.933652703182                     0.160642547884
 185                    -0.335799394366                     0.161582479732
 186                    -0.230624539766                     0.165723004217
 187                    -0.125449685166                     0.169863528702
 188                    -0.020274830566                     0.174004053188
 189                     0.084900024033                     0.178144577673
 190                     0.190074878633                     0.182285102158
 191                     0.295249733233                     0.186425626643
 192                     0.400424587832                     0.190566151128
 193                     0.505599442432                     0.194706675614
 194                     0.610774297032                     0.198847200099
 195                     0.715949151631                     0.202987724584
 196                    -0.840811104092                     0.210234194976
 197                     0.923674310796                     0.210568672710
 198                     0.819204636440                     0.223413170476
 199                    -0.707559265452                     0.240295003748
 200                    -0.602322330254                     0.242315264442
 201                    -0.497147475654                     0.246455788927
 202                    -0.391972621055                     0.250596313412
 203                    -0.286797766455                     0.254736837897
 204                    -0.181622911855                     0.258877362382
 205                    -0.076448057255                     0.263017886868
 206                     0.028726797344                     0.267158411353
 207                     0.133901651944                     0.271298935838
 208                     0.239076506544                     0.275439460323
 209                     0.344251361143                     0.279579984809
 210                     0.449426215743                     0.283720509294
 211                     0.554601070343                     0.287861033779
 212                     0.659775924942                     0.292001558264
 213                    -0.898884158237                     0.298874513162
 214                    -0.791809476182                     0.303388553141
 215                     0.892063657023                     0.311106458708
 216                     0.763031409751                     0.312427004156
 217                    -0.553320702343                     0.335469622607
 218                    -0.670800243879                     0.338923946337
 219                    -0.448145847743                     0.339610147092
 220                    -0.342970993144                     0.343750671578
 221                    -0.237796138544                     0.347891196063
 222                    -0.132621283944                     0.352031720548
 223                    -0.027446429345                     0.356172245033
 224                     0.077728425255                     0.360312769518
 225                     0.182903279855                     0.364453294003
 226                     0.288078134454                     0.368593818488
 227                     0.393252989054                     0.372734342974
 228                     0.498427843654                     0.376874867459
 229                     0.603602698253                     0.381015391944
 230                    -0.860257395428                     0.396803988723
 231                    -0.755050454609                     0.402017495730
 232                     0.854288258094                     0.409365827006
 233                     0.748847149912                     0.416723220559
 234                    -0.609493929032                     0.424483456287
 235                    -0.504319074432                     0.428623980773
 236                    -0.399144219833                     0.432764505258
 237                    -0.293969365233                     0.436905029743
 238                    -0.188794510633                     0.441045554228
 239                    -0.083619656034                     0.445186078713
 240                     0.021555198566                     0.449326603198
 241                     0.126730053166                     0.453467127683
 242                     0.231904907765                     0.457607652169
 243                     0.337079762365                     0.461748176654
 244                     0.442254616965                     0.465888701139
 245                     0.658541989181                     0.470796059660
 246                     0.552095120782                     0.473139082881
 247                    -0.693744139763                     0.487577005680
 248                    -0.809563155988                     0.492057816539
 249                     0.798774406864                     0.509384771357
 250                    -0.560492301121                     0.517637814452
 251                    -0.455317446522                     0.521778338938
 252                    -0.350142591922                     0.525918863423
 253                    -0.244967737322                     0.530059387908
 254                    -0.139792882723                     0.534199912393
 255                    -0.034618028123                     0.538340436878
 256                     0.070556826476                     0.542480961363
 257                     0.175731681076                     0.546621485849
 258                     0.280906535676                     0.550762010334
 259                     0.386081390276                     0.554902534819
 260                     0.491256244875                     0.559043059304
 261                     0.633660978033                     0.573069366379
 262                    -0.749981612538                     0.578827244698
 263                    -0.644742511852                     0.580731363845
 264                     0.737337338911                     0.594850440865
 265                    -0.406315818611                     0.614932697103
 266                    -0.301140964011                     0.619073221588
 267                    -0.541042221145                     0.621337939335
 268                    -0.195966109412                     0.623213746073
 269                    -0.090791254812                     0.627354270558
 270                     0.014383599787                     0.631494795043
 271                     0.119558454387                     0.635635319529
 272                     0.224733308987                     0.639775844014
 273                     0.554891274042                     0.642885035939
 274                     0.329908163587                     0.643916368499
 275                     0.435083018186                     0.648056892984
 276                     0.666798588218                     0.672973284091
 277                    -0.653812915111                     0.685596142335
 278                    -0.462489045300                     0.703946530783
 279                    -0.357314190700                     0.708087055268
 280                    -0.252139336100                     0.712227579753
 281                    -0.146964481501                     0.716368104239
 282                    -0.041947290791                     0.723556574341
 283                     0.063385227698                     0.724649153209
 284                     0.168560082298                     0.728789677694
 285                    -0.562250280082                     0.737511244662
 286                     0.377601562420                     0.737747246629
 287                     0.482776417020                     0.741887771115
 288                     0.588028884226                     0.742788953651
 289                     0.272582800229                     0.744901962489
 290                    -0.308312562789                     0.801241413433
 291                    -0.102207816104                     0.811634755726
 292                    -0.487937491311                     0.812053202028
 293                     0.088209071953                     0.826936350548
 294                    -0.206307092202                     0.827198646595
 295                     0.193383926553                     0.831076875033
 296                     0.335795740199                     0.834345213541
 297                     0.440970594799                     0.838485738026
 298                    -0.394843312718                     0.861169063978
 299                    -0.010541676746                     0.863366881898
 300                    -0.284273070485                     0.903715784828
 301                     0.262811729000                     0.910188658164
 302                    -0.182267599898                     0.929673017990
 303                     0.160008801447                     0.933210637046
 304                    -0.078012220374                     0.944154379232
 305                     0.055489333042                     0.945742521378
