   1                     0.004756444264                    -0.950538468664
   2                     0.104833322511                    -0.944741823396
   3                    -0.158694191850                    -0.937209772487
   4                     0.211392088481                    -0.926746669322
   5                    -0.255214457181                    -0.915648177532
   6                     0.306539969979                    -0.899766220180
   7                    -0.072474658988                    -0.888761282907
   8                     0.045645327747                    -0.860487576403
   9                    -0.405209921798                    -0.859855175857
  10                     0.144335024610                    -0.854052693130
  11                     0.456630982487                    -0.833687081587
  12                    -0.309949166876                    -0.833276000529
  13                     0.239482906109                    -0.827072243988
  14                    -0.211245414178                    -0.827060439966
  15                     0.359304689054                    -0.816118456250
  16                    -0.492358496423                    -0.813098465853
  17                    -0.116116823076                    -0.800012054721
  18                    -0.018350575604                    -0.785084735979
  19                     0.540782283491                    -0.781729189704
  20                     0.078917987681                    -0.767199250632
  21                    -0.382500632474                    -0.763251913005
  22                     0.176457577413                    -0.750856288096
  23                    -0.276632072528                    -0.740157606998
  24                     0.273975195737                    -0.734382730311
  25                    -0.179101266339                    -0.723762307860
  26                    -0.527440747353                    -0.720630635451
  27                     0.371503819501                    -0.717974453856
  28                    -0.626187849966                    -0.715146684763
  29                     0.470246185515                    -0.712405868433
  30                    -0.081574824999                    -0.707341054088
  31                     0.015953798765                    -0.690932777633
  32                     0.565549991798                    -0.685981476338
  33                    -0.437134992417                    -0.680307755904
  34                     0.664263711247                    -0.679926265188
  35                     0.113484527756                    -0.674537019223
  36                    -0.339606368652                    -0.663899479449
  37                     0.211011045056                    -0.658116225745
  38                    -0.242077744888                    -0.647491202994
  39                    -0.697104666084                    -0.646212881871
  40                     0.308539668910                    -0.641707949216
  41                    -0.144549121124                    -0.631082926539
  42                     0.406070403114                    -0.625312221556
  43                    -0.597637912305                    -0.620457904809
  44                    -0.047020497359                    -0.614674650084
  45                     0.503596917586                    -0.608891395359
  46                     0.731314919240                    -0.607226887637
  47                    -0.500109288540                    -0.604049628354
  48                     0.050508126405                    -0.598266373629
  49                     0.602891429736                    -0.593760554988
  50                    -0.402580664776                    -0.587641351900
  51                     0.148036750170                    -0.581858097174
  52                    -0.305052041012                    -0.571233075445
  53                     0.245565373934                    -0.565449820720
  54                    -0.766961976050                    -0.561526871257
  55                    -0.207523417247                    -0.554824798990
  56                    -0.668554728423                    -0.551524101917
  57                     0.343093997746                    -0.549041544550
  58                    -0.109994793483                    -0.538416522535
  59                     0.440622621463                    -0.532633267810
  60                    -0.563083584665                    -0.527791500806
  61                    -0.012466169719                    -0.522008246080
  62                     0.538151245227                    -0.516224991355
  63                    -0.465554960900                    -0.511383224351
  64                     0.734208574794                    -0.508369967054
  65                     0.085062454046                    -0.505599969625
  66                     0.635679868991                    -0.499816714900
  67                    -0.368026337136                    -0.494974947896
  68                     0.182591077810                    -0.489191693170
  69                    -0.270497713372                    -0.478566671441
  70                    -0.821917245852                    -0.477491408449
  71                     0.280119701574                    -0.472783416716
  72                     0.825725038239                    -0.470875955425
  73                    -0.723365924420                    -0.469202799795
  74                    -0.172969089607                    -0.462158394986
  75                     0.377648325339                    -0.456375140261
  76                    -0.626057880788                    -0.451533373256
  77                    -0.075440465843                    -0.445750118531
  78                     0.475176949103                    -0.439966863806
  79                    -0.528529257024                    -0.435125096801
  80                     0.022088157921                    -0.429341842076
  81                     0.572705572867                    -0.423558587351
  82                    -0.431000633260                    -0.418716820347
  83                     0.119616781686                    -0.412933565622
  84                     0.670234196632                    -0.407150310896
  85                    -0.333472009495                    -0.402308543892
  86                     0.217145405450                    -0.396525289167
  87                     0.767762820396                    -0.390742034441
  88                    -0.235943385731                    -0.385900267437
  89                     0.870181298195                    -0.382531714298
  90                     0.314674029214                    -0.380117012712
  91                    -0.807879941156                    -0.379593410173
  92                    -0.689384916704                    -0.375162044187
  93                    -0.138414761967                    -0.369491990982
  94                     0.412202652979                    -0.363708736257
  95                    -0.591503553148                    -0.358866969252
  96                    -0.040886138202                    -0.353083714527
  97                     0.509731276743                    -0.347300459802
  98                    -0.493974929384                    -0.342458692798
  99                     0.056642485562                    -0.336675438072
 100                     0.607259900507                    -0.330892183347
 101                    -0.892200105988                    -0.327910010592
 102                    -0.396446305620                    -0.326050416343
 103                     0.154171109326                    -0.320267161618
 104                     0.704788524272                    -0.314483906892
 105                    -0.298917681855                    -0.309642139888
 106                     0.251699733090                    -0.303858885163
 107                     0.812219080352                    -0.302397793314
 108                    -0.752193889991                    -0.297861362021
 109                    -0.201389058091                    -0.293233863433
 110                     0.349228356855                    -0.287450608708
 111                    -0.654477849273                    -0.282608841704
 112                     0.908743416050                    -0.278582527909
 113                    -0.103860434327                    -0.276825586978
 114                     0.446756980619                    -0.271042332253
 115                    -0.556949225508                    -0.266200565249
 116                    -0.006331810562                    -0.260417310524
 117                     0.544285604383                    -0.254634055798
 118                    -0.459420601744                    -0.249792288794
 119                     0.091196813202                    -0.244009034069
 120                     0.641814228147                    -0.238225779343
 121                    -0.921441925785                    -0.233432606073
 122                    -0.361891977980                    -0.233384012339
 123                     0.188725436966                    -0.227600757614
 124                    -0.820572898213                    -0.225561468470
 125                     0.739342851912                    -0.221817502888
 126                    -0.264363354215                    -0.216975735884
 127                     0.286254060731                    -0.211192481159
 128                     0.837075711519                    -0.206673126291
 129                    -0.717639562350                    -0.205194958018
 130                    -0.166834730451                    -0.200567459430
 131                     0.383782684495                    -0.194784204704
 132                    -0.619923521633                    -0.189942437700
 133                    -0.069306106687                    -0.184159182975
 134                     0.932913819537                    -0.182257536166
 135                     0.481311308259                    -0.178375928249
 136                    -0.522394897868                    -0.173534161245
 137                     0.028222517078                    -0.167750906520
 138                     0.578839932024                    -0.161967651794
 139                    -0.424866274104                    -0.157125884791
 140                     0.125751140842                    -0.151342630065
 141                     0.676368555788                    -0.145559375339
 142                    -0.878289798301                    -0.144444079379
 143                    -0.327337650340                    -0.140717608336
 144                     0.223279764606                    -0.134934353610
 145                     0.774761682809                    -0.129069246909
 146                    -0.780613858475                    -0.128936830469
 147                    -0.229809026575                    -0.124309331881
 148                     0.320808388371                    -0.118526077155
 149                    -0.683085234711                    -0.112528554014
 150                    -0.132280402811                    -0.107901055426
 151                     0.418337012135                    -0.102117800700
 152                    -0.585369193993                    -0.097276033697
 153                     0.887615172939                    -0.094342255322
 154                    -0.034751779047                    -0.091492778971
 155                     0.515865635899                    -0.085709524245
 156                    -0.487840570228                    -0.080867757242
 157                     0.062776844718                    -0.075084502516
 158                    -0.947668487218                    -0.073962439830
 159                     0.613394259664                    -0.069301247790
 160                    -0.390311946464                    -0.064459480787
 161                     0.160305468482                    -0.058676226061
 162                     0.710922883428                    -0.052892971336
 163                    -0.851940252409                    -0.049119552520
 164                    -0.292783322700                    -0.048051204332
 165                     0.257834092246                    -0.042267949607
 166                    -0.746059530835                    -0.036270426466
 167                     0.808250420792                    -0.035331238500
 168                    -0.195254698935                    -0.031642927877
 169                     0.355362716011                    -0.025859673152
 170                    -0.648530907071                    -0.019862150011
 171                     0.950381571500                    -0.017912920631
 172                    -0.097726075171                    -0.015234651423
 173                     0.452891339775                    -0.009451396697
 174                    -0.550814866353                    -0.004609629693
 175                    -0.000197451407                     0.001173625032
 176                     0.550419963539                     0.006956879758
 177                    -0.453286242589                     0.011798646762
 178                     0.097331172357                     0.017581901487
 179                     0.647948587303                     0.023365156213
 180                    -0.950224081484                     0.024903797722
 181                    -0.355757618824                     0.028206923216
 182                     0.194859796122                     0.033990177942
 183                    -0.809033826959                     0.039987701083
 184                     0.745276124668                     0.040926889048
 185                    -0.258228995060                     0.044615199671
 186                     0.292388419886                     0.050398454397
 187                     0.850757020988                     0.054641545745
 188                    -0.711505203195                     0.056395977538
 189                    -0.160700371296                     0.061023476126
 190                     0.389917043650                     0.066806730852
 191                    -0.613976579431                     0.072804253993
 192                    -0.063171747531                     0.077431752581
 193                     0.947098749417                     0.080931841844
 194                     0.487445667415                     0.083215007307
 195                    -0.516260538713                     0.088056774310
 196                     0.034356876233                     0.093840029036
 197                     0.584974291179                     0.099623283762
 198                    -0.886942992505                     0.100907532941
 199                    -0.418731914949                     0.104465050765
 200                     0.131885499997                     0.110248305491
 201                     0.682301828543                     0.117185016597
 202                    -0.321203291184                     0.120873327220
 203                     0.229414123762                     0.126656581946
 204                     0.779830452308                     0.133593293052
 205                    -0.779368336556                     0.134427692627
 206                    -0.223674667420                     0.137281603675
 207                     0.326942747526                     0.143064858401
 208                    -0.676950875555                     0.149062381541
 209                     0.877203448518                     0.150901198721
 210                    -0.126146043656                     0.153689880130
 211                     0.424471371290                     0.159473134856
 212                    -0.579422251791                     0.165470657996
 213                    -0.028617419891                     0.170098156585
 214                     0.521999995055                     0.175881411310
 215                    -0.481706211073                     0.180723178314
 216                     0.068911203873                     0.186506433039
 217                    -0.931533932082                     0.189183872337
 218                     0.619327532419                     0.193443144146
 219                    -0.384177587309                     0.197131454769
 220                     0.166439827637                     0.202914709494
 221                     0.716856156183                     0.209851420600
 222                    -0.286648963544                     0.213539731224
 223                     0.263968451402                     0.219322985949
 224                    -0.838809138098                     0.223581206104
 225                    -0.739925171679                     0.225320509090
 226                    -0.189120339780                     0.229948007678
 227                     0.821112458715                     0.232355878466
 228                     0.361497075166                     0.235731262404
 229                     0.919699775533                     0.240204760686
 230                    -0.642396547915                     0.241728785545
 231                    -0.091591716016                     0.246356284133
 232                     0.459025698930                     0.252139538859
 233                    -0.544867924151                     0.258137062000
 234                     0.005936907749                     0.262764560588
 235                     0.556353236295                     0.269701271694
 236                    -0.447151883433                     0.273389582317
 237                     0.103465531513                     0.279172837043
 238                     0.653881860059                     0.286109548149
 239                    -0.349623259669                     0.289797858772
 240                     0.200994155277                     0.295581113498
 241                    -0.902111748136                     0.299567017622
 242                     0.751410483823                     0.302517824604
 243                    -0.252094635904                     0.306206135227
 244                     0.298522779041                     0.311989389953
 245                    -0.804654800016                     0.316395780282
 246                    -0.705857626251                     0.321074251241
 247                    -0.154566012140                     0.322614411682
 248                     0.396051402806                     0.328397666408
 249                    -0.607842220275                     0.334395189548
 250                     0.889763735903                     0.334464495042
 251                    -0.057037388376                     0.339022688137
 252                     0.493378940170                     0.345959399243
 253                    -0.510313596511                     0.350803466003
 254                     0.040491235389                     0.355430964592
 255                     0.590907563935                     0.362367675698
 256                    -0.412597555793                     0.366055986321
 257                     0.138019859153                     0.371839241047
 258                    -0.315068932029                     0.382464262776
 259                     0.805096479552                     0.385577308422
 260                     0.697738360540                     0.386575375301
 261                     0.235548482917                     0.388247517502
 262                    -0.864496312224                     0.395170663865
 263                    -0.217540308265                     0.398872539231
 264                     0.333077106681                     0.404655793956
 265                    -0.762148672787                     0.405694678022
 266                    -0.120011684500                     0.415280815686
 267                    -0.663782890252                     0.415953177705
 268                     0.430404644046                     0.422217526791
 269                    -0.022483060736                     0.431689092140
 270                     0.527933267810                     0.438625803246
 271                    -0.475759268871                     0.443469870007
 272                     0.075045563028                     0.448097368595
 273                     0.625461891574                     0.455034079701
 274                    -0.573746093042                     0.456873088968
 275                    -0.378043228153                     0.458722390324
 276                     0.172574186793                     0.464505645050
 277                    -0.280514604389                     0.475130666779
 278                     0.270102810557                     0.480913921505
 279                     0.818346892281                     0.483584912985
 280                     0.719471272507                     0.485747273711
 281                    -0.814919458861                     0.489338614603
 282                    -0.182985980625                     0.491538943234
 283                     0.367430347922                     0.498475654340
 284                    -0.716553676326                     0.499597114286
 285                    -0.085457356860                     0.507947219689
 286                     0.464958971686                     0.514883930795
 287                     0.012071266904                     0.524355496144
 288                     0.561902614667                     0.534517748611
 289                    -0.441204941231                     0.536136274010
 290                     0.109599890668                     0.540763772599
 291                    -0.539191765402                     0.549539492971
 292                    -0.343488900513                     0.551388794328
 293                     0.207128514433                     0.557172049054
 294                    -0.637619728112                     0.559183151316
 295                     0.656826461735                     0.562276298747
 296                    -0.245960276749                     0.567797070783
 297                     0.304456051797                     0.574733781889
 298                     0.754424946929                     0.578263783773
 299                    -0.148431652985                     0.584205347238
 300                    -0.740910663846                     0.595478681332
 301                    -0.050903029220                     0.600613623693
 302                     0.491132668586                     0.610256891220
 303                     0.046625594544                     0.617021900147
 304                     0.392662753641                     0.619462315728
 305                    -0.406650613591                     0.628802678014
 306                     0.587440038346                     0.632750324025
 307                     0.144154218308                     0.633430176602
 308                    -0.580054093645                     0.639602438294
 309                    -0.308934572874                     0.644055198332
 310                     0.241481755673                     0.650991909437
 311                     0.684380613465                     0.658600385401
 312                    -0.211405949109                     0.660463474786
 313                    -0.675020917253                     0.669239528103
 314                    -0.113877325345                     0.676871751241
 315                    -0.016348701580                     0.693280027696
 316                     0.329688457517                     0.695720443276
 317                    -0.500306721276                     0.698095348889
 318                     0.513628426063                     0.706563718003
 319                     0.081179922184                     0.709688304151
 320                     0.178507459548                     0.727250036986
 321                    -0.405942194073                     0.727699402587
 322                     0.609935795823                     0.729057150809
 323                    -0.601305288568                     0.736191519995
 324                    -0.274380245234                     0.736721602335
 325                     0.419542213445                     0.737040735326
 326                    -0.176851621469                     0.753129878790
 327                    -0.079322997705                     0.769538155245
 328                     0.018205626059                     0.785946431700
 329                     0.338830912874                     0.794196224561
 330                    -0.521557916199                     0.794684430590
 331                     0.505003265248                     0.805092069260
 332                    -0.345204420254                     0.805750583367
 333                     0.145477119324                     0.820470531590
 334                     0.244333748494                     0.823374125681
 335                    -0.239262326536                     0.829849940590
 336                    -0.436164576354                     0.844574725235
 337                     0.418652190293                     0.853320901172
 338                    -0.144209987096                     0.857165078456
 339                    -0.045452388356                     0.862456645396
 340                     0.062543200830                     0.874350297300
 341                     0.327306380878                     0.892421726096
 342                    -0.310564531734                     0.898385037610
 343                     0.232809216499                     0.921599627216
 344                    -0.215391760116                     0.925825250167
 345                     0.135791846359                     0.940801030311
 346                    -0.099413819123                     0.945337451252
 347                    -0.000501491332                     0.950550236799
