   1                    -0.038841766529                    -0.952149950691
   2                     0.055270984000                    -0.951337652864
   3                    -0.190305250543                    -0.933746284086
   4                     0.214024850678                    -0.928596561872
   5                    -0.281485015443                    -0.910419901754
   6                     0.304580945302                    -0.902955513405
   7                     0.127660927430                    -0.891191449907
   8                    -0.107925361026                    -0.888233390934
   9                    -0.372390661473                    -0.876786536656
  10                     0.039377816013                    -0.858573021396
  11                     0.444902191263                    -0.842710063805
  12                    -0.206896296115                    -0.841103924192
  13                     0.203236666248                    -0.835100654386
  14                    -0.465750881850                    -0.831368947871
  15                     0.353032540295                    -0.822269005347
  16                    -0.045463387256                    -0.817831889013
  17                    -0.298076061015                    -0.817777541860
  18                     0.117350207384                    -0.796611879091
  19                     0.525860124925                    -0.794713369991
  20                    -0.132883457686                    -0.782966420053
  21                    -0.385324986428                    -0.782485975525
  22                    -0.553910856864                    -0.775423093593
  23                     0.273301290108                    -0.772261032146
  24                     0.029995232672                    -0.761583632875
  25                     0.434669103249                    -0.749151774222
  26                    -0.220238432398                    -0.747938173836
  27                    -0.467871830003                    -0.737276593140
  28                     0.605801135613                    -0.735595810509
  29                     0.187414831244                    -0.733772256851
  30                    -0.311340935489                    -0.724311841696
  31                    -0.061307956609                    -0.721853268558
  32                     0.347314128537                    -0.714123528007
  33                     0.515627036912                    -0.701155080408
  34                     0.100059856532                    -0.698744010635
  35                    -0.148662931321                    -0.686825022342
  36                    -0.661301263660                    -0.686133259731
  37                    -0.567264781375                    -0.682259032174
  38                    -0.393887779066                    -0.679102459312
  39                     0.261427669673                    -0.675634752711
  40                     0.680451833187                    -0.667145796765
  41                     0.012704881820                    -0.663715764419
  42                     0.421326966966                    -0.655986023867
  43                    -0.237124939306                    -0.654671461165
  44                    -0.481242753778                    -0.644074213096
  45                     0.589521115952                    -0.642866704872
  46                     0.174072694961                    -0.640606506495
  47                    -0.074650092892                    -0.628687518202
  48                    -0.725758516617                    -0.617553873753
  49                     0.335440508102                    -0.617497248572
  50                    -0.323372880745                    -0.616768529909
  51                     0.502177862505                    -0.607809241798
  52                     0.086717720249                    -0.605578260279
  53                    -0.614766472152                    -0.601009669019
  54                    -0.162005067604                    -0.593659271986
  55                     0.749292659401                    -0.588777311041
  56                     0.248085533390                    -0.582469002355
  57                    -0.410727855458                    -0.581740283693
  58                     0.656012784930                    -0.576257939709
  59                    -0.000637254463                    -0.570550014062
  60                     0.410130330976                    -0.560232075915
  61                    -0.249360042316                    -0.558631025769
  62                    -0.499708580728                    -0.550469358407
  63                     0.160730558678                    -0.547440756139
  64                    -0.783136497475                    -0.542950677088
  65                     0.568669531483                    -0.541200476635
  66                    -0.087992229175                    -0.535521767846
  67                    -0.681402524472                    -0.534545346475
  68                     0.322098371819                    -0.524331498216
  69                    -0.336715017029                    -0.523602779553
  70                     0.073375583966                    -0.512412509923
  71                    -0.585547454037                    -0.511543929094
  72                     0.483466184960                    -0.501222240292
  73                    -0.175347203887                    -0.500493521629
  74                     0.735958471524                    -0.495610422752
  75                     0.234743397107                    -0.489303251999
  76                    -0.424069991741                    -0.488574533337
  77                     0.642682369912                    -0.483062972496
  78                    -0.013979390746                    -0.477384263707
  79                     0.827302592468                    -0.472936181662
  80                     0.396111210248                    -0.466193994075
  81                    -0.262702178600                    -0.465465275413
  82                    -0.738780505331                    -0.459942149811
  83                    -0.835014386112                    -0.458898483237
  84                     0.147388422395                    -0.454275005783
  85                    -0.511424966453                    -0.453546287121
  86                     0.557479023389                    -0.443084736152
  87                    -0.101334365458                    -0.442356017490
  88                     0.308756235536                    -0.431165747859
  89                    -0.350057153312                    -0.430437029197
  90                     0.060033447683                    -0.419246759567
  91                    -0.602602554108                    -0.418985875951
  92                     0.470124048677                    -0.408056489936
  93                    -0.188689340170                    -0.407327771274
  94                     0.758751324501                    -0.404295826475
  95                     0.221401260824                    -0.396137501643
  96                    -0.437412128024                    -0.395408782981
  97                     0.869919745653                    -0.389021654348
  98                     0.634283338072                    -0.388624081635
  99                    -0.027321527029                    -0.384218513350
 100                    -0.688451379383                    -0.380413232295
 101                    -0.782490005262                    -0.376591389433
 102                    -0.876565073084                    -0.373807282002
 103                     0.382769073965                    -0.373028243719
 104                    -0.276044314883                    -0.372299525058
 105                     0.134046286112                    -0.361109255427
 106                    -0.524767102736                    -0.360380536766
 107                     0.544136887107                    -0.349918985796
 108                    -0.114676501741                    -0.349190267134
 109                     0.295414099253                    -0.337999997503
 110                    -0.363399289595                    -0.337271278842
 111                     0.705570667707                    -0.326644764776
 112                     0.046691311400                    -0.326081009211
 113                    -0.612122077448                    -0.325352290549
 114                     0.804049903635                    -0.321797896996
 115                     0.456781912395                    -0.314890739580
 116                    -0.202031476454                    -0.314162020918
 117                     0.208059124541                    -0.302971751287
 118                    -0.450754264307                    -0.302243032626
 119                     0.904051433712                    -0.301312490002
 120                     0.618149725536                    -0.291781481657
 121                    -0.720787367682                    -0.291639736868
 122                    -0.040663663312                    -0.291052762994
 123                    -0.815088485542                    -0.288300910199
 124                    -0.909163553364                    -0.285516802768
 125                     0.369426937683                    -0.279862493364
 126                    -0.289386451166                    -0.279133774702
 127                     0.120704149829                    -0.267943505071
 128                    -0.538109239019                    -0.267214786409
 129                     0.530794750824                    -0.256753235440
 130                    -0.128018638024                    -0.256024516778
 131                     0.282071962971                    -0.244834247148
 132                    -0.376741425878                    -0.244105528486
 133                     0.838181591695                    -0.234088732651
 134                     0.695962235573                    -0.233020261190
 135                     0.033349175117                    -0.232915258855
 136                    -0.625464213731                    -0.232186540193
 137                     0.443439776112                    -0.221724989224
 138                    -0.215373612736                    -0.220996270562
 139                     0.194716988258                    -0.209806000931
 140                    -0.464096400590                    -0.209077282270
 141                     0.929889243261                    -0.206350720491
 142                     0.604807589253                    -0.198615731301
 143                    -0.054005799595                    -0.197887012639
 144                    -0.712819188443                    -0.197158293977
 145                    -0.806899062483                    -0.194541628045
 146                    -0.932893772331                    -0.194441304704
 147                     0.356084801400                    -0.186696743008
 148                    -0.302728587449                    -0.185968024346
 149                     0.107362013546                    -0.174777754715
 150                    -0.551451375302                    -0.174049036053
 151                     0.767535084014                    -0.171904003074
 152                     0.517452614541                    -0.163587485085
 153                    -0.141360774307                    -0.162858766423
 154                     0.268729826688                    -0.151668496792
 155                    -0.390083562161                    -0.150939778130
 156                     0.856711893395                    -0.141814697523
 157                     0.678820427682                    -0.140478227161
 158                     0.020007038834                    -0.139749508499
 159                    -0.638806350014                    -0.139020789837
 160                     0.430097639829                    -0.128559238868
 161                    -0.228715749019                    -0.127830520207
 162                    -0.869840741351                    -0.124568671118
 163                     0.181374851976                    -0.116640250576
 164                    -0.477438536873                    -0.115911531914
 165                     0.946242739527                    -0.112795785917
 166                     0.591465452970                    -0.105449980945
 167                    -0.752438824976                    -0.105207599574
 168                    -0.067347935878                    -0.104721262283
 169                     0.342742665117                    -0.093530992652
 170                    -0.316070723732                    -0.092802273990
 171                     0.094019877263                    -0.081612004360
 172                    -0.564793511585                    -0.080883285698
 173                     0.773273431183                    -0.077420245463
 174                    -0.949970012654                    -0.075200973982
 175                     0.504110478258                    -0.070421734729
 176                    -0.154702910590                    -0.069693016067
 177                     0.255387690405                    -0.058502746436
 178                    -0.403425698444                    -0.057774027774
 179                     0.863223482236                    -0.047923969276
 180                     0.665478291400                    -0.047312476805
 181                     0.006664902551                    -0.046583758143
 182                    -0.652148486297                    -0.045855039482
 183                    -0.829067577092                    -0.039742857145
 184                     0.416755503546                    -0.035393488512
 185                    -0.242057885302                    -0.034664769851
 186                     0.168032715693                    -0.023474500220
 187                    -0.490780673156                    -0.022745781558
 188                     0.952754328368                    -0.018905057670
 189                     0.578123316687                    -0.012284230589
 190                    -0.080690072161                    -0.011555511927
 191                    -0.739503461009                    -0.010826793265
 192                     0.329400528834                    -0.000365242296
 193                    -0.329412860014                     0.000363476365
 194                     0.739491129829                     0.010825027334
 195                     0.080677740980                     0.011553745996
 196                    -0.578135647868                     0.012282464658
 197                    -0.952754942747                     0.018874069490
 198                     0.490768341975                     0.022744015627
 199                    -0.168045046873                     0.023472734289
 200                     0.242045554122                     0.034663003920
 201                    -0.416767834726                     0.035391722581
 202                     0.829046675406                     0.039767623906
 203                     0.652136155117                     0.045853273551
 204                    -0.006677233732                     0.046581992212
 205                    -0.665490622580                     0.047310710874
 206                    -0.863242434037                     0.047949495958
 207                     0.403413367263                     0.057772261843
 208                    -0.255400021585                     0.058500980505
 209                     0.154690579410                     0.069691250136
 210                    -0.504122809439                     0.070419968798
 211                     0.949972458050                     0.075170076332
 212                    -0.773256472187                     0.077713651183
 213                     0.564781180405                     0.080881519767
 214                    -0.094032208444                     0.081610238428
 215                     0.316058392551                     0.092800508059
 216                    -0.342754996297                     0.093529226721
 217                     0.067335604697                     0.104719496352
 218                    -0.591477784151                     0.105448215014
 219                     0.759130387623                     0.109439143602
 220                    -0.946246407690                     0.112765009475
 221                     0.477426205692                     0.115909765983
 222                    -0.181387183156                     0.116638484645
 223                     0.869864312641                     0.124572046729
 224                     0.228703417839                     0.127828754276
 225                    -0.430109971009                     0.128557472937
 226                     0.638794018834                     0.139019023906
 227                    -0.020019370015                     0.139747742568
 228                    -0.678832758863                     0.140476461230
 229                    -0.856733898980                     0.141840435943
 230                     0.390071230980                     0.150938012199
 231                    -0.268742157868                     0.151666730861
 232                     0.141348443127                     0.162857000492
 233                    -0.517464945722                     0.163585719154
 234                    -0.767547619565                     0.171901660203
 235                     0.551439044122                     0.174047270122
 236                    -0.107374344727                     0.174775988784
 237                     0.302716256268                     0.185966258415
 238                    -0.356097132580                     0.186694977077
 239                     0.932887447668                     0.194471646810
 240                     0.806885951970                     0.194511990445
 241                     0.712806857263                     0.197156528046
 242                     0.053993468415                     0.197885246708
 243                    -0.604819920434                     0.198613965370
 244                    -0.928586338725                     0.206757546204
 245                     0.464084069410                     0.209075516339
 246                    -0.194729319439                     0.209804235000
 247                     0.215361281556                     0.220994504631
 248                    -0.443452107292                     0.221723223293
 249                     0.625451882551                     0.232184774262
 250                    -0.033361506297                     0.232913492924
 251                    -0.695975168584                     0.233018383778
 252                    -0.838174543150                     0.234108631716
 253                     0.376729094697                     0.244103762555
 254                    -0.282084294151                     0.244832481216
 255                     0.128006306844                     0.256022750847
 256                    -0.530807082004                     0.256751469509
 257                     0.538096907838                     0.267213020478
 258                    -0.120716481010                     0.267941739140
 259                     0.289374119985                     0.279132008771
 260                    -0.369439268863                     0.279860727433
 261                     0.909154266499                     0.285546373005
 262                     0.815077459821                     0.288271090479
 263                     0.040651332132                     0.291050997063
 264                     0.719716351354                     0.291418583629
 265                    -0.618162056717                     0.291779715726
 266                    -0.904045003105                     0.301331783570
 267                     0.450741933127                     0.302241266695
 268                    -0.208071455722                     0.302969985356
 269                     0.202019145273                     0.314160254987
 270                    -0.456794243575                     0.314888973649
 271                    -0.804040983271                     0.321817067626
 272                     0.612109746268                     0.325350524618
 273                    -0.046703642580                     0.326079243279
 274                    -0.705583019561                     0.326642947005
 275                     0.363386958414                     0.337269512911
 276                    -0.295426430434                     0.337998231572
 277                     0.114664170561                     0.349188501203
 278                    -0.544149218287                     0.349917219865
 279                     0.524754771556                     0.360378770834
 280                    -0.134058617293                     0.361107489496
 281                     0.276031983702                     0.372297759127
 282                    -0.382781405146                     0.373026477788
 283                     0.876552914603                     0.373835791932
 284                     0.782476107926                     0.376560509406
 285                     0.688438690123                     0.380411962756
 286                     0.027309195849                     0.384216747419
 287                    -0.634116835138                     0.388184434821
 288                    -0.869911443226                     0.389040219481
 289                     0.437399796844                     0.395407017050
 290                    -0.221413592004                     0.396135735712
 291                    -0.758737196347                     0.404312137359
 292                     0.188677008990                     0.407326005343
 293                    -0.470136379858                     0.408054724005
 294                     0.602589613998                     0.418984048110
 295                    -0.060045778863                     0.419244993636
 296                     0.350044822131                     0.430435263266
 297                    -0.308768566717                     0.431163981928
 298                     0.101322034278                     0.442354251559
 299                    -0.557491354570                     0.443082970221
 300                     0.511412635273                     0.453544521190
 301                    -0.147400753576                     0.454273239852
 302                     0.835113299102                     0.458901814978
 303                     0.738792855467                     0.459925028805
 304                     0.262689847419                     0.465463509482
 305                    -0.396123541428                     0.466192228144
 306                    -0.827292499205                     0.472953837270
 307                     0.013967059566                     0.477382497775
 308                    -0.642666755942                     0.483120710429
 309                     0.424057660561                     0.488572767406
 310                    -0.234755728288                     0.489301486068
 311                    -0.735948288905                     0.495627718382
 312                     0.175334872707                     0.500491755698
 313                    -0.483478516140                     0.501220474361
 314                     0.585535088464                     0.511542207117
 315                    -0.073387915146                     0.512410743992
 316                     0.336702685848                     0.523601013622
 317                    -0.322110703000                     0.524329732285
 318                     0.681416466751                     0.534529449972
 319                     0.087979897995                     0.535520001915
 320                    -0.568653917512                     0.541258214568
 321                     0.783148084572                     0.542933963811
 322                    -0.160742889859                     0.547438990208
 323                     0.498803590565                     0.548583665824
 324                     0.249347711136                     0.558629259838
 325                    -0.410798064290                     0.561056526995
 326                     0.000624923283                     0.570548248131
 327                    -0.655991542324                     0.576329697744
 328                     0.410715524277                     0.581738517762
 329                    -0.248097864570                     0.582467236424
 330                    -0.749278636747                     0.588795156182
 331                     0.161992736424                     0.593657506055
 332                     0.614784610284                     0.600997978944
 333                    -0.086730051429                     0.605576494348
 334                    -0.502113406386                     0.607818187668
 335                     0.323360549565                     0.616766763978
 336                    -0.335452839283                     0.617495482640
 337                     0.725771695857                     0.617538384979
 338                     0.074637761712                     0.628685752271
 339                    -0.174085026142                     0.640604740564
 340                    -0.589451031198                     0.642889670844
 341                     0.481273944971                     0.644023178065
 342                     0.236572580587                     0.653243575134
 343                    -0.421303589517                     0.656063841746
 344                    -0.012717213000                     0.663713998487
 345                    -0.680363914341                     0.667235457310
 346                    -0.261440000853                     0.675632986780
 347                     0.393918970259                     0.679051424281
 348                     0.567279408935                     0.682245289575
 349                     0.661315906488                     0.686119146544
 350                     0.148650600141                     0.686823256411
 351                    -0.100072187712                     0.698742244704
 352                    -0.515613883358                     0.701250147529
 353                    -0.347290751088                     0.714201345886
 354                     0.061295625429                     0.721851502627
 355                     0.311405311675                     0.724321345720
 356                    -0.603684698277                     0.737088407238
 357                     0.467912358499                     0.737213681257
 358                    -0.184957340905                     0.739391726956
 359                     0.220282710694                     0.747870044841
 360                    -0.434645725800                     0.749229592102
 361                    -0.026059349283                     0.756879748844
 362                    -0.273169748080                     0.772200885134
 363                     0.553929324343                     0.775409901319
 364                     0.385398699916                     0.782483602697
 365                     0.132927735982                     0.782898291057
 366                    -0.525690798681                     0.794825386868
 367                    -0.110944502476                     0.797529231096
 368                     0.298115367538                     0.817689987473
 369                     0.045572761270                     0.817926537274
 370                    -0.352880151411                     0.822242080571
 371                     0.465860431201                     0.831307566470
 372                    -0.203173030295                     0.835116138764
 373                     0.206940574411                     0.841035795197
 374                    -0.444722641123                     0.842804831442
 375                    -0.039312391923                     0.858576019526
 376                     0.372232578676                     0.875790226593
 377                     0.108064068189                     0.888302003165
 378                    -0.127593017532                     0.891201175188
 379                    -0.304512138458                     0.902978720104
 380                     0.281678974732                     0.910359910488
 381                    -0.213954090229                     0.928612868047
 382                     0.190504181605                     0.933705718211
 383                    -0.055198491122                     0.951341861797
 384                     0.038914321032                     0.952146988152
