   1                     0.054737270841                    -0.947317799312
   2                    -0.077380133913                    -0.945737541069
   3                     0.158133155764                    -0.935307940935
   4                    -0.179645475421                    -0.931720637762
   5                     0.259352116345                    -0.912767035700
   6                    -0.285639183019                    -0.904885318058
   7                    -0.381304605389                    -0.868915404180
   8                    -0.010388743734                    -0.868550357008
   9                     0.383625407948                    -0.867893269987
  10                     0.092070869881                    -0.852176272499
  11                    -0.110730501068                    -0.849127703308
  12                     0.192848483195                    -0.835159210582
  13                    -0.211836196513                    -0.834182935324
  14                     0.475653319823                    -0.820923064296
  15                     0.295003715084                    -0.816982531479
  16                    -0.502176656461                    -0.805124703024
  17                    -0.307233425947                    -0.797376252116
  18                     0.026944855306                    -0.773408830195
  19                    -0.406268593909                    -0.769806842397
  20                     0.383404554390                    -0.765689263386
  21                     0.566923620125                    -0.760923643119
  22                     0.127722468620                    -0.756391768278
  23                    -0.125365196887                    -0.747976660704
  24                    -0.585856582824                    -0.746444402534
  25                     0.228500081934                    -0.739374706361
  26                    -0.226470892332                    -0.733031892720
  27                     0.473997301845                    -0.718374764021
  28                     0.645474063376                    -0.695536063207
  29                    -0.038181159269                    -0.694641387890
  30                    -0.504447156847                    -0.684652711315
  31                    -0.662739932296                    -0.679104530873
  32                     0.062596454045                    -0.677624325974
  33                    -0.403669543533                    -0.667635649398
  34                     0.364014599762                    -0.665341182184
  35                    -0.301541974740                    -0.663677438445
  36                     0.163374067360                    -0.660607264057
  37                     0.551662050851                    -0.651864713294
  38                     0.264151680674                    -0.643590202140
  39                    -0.204084787158                    -0.632891007503
  40                     0.454607347216                    -0.618026682818
  41                    -0.103307173843                    -0.615873945586
  42                    -0.583675712924                    -0.613918976817
  43                    -0.002529560529                    -0.598856883669
  44                     0.738698522925                    -0.595593547599
  45                     0.636511349643                    -0.593725565202
  46                    -0.715437098554                    -0.591533323219
  47                    -0.470766028361                    -0.588157689032
  48                     0.098248052785                    -0.581839821752
  49                    -0.369988415047                    -0.571140627115
  50                     0.199025666099                    -0.564822759835
  51                    -0.269210801732                    -0.554123565198
  52                     0.299803279413                    -0.547805697919
  53                    -0.168433188418                    -0.537106503281
  54                     0.400580892727                    -0.530788636002
  55                     0.502743392229                    -0.527867773596
  56                    -0.636669656250                    -0.526407308644
  57                    -0.791545616247                    -0.523318945877
  58                    -0.067655575104                    -0.520089441365
  59                     0.798470984431                    -0.512690226876
  60                    -0.535892042936                    -0.509390246727
  61                     0.033122038210                    -0.503072379448
  62                     0.600508202169                    -0.498072645154
  63                    -0.435114429621                    -0.492373184811
  64                     0.133899651524                    -0.486055317531
  65                     0.701285815483                    -0.481055583237
  66                    -0.334336816307                    -0.475356122894
  67                     0.234677264838                    -0.469038255614
  68                    -0.233559202993                    -0.458339060977
  69                    -0.714874437092                    -0.455351224368
  70                     0.335454878153                    -0.452021193697
  71                    -0.132781589679                    -0.441321999060
  72                    -0.843238252962                    -0.435151043265
  73                     0.436232491467                    -0.435004131781
  74                    -0.601018057510                    -0.430622804423
  75                    -0.032003976365                    -0.424304937143
  76                     0.848980309534                    -0.423839138986
  77                     0.537010104781                    -0.417987069864
  78                    -0.500240444196                    -0.413605742506
  79                     0.068773636949                    -0.407287875227
  80                     0.637787718095                    -0.400970007947
  81                    -0.399462830882                    -0.396588680589
  82                     0.169551250264                    -0.390270813310
  83                     0.743845992539                    -0.387296345895
  84                    -0.298685217568                    -0.379571618673
  85                     0.270328863578                    -0.373253751393
  86                    -0.767249263458                    -0.366803539904
  87                    -0.197907604254                    -0.362554556756
  88                     0.371106476892                    -0.356236689476
  89                    -0.666144072085                    -0.351855362118
  90                    -0.097129990940                    -0.345537494839
  91                    -0.885148404013                    -0.341934912791
  92                     0.471884090206                    -0.339219627559
  93                    -0.565366458771                    -0.334838300202
  94                     0.003647622375                    -0.328520432922
  95                     0.870001434370                    -0.323820040548
  96                     0.572661703520                    -0.322202565642
  97                    -0.464588845457                    -0.317821238285
  98                     0.104425235689                    -0.311503371005
  99                     0.673439316834                    -0.305185503726
 100                    -0.363811232143                    -0.300804176368
 101                     0.205202849003                    -0.294486309089
 102                     0.774216930149                    -0.288168441809
 103                    -0.263033618829                    -0.283787114451
 104                     0.305980462317                    -0.277469247172
 105                    -0.731597664718                    -0.271019035682
 106                    -0.162256005514                    -0.266770052535
 107                     0.406758075631                    -0.260452185255
 108                    -0.630492473346                    -0.256070857897
 109                    -0.832437097162                    -0.254372215987
 110                    -0.061478392200                    -0.249752990618
 111                     0.507535688945                    -0.243435123338
 112                    -0.529714860032                    -0.239053795980
 113                     0.919491741709                    -0.234397352035
 114                     0.039299221114                    -0.232735928701
 115                     0.608313302260                    -0.226418061421
 116                    -0.428937246718                    -0.222036734064
 117                     0.140076834428                    -0.215718866784
 118                    -0.925088931674                    -0.211228904764
 119                     0.709090915574                    -0.209400999505
 120                    -0.328159633403                    -0.205019672147
 121                     0.240854447742                    -0.198701804867
 122                     0.818549153684                    -0.195933144659
 123                    -0.227382020089                    -0.188002610230
 124                     0.341632061056                    -0.181684742950
 125                    -0.708518597888                    -0.171454662457
 126                    -0.126604406775                    -0.170985548313
 127                     0.442409674371                    -0.164667681034
 128                    -0.594840874607                    -0.160286353676
 129                    -0.025826793461                    -0.153968486396
 130                    -0.841312340363                    -0.152196143619
 131                     0.543187287685                    -0.147650619117
 132                    -0.494063261292                    -0.143269291759
 133                     0.074950819853                    -0.136951424480
 134                     0.939368106519                    -0.134144482432
 135                     0.643964900999                    -0.130633557200
 136                    -0.393285647978                    -0.126252229842
 137                     0.175728433167                    -0.119934362563
 138                     0.744742514313                    -0.113616495283
 139                    -0.942441015343                    -0.110508435474
 140                    -0.292508034664                    -0.109235167926
 141                     0.276506046482                    -0.102917300646
 142                     0.845150219192                    -0.094537697039
 143                    -0.191730421350                    -0.092218106009
 144                     0.377283659796                    -0.085900238729
 145                    -0.762530481145                    -0.084688170027
 146                    -0.659966889181                    -0.081518911371
 147                    -0.090952808036                    -0.075201044092
 148                     0.478061273110                    -0.068883176812
 149                    -0.559189275867                    -0.064501849455
 150                     0.009824805278                    -0.058183982175
 151                     0.578838886424                    -0.051866114896
 152                    -0.859129446002                    -0.051306322713
 153                    -0.458411662553                    -0.047484787538
 154                     0.110602418593                    -0.041166920258
 155                     0.679616499738                    -0.034849052979
 156                     0.948346774263                    -0.032335390171
 157                    -0.357634049239                    -0.030467725621
 158                     0.211380031907                    -0.024149858342
 159                     0.780024204618                    -0.015770254734
 160                    -0.256856435925                    -0.013450663704
 161                     0.312157645221                    -0.007132796425
 162                    -0.948892928844                    -0.002434085631
 163                    -0.156078822611                     0.003566398212
 164                     0.412935258535                     0.009884265492
 165                    -0.624315290442                     0.014265592850
 166                    -0.758209665836                     0.017424700350
 167                    -0.055301209296                     0.020583460129
 168                     0.513712871849                     0.026901327409
 169                    -0.523537677128                     0.031282654766
 170                     0.869806578477                     0.033064498113
 171                     0.045476404018                     0.037600522046
 172                     0.614490485164                     0.043918389326
 173                    -0.422760063814                     0.048299716683
 174                    -0.854808630693                     0.050806547664
 175                     0.146254017332                     0.054617583963
 176                    -0.321982450500                     0.065316778600
 177                     0.725532508982                     0.070695708791
 178                     0.247031630646                     0.071634645880
 179                    -0.221204837185                     0.082333840517
 180                     0.347809243960                     0.088651707796
 181                    -0.689441305017                     0.093033035154
 182                    -0.120427223871                     0.099350902434
 183                    -0.943430323557                     0.101717286173
 184                     0.943155116454                     0.104238227243
 185                     0.448586857274                     0.105668769713
 186                    -0.588663691703                     0.110050097071
 187                    -0.019649610557                     0.116367964350
 188                     0.549364470589                     0.122685831630
 189                    -0.487886078388                     0.127067158988
 190                     0.843537052446                     0.132512428382
 191                     0.081128002757                     0.133385026267
 192                     0.650142083903                     0.139702893547
 193                    -0.387108465074                     0.144084220905
 194                     0.181905616071                     0.150402088184
 195                    -0.855029484251                     0.153010554265
 196                    -0.286330851760                     0.161101282821
 197                     0.282683229385                     0.167419150101
 198                     0.748059687045                     0.170386400382
 199                    -0.754567319592                     0.171800477458
 200                    -0.185553238446                     0.178118344738
 201                     0.383460842700                     0.184436212018
 202                    -0.653789706278                     0.188817539375
 203                    -0.084775625132                     0.195135406655
 204                     0.484238456014                     0.201453273935
 205                     0.926473264459                     0.205071870218
 206                    -0.553012092963                     0.205834601292
 207                     0.016001988182                     0.212152468572
 208                     0.585016069328                     0.218470335851
 209                    -0.452234479649                     0.222851663209
 210                     0.116779601497                     0.229169530489
 211                    -0.920155498825                     0.231777996570
 212                     0.828341711650                     0.233635940040
 213                    -0.351456866335                     0.239868725126
 214                     0.217557214811                     0.246186592405
 215                    -0.819693334166                     0.250567919763
 216                    -0.250679253021                     0.256885787042
 217                     0.318334828125                     0.263203654322
 218                     0.710449388051                     0.265418885098
 219                    -0.718915720852                     0.267584981680
 220                    -0.149901639707                     0.273902848959
 221                     0.419112441439                     0.280220716239
 222                    -0.618138107538                     0.284602043596
 223                    -0.049124026392                     0.290919910876
 224                     0.519890054753                     0.297237778156
 225                    -0.517360494224                     0.301619105513
 226                     0.051653586922                     0.307936972793
 227                     0.896760189651                     0.310083747050
 228                     0.620667668067                     0.314254840073
 229                    -0.416582880910                     0.318636167430
 230                     0.152431200236                     0.324954034710
 231                     0.790731412656                     0.328668424756
 232                    -0.887635668021                     0.331740992177
 233                    -0.315805267596                     0.335653229347
 234                     0.253208813550                     0.341971096627
 235                    -0.784041735427                     0.346352423984
 236                    -0.215027654281                     0.352670291264
 237                     0.353986426864                     0.358988158543
 238                    -0.683264122113                     0.363369485901
 239                    -0.114250040967                     0.369687353181
 240                     0.454764040178                     0.376005220460
 241                    -0.582486508799                     0.380386547818
 242                    -0.013472427653                     0.386704415097
 243                     0.555541653493                     0.393022282377
 244                    -0.481708895485                     0.397403609734
 245                     0.087305185661                     0.403721477014
 246                     0.857722802836                     0.405855608817
 247                     0.656319266807                     0.410039344294
 248                    -0.380931282170                     0.414420671651
 249                     0.188082798975                     0.420738538931
 250                     0.757381045502                     0.425278262517
 251                    -0.847769915082                     0.426255032574
 252                    -0.280153668856                     0.431437733568
 253                     0.288860412289                     0.437755600848
 254                    -0.746992301768                     0.443272094491
 255                    -0.179376055542                     0.448454795485
 256                     0.389638025604                     0.454772662765
 257                    -0.078598442228                     0.465471857402
 258                     0.490415638918                     0.471789724681
 259                     0.022179171086                     0.482488919319
 260                    -0.585084191164                     0.482557775607
 261                     0.591193252232                     0.488806786598
 262                    -0.446057296745                     0.493188113956
 263                     0.122956784400                     0.499505981235
 264                     0.691970865546                     0.505823848515
 265                    -0.345279683431                     0.510205175873
 266                     0.223734397715                     0.516523043152
 267                    -0.680000911588                     0.520459278553
 268                     0.793032644241                     0.521062766738
 269                    -0.244502070117                     0.527222237789
 270                     0.324512011029                     0.533540105069
 271                    -0.780342668922                     0.539881932252
 272                    -0.143724456803                     0.544239299706
 273                     0.425289624343                     0.550557166986
 274                    -0.042946843488                     0.561256361623
 275                    -0.521588794713                     0.562645492337
 276                     0.526067237657                     0.567574228903
 277                     0.057830769826                     0.578273423540
 278                     0.626844850971                     0.584591290819
 279                    -0.423990534242                     0.592981729654
 280                     0.158608383140                     0.595290485457
 281                    -0.616505515137                     0.600546995283
 282                     0.731805139564                     0.603649557150
 283                    -0.309628084692                     0.605989680094
 284                     0.259385996454                     0.612307547373
 285                    -0.716740855833                     0.621831794028
 286                    -0.208850471378                     0.623006742011
 287                    -0.108072858063                     0.640023803927
 288                     0.394195066074                     0.647916481834
 289                    -0.007295244749                     0.657040865844
 290                     0.560025769166                     0.663971977213
 291                    -0.536764640103                     0.665312034889
 292                     0.093482368565                     0.674057927761
 293                     0.660803382480                     0.680989039130
 294                    -0.376354661085                     0.683405904133
 295                     0.205775205659                     0.699322436053
 296                    -0.640834081440                     0.699813447840
 297                    -0.273976485952                     0.701774184315
 298                     0.307923133929                     0.702714852845
 299                     0.471404076302                     0.714882715722
 300                    -0.173198872638                     0.718791246232
 301                    -0.072421259324                     0.735808308149
 302                    -0.463537984568                     0.736742344284
 303                     0.028356353990                     0.752825370065
 304                    -0.561850511065                     0.764677176937
 305                     0.559804915608                     0.766175983814
 306                     0.131089462549                     0.769091680837
 307                     0.385132144157                     0.769681086733
 308                    -0.340703062345                     0.779190408354
 309                     0.288737896125                     0.804938813876
 310                    -0.242276705214                     0.812106177689
 311                    -0.137547273899                     0.814575750453
 312                     0.472951579847                     0.822599990563
 313                    -0.446170117803                     0.837460093194
 314                    -0.036891956470                     0.838716288915
 315                     0.065963447974                     0.847859123141
 316                     0.195925747520                     0.848097781188
 317                     0.375517395218                     0.871432078593
 318                    -0.353511523696                     0.880588884967
 319                     0.279614868298                     0.906764967971
 320                    -0.256751809413                     0.913501882908
 321                    -0.154564335816                     0.915353363767
 322                     0.146449881089                     0.937528460390
 323                    -0.057434693287                     0.947158084862
 324                     0.044767268531                     0.947841270140
