   1                     0.015634062897                    -0.949667981340
   2                    -0.084706028930                    -0.946011938280
   3                     0.139969538964                    -0.939426541496
   4                    -0.196681919912                    -0.929200674601
   5                     0.238359014150                    -0.919401261191
   6                    -0.294588733200                    -0.902956907597
   7                     0.334281989901                    -0.889025287358
   8                    -0.388264284501                    -0.866812865667
   9                     0.071342897324                    -0.866133399008
  10                    -0.125327965341                    -0.854189506593
  11                    -0.025817126317                    -0.840806921068
  12                     0.442216691189                    -0.840570102216
  13                    -0.223306888367                    -0.832243406227
  14                     0.259347088698                    -0.821212659992
  15                    -0.477600818832                    -0.820981824741
  16                     0.159020487834                    -0.817203440895
  17                    -0.316982439669                    -0.796099364298
  18                     0.355028548663                    -0.790773230010
  19                     0.528481409219                    -0.789190153775
  20                    -0.154207696210                    -0.758025782541
  21                     0.046742033534                    -0.752973350957
  22                    -0.054696857186                    -0.744643197016
  23                    -0.401841355902                    -0.742429400498
  24                     0.441293266693                    -0.739393281569
  25                    -0.599931085650                    -0.736339861190
  26                     0.608840124832                    -0.728990672848
  27                    -0.500388536873                    -0.723195217350
  28                     0.247122145989                    -0.721490765836
  29                     0.144324820863                    -0.717878025965
  30                    -0.315063613779                    -0.691920746282
  31                     0.343444652054                    -0.691037007814
  32                     0.521651982305                    -0.679193800643
  33                    -0.215552774755                    -0.678538160757
  34                    -0.675157571643                    -0.668029691878
  35                    -0.116041935731                    -0.665155575231
  36                     0.682394795521                    -0.660644414001
  37                    -0.016531096707                    -0.651772989706
  38                    -0.576745807772                    -0.638646752075
  39                     0.082979742318                    -0.638390404181
  40                    -0.475919531349                    -0.625815710022
  41                     0.182490581342                    -0.625007818656
  42                    -0.376408692325                    -0.612433124497
  43                     0.282001420366                    -0.611625233131
  44                     0.384599440381                    -0.599452161489
  45                    -0.276897853300                    -0.599050538972
  46                     0.583840884090                    -0.598624878857
  47                     0.484110279406                    -0.586069575964
  48                    -0.177387014276                    -0.585667953447
  49                    -0.750205505696                    -0.582499268608
  50                    -0.077876175252                    -0.572285367922
  51                    -0.650514598630                    -0.570531657023
  52                     0.676956764568                    -0.560385107710
  53                     0.021634663772                    -0.558902782397
  54                     0.776467603592                    -0.547002522185
  55                    -0.537264609894                    -0.546328088238
  56                     0.121145502797                    -0.545520196871
  57                    -0.437753770870                    -0.532945502713
  58                     0.220656341821                    -0.532137611346
  59                    -0.338242931846                    -0.519562917188
  60                     0.320167180845                    -0.518755025821
  61                    -0.238732092821                    -0.506180331663
  62                     0.419678019869                    -0.505372440296
  63                    -0.139221253797                    -0.492797746137
  64                    -0.812186162856                    -0.492402376463
  65                     0.519188858894                    -0.491989854771
  66                    -0.710724307818                    -0.490180604770
  67                    -0.039710414773                    -0.479415160612
  68                     0.618699697918                    -0.478607269245
  69                    -0.611033400752                    -0.478212993185
  70                     0.059800424251                    -0.466032575087
  71                     0.718210536942                    -0.465224683720
  72                     0.830700402920                    -0.457805179616
  73                    -0.499098849415                    -0.453457880928
  74                     0.159311263276                    -0.452649989562
  75                    -0.399588010391                    -0.440075295403
  76                     0.258822102300                    -0.439267404037
  77                    -0.300077171367                    -0.426692709878
  78                     0.358332941324                    -0.425884818511
  79                    -0.200566332342                    -0.413310124353
  80                     0.457843780348                    -0.412502232986
  81                    -0.760570111335                    -0.403020427221
  82                    -0.860958031211                    -0.401079751668
  83                    -0.101055493318                    -0.399927538828
  84                     0.557354619373                    -0.399119647461
  85                    -0.659515913892                    -0.390287191522
  86                    -0.001544654294                    -0.386544953303
  87                     0.656865458397                    -0.385737061936
  88                    -0.560443927961                    -0.373970259144
  89                     0.097966184730                    -0.373162367777
  90                     0.756376297421                    -0.372354476411
  91                     0.874780441451                    -0.367589481689
  92                    -0.460933088936                    -0.360587673619
  93                     0.197477023755                    -0.359779782252
  94                    -0.361422249912                    -0.347205088094
  95                     0.296987862779                    -0.346397196727
  96                    -0.261911410888                    -0.333822502569
  97                     0.396498701803                    -0.333014611202
  98                    -0.162400571863                    -0.320439917043
  99                     0.496009540827                    -0.319632025677
 100                    -0.720860992438                    -0.310799569737
 101                    -0.062889732839                    -0.307057331518
 102                     0.595520379852                    -0.306249440152
 103                    -0.854612205569                    -0.300873807855
 104                    -0.621789006506                    -0.294482637360
 105                     0.036621106185                    -0.293674745993
 106                     0.695031218876                    -0.292866854626
 107                     0.810202332125                    -0.287594470118
 108                    -0.522278167482                    -0.281100051835
 109                     0.136131945209                    -0.280292160468
 110                     0.909599347370                    -0.273391159273
 111                    -0.422767328457                    -0.267717466309
 112                     0.235642784234                    -0.266909574943
 113                    -0.323256489433                    -0.254334880784
 114                     0.335153623258                    -0.253526989417
 115                    -0.223745650409                    -0.240952295259
 116                     0.434664462282                    -0.240144403892
 117                    -0.782206070983                    -0.231311947953
 118                    -0.124234811384                    -0.227569709734
 119                     0.534175301307                    -0.226761818367
 120                    -0.922334417847                    -0.226744173816
 121                    -0.683134085051                    -0.214995015576
 122                    -0.024723972360                    -0.214187124209
 123                     0.633686140331                    -0.213379232842
 124                    -0.583623246027                    -0.201612430050
 125                     0.074786866664                    -0.200804538683
 126                     0.733196979355                    -0.199996647317
 127                     0.833087687246                    -0.189830667003
 128                    -0.484112407003                    -0.188229844525
 129                     0.174297705688                    -0.187421953158
 130                     0.933377604432                    -0.175840684288
 131                    -0.384601567978                    -0.174847259000
 132                     0.273808544713                    -0.174039367633
 133                    -0.285090728954                    -0.161464673475
 134                     0.373319383737                    -0.160656782108
 135                    -0.843551149528                    -0.151824326168
 136                    -0.185579889930                    -0.148082087950
 137                     0.472830222761                    -0.147274196583
 138                    -0.744479163596                    -0.135507393791
 139                    -0.086069050905                    -0.134699502424
 140                     0.572341061786                    -0.133891611058
 141                    -0.941117175271                    -0.128109957125
 142                    -0.644968324572                    -0.122124808266
 143                     0.013441788119                    -0.121316916899
 144                     0.671851900810                    -0.120509025532
 145                    -0.545457485548                    -0.108742222741
 146                     0.112952627143                    -0.107934331374
 147                     0.771362739834                    -0.107126440007
 148                     0.871253447725                    -0.096960459693
 149                    -0.445946646524                    -0.095359637216
 150                     0.212463466167                    -0.094551745849
 151                    -0.346435807499                    -0.081977051690
 152                     0.311974305192                    -0.081169160323
 153                    -0.246924968475                    -0.068594466165
 154                     0.411485144216                    -0.067786574798
 155                    -0.807770583805                    -0.057092518928
 156                    -0.147414129451                    -0.055211880640
 157                     0.510995983240                    -0.054403989273
 158                    -0.706313403117                    -0.042637186482
 159                    -0.047903290426                    -0.041829295115
 160                     0.610506822265                    -0.041021403748
 161                     0.949199733209                    -0.033668459742
 162                    -0.606802564093                    -0.029254600956
 163                     0.051607548598                    -0.028446709589
 164                    -0.949382551733                    -0.028044057686
 165                     0.710017661289                    -0.027638818223
 166                    -0.507291725069                    -0.015872015431
 167                     0.812504096573                    -0.015535559215
 168                     0.151118387622                    -0.015064124064
 169                    -0.407780886044                    -0.002489429906
 170                     0.250629226646                    -0.001681538539
 171                    -0.308270047020                     0.010893155619
 172                     0.350140065671                     0.011701046986
 173                    -0.208759207996                     0.024275741144
 174                     0.449650904695                     0.025083632511
 175                    -0.867869340401                     0.030582702903
 176                    -0.767658481663                     0.036850435303
 177                    -0.109248368972                     0.037658326670
 178                     0.549161743719                     0.038466218036
 179                    -0.668147642638                     0.050233020828
 180                    -0.009737529947                     0.051040912195
 181                     0.648672582744                     0.051848803561
 182                    -0.568636803614                     0.063615606353
 183                     0.089773309077                     0.064423497720
 184                     0.748183421768                     0.065231389086
 185                     0.947450127299                     0.066722971953
 186                    -0.469125964590                     0.076998191878
 187                     0.189284148101                     0.077806083245
 188                     0.847709975439                     0.078496598965
 189                    -0.369615125566                     0.090380777403
 190                     0.288794987125                     0.091188668770
 191                    -0.945053607841                     0.094801777471
 192                    -0.270104286541                     0.103763362929
 193                     0.388305826150                     0.104571254296
 194                    -0.170593447517                     0.117145948454
 195                     0.487816665174                     0.117953839821
 196                    -0.850846124138                     0.129535776562
 197                    -0.730313258933                     0.130062100693
 198                    -0.071082608493                     0.130528533979
 199                     0.587327504198                     0.131336425346
 200                    -0.629981882160                     0.143103228137
 201                     0.028428230531                     0.143911119504
 202                     0.686838343223                     0.144719010871
 203                    -0.530471043135                     0.156485813663
 204                     0.127939069556                     0.157293705030
 205                     0.907772796083                     0.158957510312
 206                    -0.430960204111                     0.169868399188
 207                     0.227449908580                     0.170676290555
 208                     0.804062875035                     0.174497480369
 209                    -0.331449365087                     0.183250984713
 210                     0.326960747604                     0.184058876080
 211                    -0.929765068979                     0.194037664418
 212                    -0.231938526062                     0.196633570238
 213                     0.426471586629                     0.197441461605
 214                    -0.132427687038                     0.210016155764
 215                    -0.790956916535                     0.210125996139
 216                     0.525982425653                     0.210824047130
 217                    -0.691326960705                     0.222590849922
 218                    -0.032916848014                     0.223398741289
 219                     0.625493264677                     0.224206632656
 220                    -0.591816121680                     0.235973435447
 221                     0.066593991011                     0.236781326814
 222                     0.725004103701                     0.237589218181
 223                    -0.492305282656                     0.249356020972
 224                     0.166104830035                     0.250163912339
 225                     0.913748437409                     0.259186210739
 226                    -0.392794443632                     0.262738606498
 227                     0.265615669059                     0.263546497864
 228                    -0.293283604608                     0.276121192023
 229                     0.365126508083                     0.276929083390
 230                     0.815677145111                     0.280715778907
 231                    -0.193772765583                     0.289503777548
 232                     0.464637347108                     0.290311668915
 233                    -0.904086013724                     0.291105098709
 234                    -0.094261926559                     0.302886363073
 235                     0.564148186132                     0.303694254440
 236                    -0.805377193789                     0.309491766315
 237                    -0.653161200226                     0.315461057231
 238                     0.005248912465                     0.316268948598
 239                     0.663659025156                     0.317076839965
 240                    -0.553650361202                     0.328843642757
 241                     0.104759751489                     0.329651534124
 242                    -0.454139522177                     0.342226228282
 243                     0.204270590514                     0.343034119649
 244                    -0.354628683153                     0.355608813807
 245                     0.303781429538                     0.356416705174
 246                     0.879620922673                     0.358185000603
 247                     0.754332066566                     0.360203400691
 248                    -0.255117844129                     0.368991399332
 249                     0.403292268562                     0.369799290699
 250                    -0.731832848831                     0.377849136096
 251                    -0.155607005105                     0.382373984858
 252                     0.502803107587                     0.383181876224
 253                    -0.866371008840                     0.389249243733
 254                    -0.056096166080                     0.395756570383
 255                     0.602329363136                     0.396576361927
 256                     0.043414672944                     0.409139155908
 257                    -0.638508259530                     0.416002151407
 258                    -0.515484600723                     0.421713850066
 259                     0.142925511968                     0.422521741433
 260                    -0.415973761698                     0.435096435591
 261                     0.242436350993                     0.435904326959
 262                    -0.316462922674                     0.448479021117
 263                     0.341947190017                     0.449286912484
 264                     0.835868371207                     0.451033906417
 265                     0.735701103926                     0.458866402418
 266                    -0.216952083650                     0.461861606642
 267                     0.441458029041                     0.462669498009
 268                    -0.117441244625                     0.475244192167
 269                     0.540968868066                     0.476052083534
 270                    -0.720036498414                     0.477560453385
 271                    -0.820438458590                     0.478533629301
 272                    -0.017930405601                     0.488626777692
 273                     0.640354080232                     0.490337750520
 274                    -0.576829679268                     0.501201471850
 275                     0.081580433423                     0.502009363218
 276                    -0.477318840244                     0.514584057376
 277                     0.181091272447                     0.515391948743
 278                    -0.377808001219                     0.527966642901
 279                     0.280602111472                     0.528774534268
 280                    -0.278297162195                     0.541349228426
 281                     0.380112950496                     0.542157119793
 282                     0.772804022123                     0.552166317422
 283                    -0.178786323171                     0.554731813952
 284                     0.479623789520                     0.555539705319
 285                    -0.659734945017                     0.557842601691
 286                    -0.079275484147                     0.568114399477
 287                    -0.759811906409                     0.569905081742
 288                     0.020235354878                     0.581496985002
 289                     0.619086299133                     0.588466146848
 290                     0.119746193902                     0.594879570527
 291                    -0.544084131042                     0.596450036059
 292                    -0.439153079765                     0.607454264685
 293                     0.219257032926                     0.608262156052
 294                    -0.339642240741                     0.620836850211
 295                     0.318767871951                     0.621644741578
 296                     0.710195779068                     0.630662868813
 297                    -0.240131401716                     0.634219435736
 298                     0.418278710975                     0.635027327103
 299                     0.533191963649                     0.640462914155
 300                    -0.140620562692                     0.647602021261
 301                    -0.688817348407                     0.653945226482
 302                    -0.041109723668                     0.660984606786
 303                     0.058401115357                     0.674367192311
 304                    -0.500498158310                     0.686941886470
 305                     0.157877456064                     0.688003871527
 306                     0.628097605922                     0.688467631979
 307                    -0.400987319286                     0.700324471995
 308                    -0.599958396609                     0.700695492406
 309                     0.257422793405                     0.701132363362
 310                    -0.301476480261                     0.713707057520
 311                     0.471846885104                     0.719950535940
 312                     0.366054716952                     0.727069267465
 313                    -0.201965641237                     0.727089643045
 314                    -0.009247978406                     0.756201883935
 315                     0.563022121887                     0.764931231530
 316                    -0.109218266259                     0.765552938708
 317                     0.090262860618                     0.769584469460
 318                    -0.540083291635                     0.781296190188
 319                     0.189739197627                     0.783221149915
 320                    -0.362821558807                     0.793194679304
 321                     0.289283847618                     0.796349871747
 322                    -0.263310719783                     0.806577264830
 323                     0.479125319857                     0.820093059706
 324                    -0.454587080493                     0.833945013148
 325                     0.380418730924                     0.838491700414
 326                    -0.170563344804                     0.845040560492
 327                     0.028680478400                     0.849169259088
 328                    -0.071197453460                     0.859460002788
 329                     0.128191317425                     0.862551844613
 330                    -0.333641508420                     0.889267700169
 331                     0.301565955688                     0.900650694262
 332                    -0.237900704364                     0.919519958222
 333                     0.204802722390                     0.927453256831
 334                    -0.132120703889                     0.940432865805
 335                     0.073765327100                     0.946927861679
 336                    -0.026610321700                     0.949423819737
