   1                    -0.016158533848                    -0.952294532536
   2                     0.078926450032                    -0.949155725053
   3                    -0.138239006008                    -0.942345983242
   4                     0.175423289185                    -0.936127022627
   5                    -0.231561222295                    -0.923853546426
   6                     0.267932671087                    -0.913913970326
   7                    -0.334444412614                    -0.891780752083
   8                     0.364819588367                    -0.879791249592
   9                    -0.071285487206                    -0.874757281582
  10                     0.115786955358                    -0.861449913277
  11                     0.021111659858                    -0.852090709578
  12                    -0.166345699372                    -0.851455829429
  13                     0.450770743080                    -0.839006383824
  14                    -0.410183799934                    -0.834208610553
  15                    -0.259667915659                    -0.832963392613
  16                     0.289781668562                    -0.821307774462
  17                    -0.502023916631                    -0.809381221703
  18                     0.195397812365                    -0.809362316687
  19                    -0.099392180570                    -0.783867127770
  20                     0.549398379491                    -0.778002182213
  21                     0.368066345235                    -0.767247477846
  22                    -0.006995033506                    -0.761200555765
  23                    -0.350014875403                    -0.760515281189
  24                     0.092550839047                    -0.758429722773
  25                     0.460408789324                    -0.744359068297
  26                    -0.600141398257                    -0.739564924137
  27                    -0.257617728340                    -0.737848709183
  28                     0.277562603521                    -0.719592398165
  29                     0.177799260621                    -0.715867411754
  30                    -0.165220581276                    -0.715182137178
  31                    -0.508377621155                    -0.714456848064
  32                     0.632567013937                    -0.712028754892
  33                    -0.072823434212                    -0.692515565173
  34                    -0.415884276019                    -0.691869603618
  35                     0.541915995491                    -0.683160101881
  36                    -0.670929081898                    -0.676003063586
  37                     0.360583961235                    -0.672405397514
  38                     0.019573712852                    -0.669848993167
  39                    -0.323446129045                    -0.669163718592
  40                     0.452926405324                    -0.649516987965
  41                     0.111970859916                    -0.647182421162
  42                    -0.231048981981                    -0.646497146586
  43                    -0.574206021861                    -0.645771857472
  44                     0.704951167238                    -0.640445022405
  45                     0.204368006980                    -0.624515849157
  46                    -0.138651834917                    -0.623830574581
  47                    -0.481671676814                    -0.623145300005
  48                     0.612242491595                    -0.619088343534
  49                     0.296765154043                    -0.601849277151
  50                    -0.046254687853                    -0.601164002576
  51                    -0.389274529750                    -0.600478728000
  52                    -0.740562898261                    -0.598867860139
  53                    -0.646588856238                    -0.584032635258
  54                     0.046142459210                    -0.578497430570
  55                    -0.296877382686                    -0.577812155995
  56                     0.391471174082                    -0.576892881603
  57                     0.765327409611                    -0.566921450478
  58                     0.484321936325                    -0.555963718999
  59                     0.138539606274                    -0.555830858565
  60                    -0.204480235622                    -0.555145583989
  61                    -0.547500077519                    -0.554460309414
  62                     0.672618733968                    -0.545564771606
  63                     0.230936753338                    -0.533164286559
  64                    -0.112083088559                    -0.532479011984
  65                    -0.455102930455                    -0.531793737408
  66                     0.577219115916                    -0.530632877744
  67                    -0.800388275307                    -0.516240819450
  68                     0.323333900402                    -0.510497714554
  69                    -0.019685941495                    -0.509812439978
  70                    -0.705502680568                    -0.509332116018
  71                    -0.362705783392                    -0.509127165403
  72                     0.818067465417                    -0.487741321749
  73                     0.072711205569                    -0.487145867973
  74                    -0.270308636328                    -0.486460593397
  75                    -0.613328478224                    -0.485775318822
  76                     0.418039920441                    -0.485541319006
  77                     0.165108352633                    -0.464479295968
  78                    -0.177911489264                    -0.463794021392
  79                    -0.520931331160                    -0.463108746816
  80                     0.510437067505                    -0.462874747000
  81                     0.706022681481                    -0.456485129922
  82                     0.611983522394                    -0.442075312769
  83                     0.257505499697                    -0.441812723963
  84                    -0.085514342200                    -0.441127449387
  85                    -0.428534184097                    -0.440442174811
  86                    -0.805262662668                    -0.421228995871
  87                     0.349902646761                    -0.419146151957
  88                     0.006882804864                    -0.418460877381
  89                    -0.336137037033                    -0.417775602805
  90                    -0.679397732781                    -0.417072004628
  91                     0.782275092296                    -0.399594215736
  92                     0.099279951928                    -0.395794305376
  93                    -0.243739889969                    -0.395109030800
  94                    -0.586759731866                    -0.394423756224
  95                     0.444608666799                    -0.394189756409
  96                     0.874672239359                    -0.376927643731
  97                     0.191677098991                    -0.373127733371
  98                    -0.151342742905                    -0.372442458795
  99                    -0.494362584802                    -0.371757184219
 100                     0.537354562680                    -0.371625337546
 101                    -0.880527804734                    -0.363038234907
 102                     0.284074246055                    -0.350461161365
 103                    -0.058945595841                    -0.349775886790
 104                    -0.401965437738                    -0.349090612214
 105                     0.629672318981                    -0.348597439734
 106                    -0.745218093899                    -0.347434307489
 107                     0.376471393119                    -0.327794589360
 108                     0.033451551222                    -0.327109314784
 109                    -0.309568290674                    -0.326424040208
 110                     0.722069466045                    -0.325930867728
 111                    -0.652588132571                    -0.325738765633
 112                     0.125848698286                    -0.304442742779
 113                    -0.217171143611                    -0.303757468203
 114                     0.814466613109                    -0.303264295723
 115                    -0.560190985507                    -0.303072193627
 116                     0.471177413158                    -0.302838193811
 117                    -0.818094301918                    -0.286278240114
 118                     0.909387458703                    -0.282850352314
 119                     0.218245845350                    -0.281776170774
 120                    -0.124773996547                    -0.281090896198
 121                    -0.467793838443                    -0.280405621622
 122                     0.563574560222                    -0.280171621806
 123                    -0.912353012315                    -0.273382435125
 124                     0.310642992414                    -0.259109598768
 125                    -0.032376849483                    -0.258424324192
 126                    -0.375396691380                    -0.257739049617
 127                     0.656241065340                    -0.257245877136
 128                    -0.727235709475                    -0.254012467845
 129                     0.403040139478                    -0.236443026763
 130                     0.060020297581                    -0.235757752187
 131                    -0.282999544316                    -0.235072477611
 132                     0.748638212404                    -0.234579305131
 133                    -0.626019386213                    -0.234387203036
 134                     0.152417444645                    -0.213091180182
 135                    -0.190602397252                    -0.212405905606
 136                     0.841039426484                    -0.211913916078
 137                    -0.533622239149                    -0.211720631030
 138                     0.497746159517                    -0.211486631214
 139                    -0.800111917494                    -0.192856400471
 140                     0.244814591708                    -0.190424608176
 141                    -0.098205250188                    -0.189739333600
 142                     0.933438796589                    -0.189256407911
 143                    -0.441225092085                    -0.189054059025
 144                     0.590143306581                    -0.188820059209
 145                    -0.935075059953                    -0.180998914825
 146                     0.337211738772                    -0.167758036171
 147                    -0.005808103124                    -0.167072761595
 148                    -0.348827945021                    -0.166387487019
 149                     0.682809811699                    -0.165894314539
 150                    -0.691847786918                    -0.165702212444
 151                     0.429608885836                    -0.145091464166
 152                     0.086589043939                    -0.144406189590
 153                    -0.256430797957                    -0.143720915014
 154                     0.775206958763                    -0.143227742534
 155                    -0.599450639854                    -0.143035640438
 156                     0.178986191003                    -0.121739617585
 157                    -0.164033650893                    -0.121054343009
 158                     0.867604105878                    -0.120561170740
 159                    -0.507053492790                    -0.120369068433
 160                     0.524314905875                    -0.120135068617
 161                    -0.858500438878                    -0.117744571558
 162                    -0.764347210891                    -0.104099941418
 163                     0.271383338067                    -0.099073045579
 164                    -0.071636503830                    -0.098387771004
 165                    -0.414656345726                    -0.097702496427
 166                     0.616712052939                    -0.097468496612
 167                    -0.948467234491                    -0.086809446554
 168                     0.363780485131                    -0.076406473574
 169                     0.020760643234                    -0.075721198998
 170                    -0.322259198662                    -0.075035924422
 171                     0.709378558057                    -0.074542751942
 172                    -0.665279040559                    -0.074350649847
 173                     0.949672859492                    -0.072439180420
 174                     0.456177632195                    -0.053739901569
 175                     0.113157790298                    -0.053054626993
 176                    -0.229862051599                    -0.052369352417
 177                     0.801775705121                    -0.051876179937
 178                    -0.572881893495                    -0.051684077841
 179                     0.205554937362                    -0.030388054987
 180                    -0.137464904535                    -0.029702780412
 181                    -0.823240421211                    -0.029383169203
 182                    -0.480484746432                    -0.029017505836
 183                     0.550883652234                    -0.028783506020
 184                     0.297952084426                    -0.007721482982
 185                    -0.045067757471                    -0.007036208406
 186                    -0.388087599368                    -0.006350933831
 187                     0.643280799298                    -0.006116934015
 188                    -0.731107441264                    -0.005665659255
 189                     0.883844458833                    -0.003754189784
 190                    -0.913207216825                     0.001551955801
 191                     0.390349231490                     0.014945089023
 192                     0.047329389593                     0.015630363599
 193                    -0.295690452304                     0.016315638175
 194                     0.736018061901                     0.016876557496
 195                    -0.638710294201                     0.017000912751
 196                     0.482746378554                     0.037611661028
 197                     0.139726536657                     0.038296935604
 198                    -0.203293305240                     0.038982210180
 199                    -0.546313147137                     0.039667484756
 200                     0.232123683720                     0.060963507610
 201                    -0.110896158176                     0.061648782185
 202                    -0.797745331923                     0.062287710070
 203                    -0.453916000073                     0.062334056761
 204                     0.577452398593                     0.062568056577
 205                     0.950253962067                     0.064369111312
 206                     0.324520830784                     0.083630079615
 207                    -0.018499011113                     0.084315354191
 208                    -0.361518853009                     0.085000628767
 209                     0.669849545657                     0.085234628582
 210                    -0.704538694906                     0.085685903342
 211                     0.854804225013                     0.086842008214
 212                    -0.948166698995                     0.090032693131
 213                     0.416917977848                     0.106296651620
 214                     0.073898135951                     0.106981926196
 215                    -0.269121705945                     0.107667200772
 216                    -0.612141547842                     0.108352475348
 217                     0.762132893678                     0.108360154524
 218                     0.509315124912                     0.128963223625
 219                     0.166295283015                     0.129648498201
 220                    -0.176724558881                     0.130333772777
 221                    -0.519744400778                     0.131019047353
 222                    -0.862883658889                     0.132196769574
 223                     0.258692430079                     0.152315070207
 224                    -0.084327411818                     0.153000344783
 225                    -0.427347253714                     0.153685619358
 226                     0.604021144952                     0.153919619174
 227                    -0.770367095611                     0.154370893935
 228                     0.921213728248                     0.154965309310
 229                     0.351089577143                     0.174981642212
 230                     0.008069735246                     0.175666916788
 231                    -0.334950106651                     0.176352191364
 232                    -0.677969948547                     0.177037465940
 233                     0.827103820692                     0.177856808507
 234                     0.700862279735                     0.181140084030
 235                     0.443486724207                     0.197648214217
 236                    -0.931632015905                     0.197958990336
 237                     0.100466882310                     0.198333488793
 238                    -0.242552959587                     0.199018763369
 239                    -0.585572801484                     0.199704037945
 240                     0.535883871271                     0.220314786222
 241                     0.192864029374                     0.221000060799
 242                    -0.150155812523                     0.221685335374
 243                    -0.493175654420                     0.222370609950
 244                    -0.840306083608                     0.224615703599
 245                     0.285261176438                     0.243666632804
 246                    -0.057758665459                     0.244351907380
 247                    -0.400778507356                     0.245037181956
 248                     0.630589891312                     0.245271181771
 249                    -0.744076011152                     0.245803668702
 250                     0.919014492513                     0.250076663176
 251                     0.377658323502                     0.266333204809
 252                     0.034638481605                     0.267018479385
 253                    -0.308381360292                     0.267703753961
 254                    -0.651401202189                     0.268389028537
 255                     0.727431278586                     0.272491573192
 256                     0.822567240261                     0.272885360585
 257                     0.470055470566                     0.288999776813
 258                     0.127035628669                     0.289685051391
 259                    -0.215984213228                     0.290370325966
 260                    -0.559004055125                     0.291055600542
 261                    -0.906052276539                     0.293580994450
 262                     0.562452617631                     0.311666348819
 263                     0.219432775732                     0.312351623396
 264                    -0.123587066164                     0.313036897972
 265                    -0.466606908061                     0.313722172547
 266                    -0.809696523935                     0.314693787108
 267                     0.311829922796                     0.335018195401
 268                    -0.031189919101                     0.335703469977
 269                    -0.374209760997                     0.336388744553
 270                     0.657158637670                     0.336622744368
 271                    -0.717229602894                     0.337074019128
 272                     0.889481120606                     0.340513305173
 273                     0.404227069860                     0.357684767406
 274                     0.061207227963                     0.358370041982
 275                    -0.281812613934                     0.359055316558
 276                    -0.624832455830                     0.359740591134
 277                     0.784158916667                     0.359924472200
 278                     0.496624216925                     0.380351339410
 279                     0.153604375027                     0.381036613987
 280                    -0.189415466870                     0.381721888564
 281                    -0.532435308767                     0.382407163139
 282                    -0.869518440123                     0.388669084441
 283                     0.589021363989                     0.403017911416
 284                     0.246001522091                     0.403703185993
 285                    -0.097018319806                     0.404388460569
 286                    -0.440038161703                     0.405073735145
 287                    -0.777051519083                     0.411049316462
 288                     0.708048143309                     0.417004735434
 289                     0.338398669155                     0.426369757998
 290                    -0.004621172742                     0.427055032574
 291                     0.851072797012                     0.427552416788
 292                    -0.347641014639                     0.427740307150
 293                     0.430795816219                     0.449036330004
 294                     0.087775974322                     0.449721604579
 295                    -0.255243867575                     0.450406879155
 296                    -0.598263709504                     0.451092153740
 297                    -0.693267597962                     0.456118827593
 298                     0.523192963283                     0.471702902007
 299                     0.180173121386                     0.472388176585
 300                    -0.162846720511                     0.473073451161
 301                    -0.505866562441                     0.473758725746
 302                     0.615590110348                     0.494369474013
 303                     0.272570268449                     0.495054748590
 304                    -0.070449573447                     0.495740023166
 305                    -0.413469415377                     0.496425297751
 306                    -0.810583111061                     0.500080988418
 307                     0.804172747421                     0.510325550233
 308                     0.709053202592                     0.512136203035
 309                     0.364967415513                     0.517721320595
 310                     0.021947573616                     0.518406595171
 311                    -0.321072268313                     0.519091869757
 312                     0.457364562577                     0.540387892601
 313                     0.114344720680                     0.541073167177
 314                    -0.228675121249                     0.541758441762
 315                    -0.571694963146                     0.542443716337
 316                    -0.666698851603                     0.547470390190
 317                     0.549761709642                     0.563054464604
 318                     0.206741867744                     0.563739739182
 319                    -0.136277974186                     0.564425013767
 320                    -0.479297816082                     0.565110288343
 321                    -0.756649343377                     0.578452890114
 322                     0.643769902858                     0.585236990574
 323                     0.299139014808                     0.586406311187
 324                    -0.043880827122                     0.587091585772
 325                    -0.386900669018                     0.587776860348
 326                     0.737232995102                     0.603003719596
 327                     0.391536161872                     0.609072883192
 328                     0.048516319942                     0.609758157778
 329                    -0.294510826418                     0.610473187330
 330                     0.140913467006                     0.632424729783
 331                     0.484995557850                     0.632772110032
 332                    -0.202106374891                     0.633110004359
 333                    -0.577697644318                     0.637390933731
 334                    -0.687352159868                     0.647641481337
 335                     0.577941502151                     0.653921981165
 336                     0.233310614070                     0.655091301789
 337                    -0.452913276756                     0.656515224514
 338                    -0.111121945448                     0.660924327734
 339                     0.670338649215                     0.676588553172
 340                     0.325707761133                     0.677757873794
 341                    -0.017312080764                     0.678443148370
 342                    -0.360516129692                     0.679181796520
 343                     0.418104908197                     0.700424445799
 344                     0.074336291657                     0.704110301066
 345                    -0.526088720010                     0.717312928225
 346                    -0.621107659717                     0.722046570490
 347                     0.167482213364                     0.723776292380
 348                    -0.183295390185                     0.726368532797
 349                    -0.278427890700                     0.727270540434
 350                     0.259879360428                     0.746442864386
 351                     0.589081479723                     0.748404292587
 352                    -0.428877302562                     0.748565635793
 353                    -0.092864235643                     0.755918703020
 354                     0.494362323009                     0.757308652379
 355                     0.000935332822                     0.771813583569
 356                     0.355368179091                     0.777022284196
 357                    -0.345627608411                     0.794614465265
 358                     0.089018062017                     0.807764092462
 359                    -0.502052745817                     0.809363339503
 360                     0.183652394479                     0.817528793759
 361                    -0.163671011014                     0.819459295035
 362                    -0.258016955577                     0.831700578325
 363                     0.276049541543                     0.840195365764
 364                     0.448096257669                     0.840437813748
 365                    -0.418803051666                     0.855412168975
 366                     0.013842643440                     0.866070719133
 367                    -0.081289161785                     0.867043296439
 368                     0.362015640864                     0.880948721938
 369                    -0.330951246869                     0.893076305425
 370                     0.138607941992                     0.901326189733
 371                    -0.233004746077                     0.923490532285
 372                     0.231005089055                     0.923992761739
 373                    -0.139711543900                     0.942128791310
 374                     0.057290400083                     0.950706992176
 375                    -0.037841405142                     0.951679569483
