   1                     0.064445039206                    -0.947286481663
   2                    -0.127219712404                    -0.940914441485
   3                     0.171513331122                    -0.933647864119
   4                    -0.232944442920                    -0.920457347155
   5                    -0.030327873301                    -0.912232839248
   6                     0.273915834164                    -0.909032418348
   7                    -0.329445972731                    -0.890488737981
   8                     0.386319760019                    -0.867330320257
   9                     0.106242830011                    -0.855288614973
  10                    -0.163838099597                    -0.846735056740
  11                    -0.460036969862                    -0.830584630112
  12                     0.202656794035                    -0.825039477256
  13                     0.479736462314                    -0.819364246318
  14                    -0.064574637732                    -0.817165379423
  15                     0.302673220802                    -0.810638881145
  16                    -0.259065055540                    -0.807993578150
  17                    -0.365112092570                    -0.795944617660
  18                     0.031839326293                    -0.786916241706
  19                     0.393592716859                    -0.766544572801
  20                    -0.534440473580                    -0.762212256846
  21                     0.128253290318                    -0.756667103990
  22                    -0.138978141449                    -0.748793006156
  23                     0.602512420386                    -0.733814434785
  24                    -0.439515596288                    -0.727572244394
  25                     0.224667254342                    -0.726417966273
  26                     0.502297488406                    -0.720867226601
  27                    -0.042564177425                    -0.718543868440
  28                    -0.624076826651                    -0.715564781033
  29                    -0.309508127615                    -0.711571269541
  30                     0.321081218367                    -0.696168828556
  31                     0.053849786600                    -0.688294730723
  32                    -0.213381645167                    -0.680420632890
  33                     0.417495182392                    -0.665919690839
  34                     0.677085745211                    -0.665627324447
  35                    -0.513919100006                    -0.659199871127
  36                     0.150263750625                    -0.658045593006
  37                    -0.116967681142                    -0.650171495173
  38                    -0.383911631333                    -0.643198896275
  39                    -0.704929158243                    -0.636061732313
  40                     0.556951917758                    -0.635875720297
  41                     0.246677714650                    -0.627796455289
  42                    -0.020553717118                    -0.619922357456
  43                    -0.605389465462                    -0.616259970861
  44                    -0.287785148885                    -0.612048259623
  45                     0.343091678674                    -0.597547317573
  46                     0.743990232434                    -0.589901157365
  47                     0.075860246907                    -0.589673219740
  48                    -0.191371184860                    -0.581799121906
  49                    -0.458315135050                    -0.574826523008
  50                     0.636222105143                    -0.573210736586
  51                     0.439518915560                    -0.567301143044
  52                     0.172274210932                    -0.559424082023
  53                    -0.768530768677                    -0.557535085718
  54                    -0.094957220835                    -0.551549984190
  55                    -0.362188652603                    -0.543675886357
  56                     0.535928807289                    -0.537039028639
  57                    -0.549785500507                    -0.531886622742
  58                    -0.659545324039                    -0.530949914166
  59                     0.268688174957                    -0.529174944306
  60                     0.001456743190                    -0.521300846473
  61                    -0.265774688578                    -0.513426748640
  62                     0.803979408942                    -0.505027143546
  63                     0.365102138982                    -0.498925806589
  64                     0.703126592366                    -0.497484569504
  65                     0.097870707214                    -0.491051708756
  66                    -0.169360724553                    -0.483177610923
  67                    -0.437205415808                    -0.475976931682
  68                     0.461516103006                    -0.468676668872
  69                    -0.733948827757                    -0.462577540899
  70                     0.194284671239                    -0.460802571039
  71                    -0.072946760528                    -0.452928473206
  72                    -0.834526965289                    -0.452846094854
  73                    -0.603941359084                    -0.446576566047
  74                    -0.340178192295                    -0.445054375373
  75                     0.558999357019                    -0.438660105456
  76                     0.290698635264                    -0.430553433323
  77                     0.023467203497                    -0.422679335489
  78                    -0.243764228271                    -0.414805237656
  79                     0.756542380015                    -0.411709185964
  80                     0.655413321044                    -0.408410967739
  81                     0.857508879255                    -0.407655937547
  82                    -0.510995660038                    -0.406931139823
  83                     0.387112599289                    -0.400304295606
  84                     0.119881167521                    -0.392430197773
  85                    -0.147350264246                    -0.384556099940
  86                    -0.678344862801                    -0.378204192780
  87                    -0.414581696013                    -0.376682002106
  88                     0.483526563314                    -0.370055157889
  89                    -0.778923000334                    -0.368472746735
  90                     0.216295131546                    -0.362181060056
  91                    -0.879420801090                    -0.357943984483
  92                    -0.050936300221                    -0.354306962223
  93                    -0.318167731988                    -0.346432864390
  94                     0.579940527338                    -0.339806020172
  95                    -0.585399163755                    -0.338558766557
  96                     0.312709095571                    -0.331931922339
  97                     0.045477663804                    -0.324057824506
  98                    -0.221753767963                    -0.316183726673
  99                     0.895975946435                    -0.314216398089
 100                     0.777349395120                    -0.312826776436
 101                     0.676354491363                    -0.309556882455
 102                    -0.488985199731                    -0.308309628840
 103                     0.409123059596                    -0.301682784622
 104                     0.141891627829                    -0.293808686789
 105                    -0.125339803939                    -0.285934588956
 106                    -0.392571235706                    -0.278060491123
 107                    -0.666205959532                    -0.277888143122
 108                    -0.811982887467                    -0.272986063609
 109                     0.505537023621                    -0.271433646906
 110                     0.238305591853                    -0.263559549072
 111                    -0.912480688224                    -0.262457301358
 112                    -0.028925839914                    -0.255685451239
 113                    -0.296157271681                    -0.247811353406
 114                     0.601950987645                    -0.241184509189
 115                    -0.563388703448                    -0.239937255573
 116                     0.334719555878                    -0.233310411356
 117                     0.837620893757                    -0.231721849066
 118                     0.067488124111                    -0.225436313523
 119                    -0.199743307656                    -0.217562215690
 120                     0.721105180436                    -0.215633511577
 121                    -0.466974739424                    -0.209688117856
 122                     0.431133519903                    -0.203061273639
 123                    -0.733876414595                    -0.202845673126
 124                     0.163902088136                    -0.195187175806
 125                     0.930077216884                    -0.190948192064
 126                    -0.103329343632                    -0.187313077973
 127                    -0.370560775399                    -0.179438980140
 128                    -0.830621244814                    -0.173672044322
 129                     0.527547483928                    -0.172812135922
 130                    -0.637792207166                    -0.171564882307
 131                     0.260316052160                    -0.164938038089
 132                    -0.935205597460                    -0.163997963092
 133                    -0.006915379607                    -0.157063940256
 134                    -0.274146811374                    -0.149189842423
 135                     0.623961447953                    -0.142562998205
 136                    -0.541378243141                    -0.141315744590
 137                     0.356730016185                    -0.134688900372
 138                     0.819421664601                    -0.132326422362
 139                     0.089498584418                    -0.126814802539
 140                    -0.177732847349                    -0.118940704706
 141                     0.720375411977                    -0.112313860489
 142                    -0.444964279117                    -0.111066606873
 143                     0.453143980210                    -0.104439762656
 144                    -0.714076294875                    -0.103055843907
 145                     0.185912548443                    -0.096565664822
 146                     0.945102912779                    -0.091023764347
 147                    -0.081318883324                    -0.088691566989
 148                    -0.874961858104                    -0.082872414342
 149                    -0.348550315092                    -0.080817469156
 150                     0.549557944235                    -0.074190624939
 151                    -0.615781746859                    -0.072943371323
 152                     0.282326512468                    -0.066316527106
 153                     0.015095080700                    -0.058442429273
 154                    -0.252136351067                    -0.050568331439
 155                     0.645971908260                    -0.043941487222
 156                    -0.519367782834                    -0.042694233606
 157                     0.858413436963                    -0.039104619764
 158                     0.378740476492                    -0.036067389389
 159                    -0.787227713619                    -0.032738766131
 160                     0.111509044725                    -0.028193291556
 161                    -0.155722387042                    -0.020319193723
 162                     0.751305957092                    -0.015369187444
 163                    -0.949365361822                    -0.014500041075
 164                    -0.422953818809                    -0.012445095890
 165                     0.475154440517                    -0.005818251672
 166                    -0.690185250577                    -0.004570998057
 167                     0.207923008750                     0.002055846161
 168                    -0.059308423017                     0.009929943994
 169                     0.949424143537                     0.009931620632
 170                    -0.326539854785                     0.017804041827
 171                     0.571568404542                     0.024430886045
 172                    -0.593771286552                     0.025678139660
 173                     0.304336972775                     0.032304983878
 174                    -0.861631217336                     0.035633607136
 175                     0.037105541007                     0.040179081711
 176                    -0.230125890760                     0.048053179544
 177                     0.667982368567                     0.054680023761
 178                    -0.497357322527                     0.055927277377
 179                     0.862734667721                     0.061850765216
 180                     0.400750936799                     0.062554121595
 181                    -0.765217253311                     0.065882744852
 182                     0.133519505032                     0.070428219428
 183                    -0.133711926735                     0.078302317261
 184                     0.764374165322                     0.084999725440
 185                    -0.400943358502                     0.086176415094
 186                     0.497164900824                     0.092803259311
 187                    -0.668174790269                     0.094050512927
 188                    -0.944763886866                     0.094450473932
 189                     0.229933469057                     0.100677357144
 190                    -0.037297962710                     0.108551454977
 191                    -0.304529394478                     0.116425552811
 192                     0.593578864849                     0.123052397028
 193                    -0.571760826245                     0.124299650644
 194                     0.941131329001                     0.125605186957
 195                     0.326347433082                     0.130926494861
 196                    -0.852752315710                     0.136290588500
 197                     0.059116001315                     0.138800592694
 198                    -0.208115430453                     0.146674690527
 199                     0.689970661604                     0.153372098707
 200                    -0.475346862220                     0.154548788361
 201                     0.833602004146                     0.158607939134
 202                     0.422761397107                     0.161175632578
 203                    -0.756338351686                     0.166539726217
 204                     0.155529965339                     0.169049730411
 205                    -0.111701466428                     0.176923828244
 206                    -0.378932898195                     0.184797926077
 207                     0.519175361131                     0.191424770295
 208                    -0.646164329962                     0.192672023910
 209                     0.251943929364                     0.199298868128
 210                    -0.927155819428                     0.204662961767
 211                    -0.015287502403                     0.207172965961
 212                    -0.282518934170                     0.215047063794
 213                     0.911998665428                     0.222362360875
 214                    -0.549750365938                     0.222921161627
 215                     0.617299340878                     0.223582795437
 216                     0.348357893389                     0.229548005845
 217                    -0.830741855403                     0.234912099484
 218                     0.081126461622                     0.237422103678
 219                    -0.186104970146                     0.245296201511
 220                     0.714008343519                     0.252874971861
 221                    -0.453336401913                     0.253170299344
 222                     0.814930361883                     0.257915706035
 223                     0.444771857414                     0.259797143561
 224                    -0.720567833680                     0.261044397177
 225                     0.177540425646                     0.267671241394
 226                    -0.089691006121                     0.275545339228
 227                    -0.356922437888                     0.283419437061
 228                     0.541185821438                     0.290046281278
 229                    -0.624153869655                     0.291293534894
 230                     0.273954389671                     0.297920379111
 231                     0.006722957904                     0.305794476944
 232                    -0.896956999048                     0.311400604752
 233                    -0.260508473863                     0.313668574777
 234                    -0.527739905631                     0.321542672611
 235                     0.893327023164                     0.321670127776
 236                     0.639316121308                     0.322204714741
 237                     0.370368353696                     0.328169516828
 238                    -0.794971337398                     0.329416770443
 239                     0.103136921929                     0.336043614661
 240                     0.760103948853                     0.342796370652
 241                    -0.164094509839                     0.343917712494
 242                    -0.431325941606                     0.351791810327
 243                     0.466782317721                     0.358418654545
 244                    -0.698557373373                     0.359665908160
 245                     0.199550885953                     0.366292752378
 246                    -0.067680545814                     0.374166850211
 247                    -0.334911977581                     0.382040948044
 248                     0.563196281745                     0.388667792261
 249                    -0.602149871999                     0.389935639693
 250                     0.295964849978                     0.396541890095
 251                     0.028733418211                     0.404415987928
 252                    -0.856650695560                     0.409456257999
 253                    -0.238498013556                     0.412290085761
 254                     0.854082819179                     0.414785944075
 255                    -0.505729445324                     0.420164183594
 256                     0.658688652879                     0.421711246179
 257                     0.392378814003                     0.426791027811
 258                     0.125147382236                     0.434665125644
 259                    -0.760236731536                     0.439705395716
 260                    -0.142084049531                     0.442539223478
 261                     0.757291526443                     0.443805048852
 262                    -0.409315481299                     0.450413321311
 263                     0.488792778028                     0.457040165528
 264                     0.221561346261                     0.464914263361
 265                    -0.045670085507                     0.472788361194
 266                    -0.312901517274                     0.480662459028
 267                    -0.580118344283                     0.488552446499
 268                     0.584285149162                     0.490083619446
 269                     0.317975310285                     0.495163401078
 270                    -0.680326486017                     0.501552105028
 271                     0.050743878518                     0.503037498911
 272                    -0.216487553249                     0.510911596744
 273                    -0.484123008505                     0.520104915505
 274                     0.680617167049                     0.520592718438
 275                     0.414389274310                     0.525412538795
 276                     0.147157842543                     0.533286636628
 277                    -0.782094966399                     0.538360757255
 278                    -0.120073589224                     0.541160734461
 279                     0.779276680789                     0.542432204240
 280                    -0.387305020992                     0.549034832294
 281                     0.243571806568                     0.563535774345
 282                     0.521114211168                     0.568951200774
 283                    -0.023659625200                     0.571409872178
 284                    -0.290891056967                     0.579283970011
 285                    -0.624764903134                     0.585953368639
 286                     0.339985770592                     0.593784912061
 287                     0.618557565886                     0.600337741450
 288                     0.072754338825                     0.601659009895
 289                    -0.194477092942                     0.609533107728
 290                    -0.720452094070                     0.618428347967
 291                    -0.462112548198                     0.618726426488
 292                     0.717217079626                     0.622177227252
 293                     0.436399734617                     0.624034049778
 294                     0.169168302850                     0.631908147611
 295                    -0.098063128917                     0.639782245444
 296                    -0.365294560685                     0.647656343278
 297                    -0.554962015403                     0.659016489679
 298                     0.265582266875                     0.662157285328
 299                     0.543124671475                     0.667572711758
 300                    -0.001649164893                     0.670031383161
 301                    -0.271680157797                     0.688797166131
 302                    -0.650649206339                     0.691491469007
 303                     0.361996230900                     0.692406423045
 304                     0.640309113211                     0.699313908017
 305                     0.095588054198                     0.701165708931
 306                    -0.172466632635                     0.708154618711
 307                    -0.473721555440                     0.719105177937
 308                     0.458410194924                     0.722655560761
 309                     0.192002018223                     0.731414846648
 310                    -0.077919609715                     0.744763945410
 311                    -0.376903567927                     0.748035094726
 312                    -0.564965067484                     0.763085637224
 313                     0.559199147193                     0.767333796465
 314                     0.020377480734                     0.768649280492
 315                     0.277230092797                     0.785699633614
 316                     0.378070706618                     0.792167507752
 317                    -0.200945396092                     0.805106270701
 318                    -0.301479735197                     0.815280230223
 319                    -0.478587698582                     0.820035765186
 320                     0.474484670643                     0.822416645469
 321                     0.188274973049                     0.833633436532
 322                    -0.111371224743                     0.851873039016
 323                     0.089396385483                     0.854458606701
 324                    -0.011135415636                     0.864657614266
 325                    -0.388728883234                     0.866253252091
 326                     0.340947141440                     0.886148908572
 327                    -0.268384959661                     0.910754826968
 328                     0.244841690326                     0.917364370410
 329                    -0.170075466597                     0.934119466171
 330                     0.145963102760                     0.938189540579
 331                    -0.069839657491                     0.946904041421
 332                     0.045431301641                     0.948388548144
