   1   0.561027832084991902680711264253   0.764702224759331536808419016790
   2   0.299022455581499517850901017514   0.769139513311461853588087526354
   3   0.160839045038256722756570972680   0.634023581040921692040868933353
   4  -0.478576187450843137824724704562  -0.660607584601776395363607773072
   5   0.253019056952869700728108771027  -0.819168799780006496631487364886
   6  -0.698808321091258110260918343306  -0.497458763500257280901263854826
   7  -0.239336000353825095710052256154   0.429157911170992053121730688448
   8   0.229576295282392230094127483200   0.369946370873207877867688483835
   9  -0.089940715620219585646569040775  -0.277462884154596718610323915401
  10   0.161608331562918110897318831625  -0.171705334247541080365714260806
  11   0.092467447578140588189378961790   0.092570300817130788554345905749
  12  -0.467850746527577832217966458504  -0.033135538922469762400506941693
  13   0.378971580015997740157610698579  -0.336674424452380893864366120014
  14  -0.532909187072313798025052796466   0.784556893577376409154109392304
  15   0.172356195542949202774557807705   0.455755630947718603402054945580
  16   0.241862732311746098252862177170  -0.614050494508457983177708698099
  17  -0.490115761012301404113192269609  -0.482328554024526357529462160307
  18   0.901453853360263672078597940829   0.294792590116829966039017826844
  19  -0.238566713829163707569304397209  -0.376571004117470719284852505712
  20  -0.422147797292827284916383618034   0.059323151096222600703940584335
  21   0.264531380537111685518471347589  -0.165055904303359442795633196523
  22   0.474675682603949096964559109886   0.821099699957521634051186024131
  23   0.755279139054066524559152645039  -0.072219321707789589897453591737
  24   0.493411779494883794796750049570  -0.508292944601402344933099043504
  25  -0.147160815359662612966138716270  -0.191653624080085993075957453655
  26   0.436191679755440767477180374075  -0.422483684526891619398732581759
  27  -0.856299170215083158572166301891  -0.407766418449112991572661347657
  28  -0.021203465376084078309012530254  -0.541540094322310532783504364920
  29  -0.444412811777550856811609429139  -0.389869864005833994425014634278
  30  -0.661776060230630486071901296094  -0.224900773800994180926362775070
  31   0.596334828469077369417902565535  -0.501643514657220707363017979221
  32   0.584817677964384889399915730509  -0.323375564564017618724203991448
  33  -0.548105147276405819573509804049   0.409209621338447140411487495599
  34  -0.490885047536962792253940128554   0.323400361263936414877121033854
  35   0.127422532832860043613722826180  -0.442431974359436532108975774608
  36  -0.262004648579190682975661426574  -0.019836679034106487260344813128
  37  -0.190484771949865907482431509757  -0.929105630475386073389241633244
  38   0.755591016341647492354014408500   0.226548012787282887687835015726
  39   0.481894628990191314778763214544  -0.330024994508199256294285055731
  40  -0.535819958091000000000000000000  -0.574802889159000000000000000000
  41   0.698370916602204465034444733005   0.312357272861793613222201477471
  42  -0.227818849849132615692065421129   0.250889961077788964482916700674
  43   0.355533645265970764751253669215   0.020059900630983338160141572570
  44  -0.456908805181224719021801905280   0.599759257414243749759780174339
  45  -0.654723085410752836660296646948   0.626892395063720798183901968132
  46   0.504159643474914886673989025650   0.119168020593857338834670162882
  47  -0.285038949588575643011635096624   0.336699221152299690017283162419
  48   0.344785781285939672874014693135  -0.607401064564276345607627633816
  49   0.001465182849281508956596640164  -0.092545504117211992401428863344
  50  -0.916643109157319487655271907664  -0.243489489219267012524409348738
  51   0.093335064349000000000000000000  -0.714601596026000000000000000000
  52   0.390488730520690220175597533605  -0.514942374545583982503180107787
  53  -0.730933713671000000000000000000   0.039371911259000000000000000000
  54  -0.135196208010301047988720806559   0.938745815578153449182055181795
  55  -0.032720615880776558326999365280  -0.363272144229107444144690377146
  56   0.115109132333737392689609275224   0.852731175865746103697906920202
  57  -0.399479149067461697650774447614   0.508317741301321141086016085910
  58  -0.525070846267020859537536133999   0.052673721152040963133859520052
  59   0.070202433093417016294153150685  -0.356622714284925806574609312863
  60  -0.341489762803357282190456913174  -0.383220434061652356854933569995
  61   0.173125482067610590915305666650  -0.349973284340744169004528248580
  62  -0.204380915099105640285708391765  -0.105844364005575267541590991910
  63  -0.455929962282243336829596264165  -0.211601913912630905786200646504
  64   0.230875345753538081545719489639  -0.919901242334763521010340225096
  65   0.046764498343390040887796121321   0.000111610798438425449898379721
  66   0.057915996064063148135418456715   0.627374151096740054470787869070
  67  -0.170598750109689588372495745634   0.165080701003278238948550238929
  68  -0.707479009465381033373484136565  -0.317359463819686544030810301098
  69   0.847576651606002274943636717838  -0.118246901542624389252954363334
  70  -0.558853011256436911450748780129  -0.218251343856812543356281710787
  71  -0.029678649102222601371444774868  -0.820989443401342886211747125032
  72  -0.800891910884845830145429324275   0.302639930078938785259346043641
  73  -0.250853150858517575728039091179   0.607425861264195141760544676221
  74   0.195390496552334162810531477755   0.099219730761312426124426970033
  75   0.151755201655800906877889384545  -0.799598400215839677361428038930
  76  -0.614949026834646747795242453608   0.722052224787776684241316972692
  77  -0.398709862542800309510026588669  -0.297411173987141631320567108250
  78  -0.547335860751744431432761945103  -0.396519293950015631995095698561
  79  -0.295786813568606734888874072705  -0.290761744042959993750486043967
  80  -0.316939691069372503097590322321  -0.893907687152710302659519479060
  81  -0.776589917581346533390148904357  -0.053532598276714227229355838222
  82  -0.865830531740000000000000000000   0.386371193628000000000000000000
  83  -0.113378650370246561052926070139   0.079271440928767513414183777183
  84   0.413157378746055807441206704024  -0.065947784340485442121104606212
  85   0.550631879234326822116319725065  -0.594102204675913070467465505250
  86   0.066645620888399826715121279697  -0.857854114015638411022549831647
  87  -0.250083864333856187587291232235  -0.198303054024267630646038517938
  88  -0.356327354753351507737728391712   0.784388345971120899996308709745
  89   0.204727016624631108778992782967   0.727357470270720870099337560827
  90  -0.342259049328018670331204772119   0.422508481226810415551649624165
  91  -0.330741898823326190313217937094   0.244240531133607326912835636391
  92  -0.753181958700131580675066977032  -0.409818153838378907135257827128
  93   0.481125342465529926638015355599   0.475703920780263516112298138429
  94   0.218059144777699750076140648175   0.548214320966410966506502471608
  95   0.019264986818141175814926446563   0.814635655143329852155321492239
  96  -0.414159209180774165588521427831  -0.751089754188922943811137777956
  97   0.287565681546496645554445017640  -0.521591804489765620073261172071
  98  -0.673696844475964981460271490433  -0.046434398810833037540669070259
  99   0.664302792188551488614711217110   0.040008190463528250870384765419
 100   0.569769731369286257745919638292   0.661935751016042659223649871267
 101   0.855835788166257716743109246585   0.202291989812387342116867478499
 102  -0.147930101884324001106886575214   0.614075291208376779330625740504
 103   0.754114685918555905182382719520   0.411038535817218711485880077316
 104  -0.940465881570897503730576662002   0.122660696748924703566582267432
 105   0.859275513113511209181540252718  -0.015774926992726336478714610893
 106   0.332499344256585804715279999165   0.376595800817389515437769548117
 107   0.857129996292878765978231408053   0.406017106019964027295587950367
 108  -0.903182889067772862264900959356   0.289451878247573609012822013480
 109   0.672692780343479832367072154258   0.668585180960224296793730935550
 110  -0.284269663063914254870887237679  -0.469029694136163082389300031741
 111  -0.273521799083883162993648261599   0.158431271059096601378469174646
 112   0.215690425407768808368583371062   0.829910737388744211959497847233
 113   0.263612549938452818319554832403   0.642682427341451433065737575562
 114   0.526828271429934030805951706930   0.568162620818721015762927758734
 115  -0.329972612298664802172470078149  -0.561488384154855445493747557769
 116   0.741313363240364050178340666113   0.591587878854120152991876873588
 117   0.104388231823475083577749156129  -0.085896074173030354831347799061
 118  -0.948224169302121546096211549876   0.019815288974895400774880968591
 119   0.024499483858666468992570310215  -0.449081404303618169679056838891
 120   0.435422393230779379336432515130   0.383245230761571153007850612400
 121  -0.215532412819778747533330727158  -0.733106904303876896562480481260
 122  -0.501632911516993884131179104634  -0.304060603931323268890648172533
 123  -0.536587996771713339555522969023   0.230941671245244051772673507825
 124  -0.021972751900745466449760389200   0.264188820966152239623078829240
 125  -0.432895661272858376793622594114  -0.568137814099037083063828622053
 126   0.036016634363358949010557145241  -0.627349354396821258317870826665
 127   0.790802211608492091810800371349  -0.312763899599044466270533006539
 128   0.492642492970222406656002190625   0.297435970687060427473484150655
 129  -0.193633051119074548408469415684   0.521616601189684416226178214476
 130  -0.879661126323370055977465654842  -0.057233254594861350609161610758
 131  -0.102227152649573453805303734745   0.706533981227069142435073266533
 132  -0.111031740561000000000000000000  -0.744281804621000000000000000000
 133   0.366644846131303027640236629957   0.647342349009850238979391943884
 134   0.207311280797668658198901672094  -0.079246644228848717261266734778
 135   0.035247347838697560869809286295   0.178379560891641514088712367495
 136  -0.236330188916091803890484943666   0.918514976869044544686036312348
 137  -0.788138663241892370398982538519   0.125209233050161408237333000247
 138  -0.604555960491187458752331620599  -0.310710033875504906460729236815
 139   0.766978000561575458797056179919   0.030252652842108462876786160704
 140  -0.593808096511156366875092644519   0.316750931319754777307039969571
 141  -0.078423565115527105628582205750  -0.455730834247799807249137903174
 142  -0.582290946006463886857105809494   0.138482981226551688668225981797
 143   0.652785641683859008596724382084   0.218276140556731339509198753193
 144   0.549862592709665433975571866120   0.211626710612549701939117688910
 145  -0.658419757915475972742203942045  -0.682645693835669845588073752206
 146   0.320982193751893324697293164140   0.554863750910592604076583535891
 147  -0.445182098302212244952357288084   0.415859051282628777981568559882
 148   0.648101580288062674244992158768  -0.627822025334128211188478229423
 149  -0.748066612586958247703027070079   0.583024925760923875483936658710
 150  -0.044237766385469038344986200305  -0.185004194135904355505876389372
 151   0.504928929999576274814736884595  -0.686560894694605433571913031278
 152  -0.216301699344440135674078586104   0.072622010984585875844102712900
 153  -0.387192712038107829492039753644  -0.475679124080344719959381096024
 154  -0.182115900614382068390482580659   0.343348651096481327587364226702
 155   0.516080427720249382062359219989  -0.059298354396303804551023541929
 156   0.081719583598109496312139985710  -0.534890664378128895213423300637
 157  -0.562502160344012545816772180516  -0.720555895692763956214224149323
 158  -0.205198178776000000000000000000   0.700607127315000000000000000000
 159   0.329397364828193907848096209444  -0.889392543801722457044257553045
 160  -0.158710482538461886550163390464   0.792829997203415530639751695185
 161   0.424674529250748287459193539049  -0.244215734433688530759918593986
 162  -0.433664947797519764934370453059   0.237591101189425689342754572108
 163  -0.066906414610834625610595370724  -0.633998784341002895887951890948
 164   0.375606765864841353678492612267   0.849782772750835917195115018909
 165   0.801273655337974635815794094587   0.319313945155689142351917495063
 166   0.743557734276273724701021550931  -0.588764483239088897065785757147
 167   0.378202293491336352016862839635   0.469054490836081878542217074146
 168  -0.124895800874939041070912905164   0.257539391021970602052997764957
 169   0.698371903301011823238372734750   0.497814748656798509531154761054
 170  -0.444567385393417691106112621835   0.837783719566283707830856893868
 171   0.389719443996028832034849674660   0.290786540742878789903403086372
 172   0.184642632572303070933292501675  -0.528241234433947257643342236354
 173   0.241093445787084710112114318225   0.191678420780004789228874496061
 174  -0.698075895764710801187405537924   0.310778478078612532692747893273
 175  -0.813152329577854851182525372823   0.488164941211436033643441617676
 176  -0.502402198041655272271926963579   0.501668311357139503515935021627
 177   0.538345442204972953957585031094   0.389894660705752790577931676683
 178   0.539114728729634342098332890039  -0.415834254582709981828651517476
 179   0.230345581807053618234875342145  -0.435782544415254894538894710325
 180   0.931554721248430915533153038762  -0.178122211544813385202273277998
 181   0.687740726938578464021068246474  -0.316726134619835981154122927165
 182   0.138939683337552523631709661205  -0.620699924452639620747789762382
 183   0.734131994107000000000000000000  -0.223804451473000000000000000000
 184   0.400300954536786776749135824948   0.749645037732706059400240598028
 185   0.276048531041804165536458182615  -0.343323854396562531434447184297
 186   0.187703528996000000000000000000   0.929300915895000000000000000000
 187  -0.847216651756744296554526569207   0.040668354170380105402051920777
 188   0.447708830260133247495167209100  -0.600751634620094708037546569533
 189   0.012982333353973988974583475190  -0.270813454210415081040242851118
 190  -0.376444848058076737614800777564   0.151781841114914963808388110363
 191   0.367454429511305260139623863554  -0.158406474359177805225552132240
 192   0.458456694240164339372406185180   0.026709330575164975730222636853
 193   0.446939543735471859354419350155   0.204977280668368064369036624627
 194  -0.559335253917286820374116060631   0.587668288551258831412650079186
 195   0.351541076027525527030485490832  -0.788660101246965432665404692834
 196   0.898250833244454091055962186866  -0.304412814285964324251842215037
 197   0.103389457251000000000000000000   0.748464002624000000000000000000
 198  -0.258767904804718654015724961473   0.817847614559167314793811128726
 199   0.715313462037000000000000000000   0.130707236606000000000000000000
 200  -0.075923345988662171231881394625   0.854341451019852388913546031081
 201   0.676223576433885984003081411449  -0.138458184526632892515308939391
 202  -0.181346614089720680249734721714  -0.462380264191981444819218967458
 203  -0.718996159970073513391470971590  -0.139091513726483455391996313324
 204   0.561379743214357913993558701145   0.033358760519346613300303701136
 205   0.699295668066087642828137043711  -0.495607420041863041472427684843
 206   0.333268630781247192856027858110  -0.429133114471073256968813646042
 207   0.310234329771862232820054188059  -0.072597214284667079691185670495
 208   0.115136095803506175454988132210   0.541564891022229328936421407325
 209  -0.129811853175288533593650805787  -0.845701998323660421653694097178
 210   0.287708937111501455485653875888   0.903739613180714335786096495665
 211   0.298313545526527737431683993720   0.105869160705494063694508034315
 212   0.138170396812891135490961802260   0.185028990835823151658793431778
 213   0.945612248560000000000000000000  -0.072404141089000000000000000000
 214   0.938040737227406124791948098710   0.140004629308182125675690807001
 215   0.401236594500721312052836509685   0.112518590649675701264589098599
 216  -0.135643664854970132948151881244  -0.369921574173289081714771441429
 217  -0.272752512559221774852900402654  -0.647297644229366171028114019515
 218  -0.010455601396052986431773554174   0.085920870872949150984264841466
 219  -0.651028196250599394194662320014   0.402560191394265502841406431315
 220  -0.192863764594413160267721556740  -0.284112314098778356180404979684
 221   0.070653201071690268905194870464   0.945795879724679484353411533574
 222  -0.124126514350277652930165046219  -0.548189524266492170353585429203
 223  -0.032463453101709971380872534433   0.947875437564752045685677072470
 224  -0.412130329011449781971484799583  -0.854207417923054113804525791997
 225  -0.742435714007141823097399698049   0.217667923068853771341780526275
 226   0.321751480276554712838041023084  -0.250865164377870168329999658269
 227   0.423902335201926589783884295308   0.561558032995474675394568387581
 228  -0.079192851640188493769330064694   0.349998081040662965157445290985
 229   0.275279244517142777395710323670   0.462405060891900240972136009863
 230   0.651211947182785734401033357936   0.404081863523323182356164059725
 231  -0.502447285468770885725426983987  -0.804405647823857918381973101637
 232  -0.650258909725938006053914461068  -0.403168723894197269565176762844
 233   0.149687547317583615508948637285   0.006761040742620063019979444004
 234  -0.307303964073299214906860907730  -0.112493793949756905111672056193
 235  -0.056158550630803533733356394644  -0.006537819145743212120182684562
 236   0.630520627199135436701498570979  -0.230916874545325255619756465419
 237  -0.518593115740967358645396619448   0.682417679607605577382210256488
 238  -0.865465444654910225962238720744   0.193458319527785302846453219796
 239  -0.067675701135496013751343229669   0.171730130947459876518631303212
 240   0.196159783076995550951279336700  -0.706509184527150346282156224127
 241   0.344016494761278284733266834190   0.198327850724186426798955560344
 242   0.058685282588724536276166315660  -0.178354764191722717935795325089
 243   0.595565541944415981277154706589   0.304085400631242065043565214938
 244  -0.159081599604997108354508910609  -0.013187249089924849690263748845
 245  -0.937662405811114555127499709138  -0.142516432927469110304031264690
 246  -0.710019589526972876722160068865   0.487161517908919313719415779527
 247   0.757247293152290893369312245590  -0.410290492773032229792785773440
 248   0.000695896324620120815848781220   0.713183411171250780005154330816
 249   0.286796395021835257413697158695   0.284137110798697152333322022089
 250  -0.762454949623142621256342728506   0.398347656714217064201406438322
 251   0.299082832051189125572431852665  -0.699859754582968708712075159844
 252   0.619003476694442956683511735954  -0.052648924452122166980942477646
 253   0.441260744996636794135747415617  -0.839530032727162270357011648849
 254   0.804598320115000000000000000000  -0.501988165367000000000000000000
 255  -0.570773795501771406839118974468  -0.039784968866651399970588005977
 256   0.069433146568755628153405291740   0.449106201003536965831973881297
 257  -0.045007052910130426485734059250   0.620724721152558416900706804787
 258  -0.169829463585028200231747886689  -0.640648214285184533458032955231
 259   0.859885110189162084098504355512  -0.400149119955085815581408397039
 260   0.947696648847258006438969613116   0.037320003879073032295110863352
 261   0.218828431302361138216888507120  -0.257514594322051805900080722552
 262  -0.764699109204824060693053812059  -0.231550203745175818496443839352
 263   0.467031549982689465340538781362   0.671004103352689313528536010036
 264  -0.353776199832711150349191607144   0.600776431320013504190463611938
 265  -0.411634735329000000000000000000   0.693077326562000000000000000000
 266   0.642217455079000000000000000000  -0.409273541857000000000000000000
 267   0.115905382328167563595735991155  -0.264164024266233443470161786835
 268  -0.336703374104000000000000000000   0.886652326505000000000000000000
 269  -0.101457866124912065664555875800  -0.099194934061393629971509927627
 270   0.470377478485498834760776379519  -0.151757044414996167655471067957
 271   0.129623091074565839682023437955  -0.939531572213585532379502153457
 272   0.842995826165510702219953502166   0.099956735356524473174166979394
 273  -0.805025995960000000000000000000  -0.500776660416000000000000000000
 274   0.014761201117000000000000000000  -0.948316081283000000000000000000
 275  -0.513150062021686364149165939660  -0.125792653838120180251834184759
 276  -0.606577726548000000000000000000   0.495786881515000000000000000000
 277  -0.364927697553384257596813942539  -0.026486108978288124830425877411
 278   0.023730197334005080851822451270   0.356647510984844602727526355268
 279  -0.375567896599783213260874842024  -0.655444160866475108779139916479
 280  -0.296556100093268123029621931649   0.514967171245502778656097150193
 281  -0.639511045745906914176675484989   0.224292241301062414202592443542
 282  -0.136412951379631521088899740190   0.435807341115173690691811752731
 283  -0.353006913308049762208443748200  -0.204952483968449268216119582221
 284  -0.090710002144880973787316899719   0.528266031133866053796259278759
 285  -0.616073110995879938770318455625  -0.132442083782301817821915249042
 286  -0.319224748318633710295231102069   0.065972581040404238274021648618
 287  -0.685213994980657461478258325459   0.131833551282370051098144917514
 288   0.012213046829312600833835616245   0.534915461078047691366340343042
 289  -0.033489902405437946467747224224   0.442456771059355328261892817014
 290  -0.410227013047492789528013423695  -0.119143223893938542681753120476
 291   0.252610596291777190130101153250   0.013410470686801700590060508287
 292   0.126653246308198655472974967235   0.363296940929026240297607419551
 293   0.607082692449108461295141541615   0.125817450538038976404751227165
 294  -0.593038809986494978734344785573  -0.488977983968707995099543224590
 295   0.527597578224941862080346055014  -0.237566304489506893189837529703
 296   0.837712146905852431986545043029  -0.220911698214840859901028274666
 297  -0.308073250597960603047608766674   0.693235121338705867294911137966
 298   0.804531778730000000000000000000   0.501938026190000000000000000000
 299  -0.009686314871391598291025695229  -0.719808044415513621422318352693
 300   0.080950297073448108171392126765   0.270838250910333877193159893523
 301  -0.312460072394000000000000000000  -0.768450653929000000000000000000
 302  -0.627993895241214434158688649963   0.046024291207859325563778455769
 303   0.584048391439723501259167871565   0.482353350724445153682379202711
 304   0.629751320404127605427104222895   0.574812050762902653333008823015
 305  -0.835226945553785567479973669349  -0.306804394516593542147525621308
 306   0.183873346047641682792544642730   0.277487680854515514763240957806
 307   0.573300527459692409381928895484  -0.145107614470814530085390003674
 308  -0.088298651224000000000000000000  -0.944311564389000000000000000000
 309  -0.830601038708000000000000000000  -0.151220442447000000000000000000
 310  -0.741510081426681470854935846279  -0.591341288993465507928132866803
 311  -0.387961998562769217632787612589   0.330049791208118052447202098136
 312  -0.479367897032270312235953293529   0.145132411170733326238307046080
 313   0.402007500446642910415989459417  -0.693235438160443735165226723406
 314   0.529811720921089569968378146668  -0.786651931479539797586749123277
 315   0.612097364272582923025936152167  -0.724471212386257624511125077581
 316  -0.232377976773864217568035385330  -0.834859525418989428846020110576
 317  -0.227049563324471227551317562184  -0.554838954210673807923666493486
 318  -0.638854549210411280731414363014  -0.581380835483652736540695018836
