   1                     0.048308163958                    -0.948745315079
   2                    -0.051742881640                    -0.948564191708
   3                     0.150891031757                    -0.935107709583
   4                    -0.187928517090                    -0.931200420991
   5                    -0.284824098133                    -0.906270701674
   6                     0.246502895589                    -0.905240079559
   7                     0.344938912840                    -0.885137558801
   8                    -0.110629575810                    -0.867677840692
   9                     0.088085240463                    -0.856941019343
  10                    -0.011836817630                    -0.851859008179
  11                    -0.364350925724                    -0.845560502989
  12                    -0.463097048139                    -0.829453118383
  13                     0.182195684883                    -0.822978263536
  14                     0.474736490478                    -0.822846654121
  15                     0.281130597220                    -0.808074316014
  16                    -0.272518223895                    -0.805849051168
  17                     0.379773480981                    -0.791346315108
  18                    -0.173725465715                    -0.790030218655
  19                    -0.549774781513                    -0.774394612278
  20                    -0.074932707534                    -0.774211386142
  21                     0.558645419944                    -0.768353204176
  22                     0.023860050646                    -0.758392553629
  23                    -0.353856466633                    -0.743730328694
  24                     0.122652808826                    -0.742573721115
  25                    -0.460247127727                    -0.729442506524
  26                     0.221590258618                    -0.727659944878
  27                    -0.236821355619                    -0.712382596617
  28                     0.320238325186                    -0.710936056089
  29                    -0.631010329532                    -0.710071292369
  30                     0.636357697090                    -0.705336964113
  31                     0.420121246382                    -0.698147271442
  32                    -0.138028597439                    -0.696563764104
  33                    -0.039235839259                    -0.680744931591
  34                     0.522857476946                    -0.674921583902
  35                     0.059556918921                    -0.664926099078
  36                    -0.523343017632                    -0.651794884486
  37                    -0.398710003704                    -0.650553807093
  38                     0.158349677102                    -0.649107266565
  39                    -0.299917245524                    -0.634734974580
  40                     0.257142435282                    -0.633288434052
  41                    -0.713197180642                    -0.627535762419
  42                    -0.201124487344                    -0.618916142067
  43                     0.355935193462                    -0.617469601539
  44                    -0.614570542303                    -0.610712244926
  45                     0.655266099419                    -0.607088723150
  46                    -0.102331729163                    -0.603097309554
  47                     0.454727951642                    -0.601650769025
  48                    -0.003538970983                    -0.587278477040
  49                     0.558554345222                    -0.581455129352
  50                     0.751787383633                    -0.580747002921
  51                    -0.461805893609                    -0.572906185055
  52                     0.095253787197                    -0.571459644527
  53                    -0.363013135428                    -0.557087352542
  54                     0.194046545377                    -0.555640812014
  55                    -0.775241990707                    -0.549045724357
  56                    -0.264220377248                    -0.541268520029
  57                     0.292839303557                    -0.539821979501
  58                    -0.165427619068                    -0.525449687516
  59                     0.391632061737                    -0.524003146988
  60                    -0.623694457710                    -0.511077920024
  61                    -0.066634860888                    -0.509630855003
  62                     0.490424819918                    -0.508184314475
  63                     0.693659403743                    -0.499313702085
  64                     0.808697216760                    -0.498457784767
  65                    -0.524901783513                    -0.495258563018
  66                     0.032157897292                    -0.493812022490
  67                     0.594251213497                    -0.487988674801
  68                    -0.426109025333                    -0.479439730505
  69                     0.130950655473                    -0.477993189977
  70                    -0.714660942640                    -0.469420469908
  71                    -0.327316267153                    -0.463620897992
  72                     0.229743413653                    -0.462174357464
  73                    -0.813908959809                    -0.456768370519
  74                    -0.228523508973                    -0.447802065479
  75                     0.328536171833                    -0.446355524950
  76                    -0.129730750793                    -0.431983232965
  77                     0.427328930013                    -0.430536692437
  78                    -0.587997761047                    -0.417611012187
  79                     0.750569236871                    -0.417024483932
  80                    -0.030937992612                    -0.416164400452
  81                     0.526121688193                    -0.414717859924
  82                     0.856636752622                    -0.410639532494
  83                     0.650036532789                    -0.404931643529
  84                    -0.489204915238                    -0.401792108467
  85                     0.067854765568                    -0.400345567939
  86                    -0.390412157058                    -0.385973275954
  87                     0.166647523748                    -0.384526735426
  88                    -0.872530136409                    -0.375689383198
  89                    -0.745132892833                    -0.374122491008
  90                    -0.291619398877                    -0.370154443441
  91                     0.265440281928                    -0.368707902913
  92                    -0.192826640697                    -0.354335610928
  93                     0.364233040108                    -0.352889070400
  94                    -0.651093563323                    -0.339963318943
  95                    -0.094033882517                    -0.338516778415
  96                     0.463025798289                    -0.337070237887
  97                    -0.552300805142                    -0.324144486430
  98                     0.004758875663                    -0.322697945902
  99                     0.561818556469                    -0.321251405374
 100                     0.895074232387                    -0.318266350887
 101                     0.759942610220                    -0.317413317876
 102                    -0.453508046962                    -0.308325653917
 103                     0.103551633843                    -0.306879113389
 104                     0.660611314649                    -0.305432572861
 105                    -0.808228782737                    -0.296474868971
 106                    -0.354715288782                    -0.292506821404
 107                     0.202344392024                    -0.291060280876
 108                    -0.907203630260                    -0.281838472946
 109                    -0.255922530602                    -0.276687988890
 110                     0.301137150204                    -0.275241448363
 111                    -0.714189453227                    -0.262315696905
 112                    -0.157129772422                    -0.260869156378
 113                     0.399929908384                    -0.259422615850
 114                    -0.615396695047                    -0.246496864392
 115                    -0.058337014241                    -0.245050323864
 116                     0.827974217671                    -0.244051577721
 117                     0.498722666564                    -0.243603783336
 118                    -0.516603936867                    -0.230678031879
 119                     0.040455743939                    -0.229231491351
 120                     0.597515424745                    -0.227784950823
 121                     0.718561286093                    -0.223168933571
 122                     0.924500271271                    -0.217698750447
 123                    -0.417811178687                    -0.214859199366
 124                     0.139248502119                    -0.213412658838
 125                    -0.319018420506                    -0.199040366853
 126                     0.238041260299                    -0.197593826325
 127                    -0.796009042807                    -0.196189637313
 128                    -0.220225662326                    -0.183221534340
 129                    -0.904095416486                    -0.181835555299
 130                     0.336834018479                    -0.181774993812
 131                    -0.678492584952                    -0.168849242355
 132                    -0.121432904146                    -0.167402701827
 133                     0.435626776660                    -0.165956161299
 134                    -0.579699826772                    -0.153030409842
 135                    -0.022640145966                    -0.151583869314
 136                     0.534419534840                    -0.150137328786
 137                     0.828751135100                    -0.144003384683
 138                    -0.480907068591                    -0.137211577329
 139                     0.076152612215                    -0.135765036801
 140                     0.633212293020                    -0.134318496273
 141                    -0.382114310411                    -0.121392744816
 142                     0.174945370395                    -0.119946204288
 143                     0.941690529474                    -0.119116029465
 144                     0.732005051200                    -0.118499663760
 145                    -0.283321552231                    -0.105573912303
 146                    -0.840768481058                    -0.104376251273
 147                     0.273738128575                    -0.104127371775
 148                    -0.741588474857                    -0.091201620317
 149                    -0.945624058635                    -0.090810193931
 150                    -0.184528794051                    -0.089755079789
 151                     0.372530886755                    -0.088308539262
 152                    -0.642795716676                    -0.075382787804
 153                    -0.085736035870                    -0.073936247276
 154                     0.471323644935                    -0.072489706748
 155                    -0.544002958496                    -0.059563955291
 156                     0.013056722310                    -0.058117414763
 157                     0.570116403115                    -0.056670874235
 158                     0.864448003376                    -0.050536930133
 159                    -0.445210200316                    -0.043745122778
 160                     0.111849480490                    -0.042298582250
 161                     0.668909161296                    -0.040852041722
 162                    -0.346417442136                    -0.027926290265
 163                     0.210642238670                    -0.026479749737
 164                     0.767701919476                    -0.025033209209
 165                    -0.247624683955                    -0.012107457752
 166                    -0.805162164195                    -0.010875263415
 167                     0.309434996850                    -0.010660917224
 168                     0.949973388890                     0.001382747866
 169                    -0.705982122734                     0.002299359967
 170                    -0.148831925775                     0.003711374761
 171                     0.408227755031                     0.005157915289
 172                    -0.949930344922                     0.009148299602
 173                    -0.607098848401                     0.018083666746
 174                    -0.050039167595                     0.019530207274
 175                     0.507020513211                     0.020976747802
 176                    -0.508306090220                     0.033902499259
 177                     0.048753590585                     0.035349039787
 178                     0.605813271391                     0.036795580315
 179                     0.838503416156                     0.046093401994
 180                    -0.409513332040                     0.049721331772
 181                     0.147546348765                     0.051167872300
 182                     0.704606037000                     0.052614418865
 183                    -0.310720573860                     0.065540164286
 184                    -0.868182772914                     0.066833471021
 185                     0.246339106946                     0.066986704813
 186                    -0.211927815680                     0.081358996798
 187                    -0.769374730437                     0.082556551916
 188                     0.345131865126                     0.082805537327
 189                    -0.670194738305                     0.095731288784
 190                    -0.113135057499                     0.097177829312
 191                     0.924324283131                     0.098090389264
 192                     0.443924623306                     0.098624369840
 193                    -0.571401980125                     0.111550121297
 194                    -0.014342299319                     0.112996661825
 195                     0.542717381486                     0.114443202353
 196                    -0.472609221945                     0.127368953810
 197                     0.084450458861                     0.128815494338
 198                     0.641510139666                     0.130262034866
 199                    -0.940138182401                     0.136350832712
 200                    -0.373816463765                     0.143187786323
 201                     0.183243217041                     0.144634326851
 202                     0.740302895116                     0.146080884432
 203                     0.840166851844                     0.152199272915
 204                    -0.275023705584                     0.159006618836
 205                    -0.832485904639                     0.160299925572
 206                     0.282035975221                     0.160453159364
 207                    -0.176230947404                     0.174825451349
 208                    -0.733677862162                     0.176023006466
 209                     0.380828733401                     0.176271991877
 210                    -0.634497870030                     0.189197743334
 211                    -0.077438189224                     0.190644283862
 212                     0.479621491582                     0.192090824390
 213                     0.929105235300                     0.198027304502
 214                    -0.535705111850                     0.205016575847
 215                     0.021354568956                     0.206463116375
 216                     0.578414249762                     0.207909656903
 217                    -0.436912353669                     0.220835408360
 218                     0.120147327136                     0.222281948888
 219                     0.677207005212                     0.223728506470
 220                    -0.920583512523                     0.234472488920
 221                    -0.338119595489                     0.236654240873
 222                     0.787336938038                     0.237167291244
 223                     0.218940085317                     0.238100781401
 224                    -0.239326837309                     0.252473073387
 225                     0.317732843497                     0.253919613914
 226                    -0.823837546020                     0.259976655174
 227                    -0.140534079129                     0.268291905900
 228                     0.416525601677                     0.269738446428
 229                    -0.724725409705                     0.275672884168
 230                    -0.598801001754                     0.282664197885
 231                    -0.041741320948                     0.284110738413
 232                     0.515318359857                     0.285557278941
 233                     0.903125008631                     0.294646517670
 234                    -0.500008243574                     0.298483030398
 235                     0.057051437232                     0.299929570926
 236                     0.614111115307                     0.301376128507
 237                    -0.401215485394                     0.314301862911
 238                     0.155844195412                     0.315748403439
 239                     0.712903873487                     0.317194961021
 240                    -0.302422727213                     0.330120695424
 241                     0.254636953592                     0.331567235952
 242                     0.811420253777                     0.334652548065
 243                    -0.888420293090                     0.336392054878
 244                    -0.203629969033                     0.345939527937
 245                     0.353429711772                     0.347386068465
 246                    -0.787821299610                     0.353320506205
 247                    -0.666069220328                     0.356726545274
 248                    -0.104837210853                     0.361758360450
 249                     0.452222469953                     0.363204900978
 250                    -0.563104133479                     0.376130652435
 251                    -0.006044452673                     0.377577192963
 252                     0.551015225402                     0.379023750545
 253                    -0.464311375298                     0.391949484948
 254                     0.092748305507                     0.393396025476
 255                     0.649807983582                     0.394842583058
 256                    -0.365518617118                     0.407768317461
 257                     0.191541063687                     0.409214857989
 258                     0.748324363873                     0.412300170103
 259                    -0.266725858938                     0.423587149975
 260                     0.290333821868                     0.425033690502
 261                     0.848260643130                     0.427674213516
 262                    -0.729165110233                     0.434374167311
 263                    -0.843929693865                     0.436158254997
 264                    -0.167933100758                     0.439405982488
 265                     0.389126580048                     0.440852523016
 266                    -0.630372352052                     0.450192999825
 267                    -0.069140342578                     0.455224815001
 268                     0.487949359194                     0.456695759984
 269                    -0.527407265203                     0.469597106986
 270                     0.029652415603                     0.471043647514
 271                     0.601102011929                     0.482252515856
 272                    -0.428614507023                     0.485415939499
 273                     0.128445173783                     0.486862480027
 274                     0.699627854902                     0.499700939807
 275                    -0.329821748843                     0.501234772012
 276                     0.227237931963                     0.502681312540
 277                     0.798575960724                     0.514517042034
 278                    -0.231028990662                     0.517053604525
 279                     0.326030690143                     0.518500145053
 280                    -0.793376732885                     0.522498527565
 281                    -0.693468241957                     0.527840621862
 282                    -0.132236232482                     0.532872437038
 283                     0.424823448324                     0.534318977566
 284                    -0.594675483777                     0.543659454375
 285                    -0.033443474302                     0.548691269551
 286                     0.526560149845                     0.548996634174
 287                    -0.491710396928                     0.563063561536
 288                     0.065349283878                     0.564510102064
 289                     0.637639691480                     0.578235722716
 290                    -0.392917638747                     0.578882394049
 291                     0.164142042058                     0.580328934577
 292                    -0.294124880567                     0.594701226562
 293                     0.262934800239                     0.596147767090
 294                     0.738779428942                     0.597204470429
 295                    -0.195332122387                     0.610520059076
 296                     0.361727558419                     0.611966599603
 297                    -0.714927874074                     0.625563335293
 298                    -0.096539364207                     0.626338891589
 299                     0.462452489162                     0.627024424097
 300                    -0.558978615501                     0.637125908926
 301                     0.002253393974                     0.642157724102
 302                     0.561245247343                     0.642843256610
 303                     0.101046152154                     0.657976556615
 304                    -0.462013943180                     0.661856000770
 305                    -0.357220770472                     0.672348848600
 306                     0.670851846532                     0.672613671876
 307                     0.199838910334                     0.673795389128
 308                    -0.258428012291                     0.688167681113
 309                     0.298631668514                     0.689614221641
 310                    -0.645169928966                     0.697285532869
 311                    -0.159635254111                     0.703986513626
 312                     0.399356599258                     0.704672046134
 313                    -0.060842495931                     0.719805346139
 314                     0.498149357438                     0.720490878647
 315                     0.037950262249                     0.735624178652
 316                    -0.553346521701                     0.737018471464
 317                     0.596389891993                     0.739439279670
 318                     0.136743020429                     0.751443011165
 319                    -0.405383691451                     0.760044786782
 320                    -0.306590933271                     0.775863619295
 321                     0.336260709353                     0.782319668171
 322                     0.232654416220                     0.783340054314
 323                    -0.123938385836                     0.797452968177
 324                    -0.489570294285                     0.814108272004
 325                     0.481183687510                     0.819093163483
 326                    -0.219890803101                     0.825796894366
 327                     0.044170844842                     0.835481821740
 328                     0.142963603022                     0.851300654254
 329                    -0.401232232205                     0.861083066510
 330                     0.392367858902                     0.865158260026
 331                    -0.051098537064                     0.866043061935
 332                     0.292573959168                     0.872329180942
 333                    -0.303219025283                     0.881174253629
 334                    -0.213596714276                     0.925649931260
 335                     0.208637553176                     0.926780299205
 336                    -0.115057983694                     0.942980918141
 337                     0.104786042902                     0.944172850344
 338                     0.004889494675                     0.949949215908
