   1  -0.338629136853403294209837182306   0.539330284337939576094003480336
   2  -0.354197348315805796577926831511  -0.473038196422624380355654271192
   3  -0.622764969689253637308274523040  -0.391015246635526028876870814774
   4  -0.388255663326776391022551732494   0.445509188147003857809894338461
   5  -0.092441389944552074736504120179  -0.371351669295797084201328005680
   6   0.916128018815312642575171901578  -0.239558239868743890313107928109
   7  -0.289002610380030197397122632119   0.633151380528875294378112622210
   8   0.873749775735000000000000000000  -0.341773106521000000000000000000
   9   0.508941444220774266604297803315   0.571286913647312686654116887938
  10  -0.467073727266940227981205892280  -0.293261434976644521657653111080
  11   0.261755958371253721841422711332   0.101686527126827296154326265512
  12   0.420293534469596966486322075690   0.848547018161359268702753652252
  13  -0.135256253415731052660293690170  -0.648882242400658450118546869485
  14  -0.749219702178566836084115139701   0.155112762910275049667477066953
  15   0.661180135276680562800284854771  -0.524644638386845588428417213258
  16  -0.099253052946746193625429100376  -0.187642192381871436568218283749
  17   0.049626526473373096812714550188   0.093821096190935718284109141875
  18   0.138110781906631411184484038279  -0.836934225221299917595198345494
  19   0.828531794904000000000000000000   0.458474287576000000000000000000
  20  -0.841383841916216247887294155879  -0.220388093710824327921669038592
  21  -0.509888590738119205904995462271  -0.570792008081505887574871974885
  22   0.874643392612000000000000000000   0.362864138743000000000000000000
  23   0.218941094900074743917633141341  -0.175844045978034069762892598293
  24  -0.169314568426701647104918591153   0.269665142168969788047001740168
  25  -0.119688041953328550292204040965   0.363486238359905506331110882043
  26   0.070905505332929338827076841548   0.944272792396859435800473218320
  27  -0.460262064264746109092280912083  -0.476970911890570169290762833011
  28  -0.218941094900074743917633141341   0.175844045978034069762892598293
  29   0.006811663002194118888924980197  -0.183709476913925647633109721931
  30  -0.372731143569000000000000000000   0.743185962810000000000000000000
  31  -0.356162529362898096599919764349  -0.661693813609018056067764486073
  32   0.655750909384976870789848036798   0.538074558278324969903418316228
  33   0.191694442891298268361933220554   0.558993861677668520769546289429
  34   0.402958251350591565036437695156   0.577009941632817225134284790778
  35   0.643199958695835993975049463630  -0.160113184106250914022458351018
  36   0.275379284375641959619272671725  -0.265732426701023999111893178349
  37  -0.839615142395000000000000000000   0.098706189129000000000000000000
  38  -0.198506105893492387250858200751  -0.375284384763742873136436567499
  39   0.480697053271328465759055852673  -0.074157518851206773608566332781
  40   0.142067916417925171549218670367   0.465172765486732802485437147555
  41   0.184882779889104149473008240358   0.742703338591594168402656011360
  42   0.361009011317999915466851811708   0.289328719508698732722544549261
  43  -0.155691242422313409327068630760  -0.097753811658881507219217703693
  44  -0.085629726942357955847579139982  -0.555061146209722731834437727611
  45   0.942458669757982893524620562601  -0.091925801304605501541763739915
  46  -0.029191537466790740145939609598  -0.644949526932712661183438307667
  47   0.090214299125583542466646912275  -0.942624038193786041802224716856
  48  -0.543946905749089800349620363254   0.347755376488122350590676634768
  49  -0.000000000000000000000000000000   0.000000000000000000000000000000
  50  -0.139939354555000000000000000000   0.923056915888000000000000000000
  51   0.205317768895686506139783180948   0.191574907849817225503326845568
  52  -0.853500208625572201995926268390  -0.006519302100777823433087790151
  53   0.579950106218074659384484953049   0.113484673530664662959651950968
  54   0.070061515479955453479489490778  -0.457307334550841224615220023917
  55  -0.403823874789178893390641381699  -0.566859292613560098639763413067
  56  -0.457539588123000000000000000000  -0.693466637083000000000000000000
  57  -0.945820729877041318432897958323   0.045845873122248527200681668367
  58   0.148879579420119290438143650563   0.281463288572807154852327425624
  59  -0.784945652440649032185654625495  -0.310276474433814257270669618648
  60   0.767852334336600854607606217066   0.359492214893282181314080236008
  61   0.830947637915972550177837779152   0.163413980487831092925178281448
  62   0.611553608803307465987570304583  -0.618465734577781306712526355133
  63  -0.559784273839057443329581654783  -0.664470239427811524150506858129
  64   0.424258863795761250057416322289   0.015730861871783155740434247275
  65  -0.013623326004388237777849960393   0.367418953827851295266219443861
  66  -0.394962387430965897859787846875   0.639292705108899837951137288486
  67   0.728122685965277128652584892795  -0.442280294599100317454076844300
  68  -0.295555970483684378377215711949   0.817022521497554259824827706785
  69   0.699638148171403209676688994014  -0.250001564829240843371458931074
  70  -0.250600487995437985071652007595   0.913169257347140882355526736666
  71   0.367820674320194034355776791904   0.105619242594773085089434827331
  72   0.679203159164820853009914053424   0.301126865912536099527870234718
  73   0.240278257957792569479817336386  -0.726399676557587736321593954891
  74   0.537135242746895681460695383057  -0.164045899574196702957566912837
  75  -0.654281795588673223999330288829   0.684539282370808941537325321916
  76  -0.747087313698724895972466354270  -0.409432595818138985077568616862
  77   0.076873178482149572368414470974  -0.641016811464766872248329745848
  78   0.042814863471178977923789569991   0.277530573104861365917218863805
  79  -0.861443512856483445108559590372   0.393184144269529403201456363578
  80   0.494320379275716703536905813066  -0.441576472679058068874785776642
  81   0.530323579744701562571770402861   0.019663577339728944675542809094
  82   0.248132632366865484063572750939   0.469105480954678591420545709373
  83   0.325005810849015056431987221913  -0.171911330510088280827784036475
  84   0.437882189800149487835266282682  -0.351688091956068139525785196586
  85   0.056438189475567215701639530384  -0.089888380722989929349000580056
  86  -0.485642880670383694825557818213   0.812914318733316403776478507683
  87   0.033210473501025390557396631604  -0.853093294399008032674371057183
  88   0.135256253415731052660293690170   0.648882242400658450118546869485
  89   0.939297911670523047963523303385   0.119992209242411867958899658790
  90   0.195136384270813412683566187125  -0.926606976382756312001028231750
  91  -0.282190947377836078508197651922   0.449441903614949646745002900280
  92  -0.586761769220268778273409933245   0.070224803383260984673457770962
  93   0.133311367957716788070054001359  -0.730905192187756801597330325904
  94  -0.643199958695835993975049463630   0.160113184106250914022458351018
  95   0.229830233112908781899723851296   0.838853828288605634634195393725
  96   0.751124916793863994459707611223   0.022401108500118218116627197587
  97  -0.665527530819874657503519893982  -0.673611017478396992042418808557
  98  -0.017341372592000000000000000000  -0.946712568809000000000000000000
  99   0.338629136853403294209837182306  -0.539330284337939576094003480336
 100  -0.600385095224657016051259893638   0.437643757211112279939677214824
 101  -0.191694442891298268361933220555  -0.558993861677668520769546289429
 102   0.029191537466790740145939609598   0.644949526932712661183438307667
 103  -0.261755958371253721841422711332  -0.101686527126827296154326265512
 104  -0.573565257295408112863157598117   0.753459748607138774592765045958
 105   0.631077386360000000000000000000   0.396285515950000000000000000000
 106  -0.072596776607983537665577859544  -0.844725735337319629480105801084
 107  -0.825282915347000000000000000000  -0.111254649842000000000000000000
 108  -0.593573432222462897162334913442   0.253934280297186632306567492893
 109  -0.549870210637000687086152356343   0.532016543753853913348200998363
 110  -0.374632337322388153244701772101   0.078090234319152562543674894600
 111  -0.893822114439055797923410386085  -0.312667115135531819323078971309
 112   0.404290857963840443202057983474  -0.633544337682630203422849770180
 113   0.311382484844626818654137261520   0.195507623317763014438435407387
 114  -0.629576632691447756197199503236  -0.207305769721600381243761092843
 115  -0.070061515479955453479489490778   0.457307334550841224615220023917
 116   0.593573432222462897162334913442  -0.253934280297186632306567492893
 117   0.354197348315805796577926831511   0.473038196422624380355654271192
 118  -0.800292886468000000000000000000  -0.505478858669000000000000000000
 119   0.511059509075000000000000000000  -0.659379418346000000000000000000
 120   0.837614693884000000000000000000  -0.441663324616000000000000000000
 121   0.282190947377836078508197651922  -0.449441903614949646745002900280
 122  -0.254944295369059602952497731135  -0.285396004040752943787435987443
 123   0.692826485169209090787764013817  -0.066292087915315195738349209144
 124  -0.248132632366865484063572750939  -0.469105480954678591420545709373
 125   0.636388295693641875086124483433   0.023596292807674733610651370912
 126  -0.304570821842432699765212281323  -0.379217100231688662071545129317
 127  -0.934748845084585471972687196632   0.151404404693239029122036071977
 128   0.850704417986528714994380595911   0.059131384329484093767637416029
 129   0.487508716273522584647980832870  -0.257866995765132421241676054712
 130  -0.945010041268071037591137650250  -0.060288631183658038779609373190
 131  -0.424258863795761250057416322289  -0.015730861871783155740434247275
 132  -0.063249852477761334590564510581   0.273597857636915576982110301987
 133   0.444693852802343606724191262879  -0.535397568869993787158894918517
 134   0.322692764418623254143767483453   0.890251693028071350677604128631
 135   0.212129431897880625028708161144   0.007865430935891577870217123637
 136   0.374632337322388153244701772101  -0.078090234319152562543674894600
 137   0.543946905749089800349620363254  -0.347755376488122350590676634768
 138  -0.232564420904462981695483101734   0.543262999805885365029112042154
 139   0.756076337646970425378328524399  -0.339889945552230772720459511130
 140  -0.636388295693641875086124483433  -0.023596292807674733610651370912
 141  -0.431070526797955368946341302485   0.167978615042142491892675474656
 142   0.586761769220268778273409933245  -0.070224803383260984673457770962
 143  -0.853216978984614269680590388797  -0.410730427311939919420532793027
 144  -0.189812713502867164203277472749   0.826163299548139727716739657213
 145   0.717688721854892411094731653772  -0.617739100000778116572631196059
 146   0.268567621373447840730347691529  -0.082022949787098351478783456419
 147   0.254944295369059602952497731136   0.285396004040752943787435987443
 148   0.771229213730899902641912678097   0.549439893924256638600768353278
 149   0.694686727318296778758068080839   0.112289489223108147465627777643
 150   0.085629726942357955847579139982   0.555061146209722731834437727611
 151  -0.020434989006582356666774940590   0.551128430741776942899329165792
 152  -0.579950106218074659384484953049  -0.113484673530664662959651950968
 153   0.473885390269134346870130872476   0.109551958062718874024543389149
 154  -0.083684841484343691257339451171   0.824726288378692519881439467779
 155  -0.391619255685962390355531579470   0.862156050679604802138338255365
 156  -0.027246652008776475555699920786   0.734837907655702590532438887723
 157   0.198506105893492387250858200751   0.375284384763742873136436567499
 158   0.410635537791373012279566361895   0.383149815699634451006653691136
 159   0.162502905424507528215993610957  -0.085955665255044140413892018237
 160   0.346520061875024349334798164771   0.666898322355807154483285370834
 161   0.609634199715103988069496472931  -0.724585978117990615154819462997
 162  -0.473885390269134346870130872476  -0.109551958062718874024543389150
 163   0.297759158840238580876287301127   0.562926577145614309704654851248
 164  -0.126499704955522669181129021162   0.547195715273831153964220603973
 165   0.298226142014900130687703902902  -0.637477053150575992357958331999
 166  -0.182937894431089884882768551546   0.637084095996821083313221184029
 167  -0.659717474274000000000000000000   0.348447950526000000000000000000
 168   0.919969306215826289350098293130   0.224355015028083806614384388418
 169  -0.381444000324582272133626752298   0.261799711233078210176784616530
 170  -0.410635537791373012279566361895  -0.383149815699634451006653691136
 171   0.417447200793567131168491342092   0.199440338785708803373543969205
 172  -0.042814863471178977923789569991  -0.277530573104861365917218863805
 173   0.505082074760000000000000000000   0.677386455511000000000000000000
 174  -0.932326964133727242213263956383  -0.165665714910080735522784665635
 175  -0.620572048331628264197956189629  -0.577464281628810369511719778676
 176  -0.556994477393982575651524544948   0.637914773405990102060428277428
 177  -0.273953160521989974526313234204  -0.801328753893821194985606558876
 178  -0.036250901095000000000000000000   0.945970653994000000000000000000
 179   0.460262064264746109092280912083   0.476970911890570169290762833011
 180   0.119688041953328550292204040965  -0.363486238359905506331110882043
 181   0.318194147846820937543062241717   0.011798146403837366805325685456
 182  -0.076873178482149572368414470974   0.641016811464766872248329745848
 183  -0.250097813413957784085565683777  -0.657761098141072267132655924254
 184   0.182937894431089884882768551546  -0.637084095996821083313221184029
 185  -0.265687510627153065350768004301  -0.908894297398892748151709710334
 186   0.241320969364671365174647770742   0.652814957868604239053655431304
 187  -0.461183010787980348816273268352  -0.827036231194265195487684056608
 188   0.829539302091000000000000000000  -0.049363019735000000000000000000
 189  -0.645142901110040087972224825633   0.578795862585038714421756445105
 190  -0.738051243977000000000000000000  -0.592223383875000000000000000000
 191   0.573138443215880540495559972852   0.297194150444590310592761672899
 192  -0.205317768895686506139783180948  -0.191574907849817225503326845568
 193   0.749264674644776306489403544202  -0.156180468638305125087349789200
 194  -0.148879579420119290438143650563  -0.281463288572807154852327425624
 195   0.431070526797955368946341302485  -0.167978615042142491892675474656
 196   0.013623326004388237777849960393  -0.367418953827851295266219443861
 197  -0.367820674320194034355776791904  -0.105619242594773085089434827331
 198   0.782311473651684930853513547249  -0.533542365084919516379940425293
 199  -0.142067916417925171549218670367  -0.465172765486732802485437147555
 200   0.523511916742507443682845422664   0.203373054253654592308652531024
 201  -0.537135242746895681460695383057   0.164045899574196702957566912837
 202   0.304570821842432699765212281323   0.379217100231688662071545129317
 203   0.735674947442933149291765309861   0.210193299319015893998733728189
 204   0.123765517163968469385369770724   0.834921112820659845699086831906
 205  -0.811112569249000000000000000000   0.488625499738000000000000000000
 206   0.078818063940163836958654159786   0.738770623123648379467547449541
 207   0.810384761834495428401233662378  -0.248699017919329358205019878537
 208  -0.755405701498210618997322039012   0.397785533475906102674956870971
 209   0.598494483251497623888715145108   0.733814043654796306994178933399
 210   0.092441389944552074736504120179   0.371351669295797084201328005680
 211   0.232564420904462981695483101734  -0.543262999805885365029112042154
 212  -0.365732654375114935100365705268  -0.873451957849550642551664704748
 213  -0.268567621373447840730347691529   0.082022949787098351478783456419
 214   0.381444000324582272133626752298  -0.261799711233078210176784616530
 215  -0.056438189475567215701639530384   0.089888380722989929349000580056
 216   0.331817473851209175320912202110  -0.355620807424013928460893758405
 217   0.244154308152744181481381132965  -0.832466478409851713850525490402
 218  -0.239376083906657100584408081931   0.726972476719811012662221764085
 219  -0.735641348640388068711553583808  -0.211238485189546170178869654662
 220   0.598859964025529416716937703016   0.627677072508616397337452687154
 221   0.946825891458364043641831086565   0.014121912460948791711205548925
 222  -0.701184393365491695724141598057   0.060467111517758767223673541221
 223   0.550758568751283919238545343451  -0.531464853402047998223786356698
 224   0.467073727266940227981205892280   0.293261434976644521657653111080
 225   0.823823371158990661612465590547   0.269312210139967281637405560513
 226   0.308015430162000000000000000000   0.766318699463000000000000000000
 227   0.225752757902268862806558121538  -0.359553522891959717396002320224
 228   0.650011621698030112863974443826  -0.343822661020176561655568072949
 229  -0.494320379275716703536905813066   0.441576472679058068874785776642
 230  -0.530323579744701562571770402861  -0.019663577339728944675542809094
 231  -0.686014822167014971898839033621  -0.117417388998610451894760512787
 232   0.722195227997185228439925407407   0.455307760923101929999414186213
 233  -0.212129431897880625028708161144  -0.007865430935891577870217123637
 234  -0.331817473851209175320912202110   0.355620807424013928460893758405
 235  -0.699638148171403209676688994014   0.250001564829240843371458931074
 236   0.336254361833087848083972051525  -0.885218448348035336116215005376
 237   0.155691242422313409327068630760   0.097753811658881507219217703693
 238  -0.178680470048950573640240764914  -0.848108072725005996059162005617
 239   0.855340244322741821706797366732  -0.152552282069742735674320848656
 240  -0.523511916742507443682845422664  -0.203373054253654592308652531024
 241   0.106064715948940312514354080572   0.003932715467945788935108561819
 242  -0.750810919838864792536856148245  -0.033353984673176951060435600653
 243  -0.133311367957716788070054001359   0.730905192187756801597330325904
 244   0.126499704955522669181129021162  -0.547195715273831153964220603973
 245   0.600385095224657016051259893639  -0.437643757211112279939677214824
 246  -0.573138443215880540495559972852  -0.297194150444590310592761672899
 247   0.421104223078567247328082383763   0.742412513855452702722462610695
 248   0.334217662824000000000000000000  -0.776246503114000000000000000000
 249  -0.751310455301000000000000000000   0.576343933056000000000000000000
 250  -0.225752757902268862806558121538   0.359553522891959717396002320224
 251  -0.480697053271328465759055852673   0.074157518851206773608566332781
 252   0.018964627733447767319881461475   0.851712890417239302531645461162
 253  -0.417447200793567131168491342092  -0.199440338785708803373543969205
 254  -0.843014272178273598198318835980   0.204789405901235316513072803248
 255   0.512614055721066082923293765623   0.796181842938332918068984193735
 256  -0.437882189800149487835266282682   0.351688091956068139525785196586
 257  -0.123187451549000000000000000000  -0.938848018080000000000000000000
 258  -0.900033373006761046328781861557   0.294310422210211587931660648304
 259   0.388255663326776391022551732494  -0.445509188147003857809894338461
 260  -0.695255557728617316942028357521   0.485233520444037448166025565076
 261  -0.566326780213686421606634992655  -0.480903627358515958225871394830
 262  -0.361009011317999915466851811708  -0.289328719508698732722544549261
 263   0.020434989006582356666774940590  -0.551128430741776942899329165792
 264  -0.049626526473373096812714550188  -0.093821096190935718284109141875
 265  -0.476561489983538647689084408255   0.707165944923247354531535197203
 266  -0.487508716273522584647980832870   0.257866995765132421241676054712
 267  -0.679203159164820853009914053424  -0.301126865912536099527870234718
 268   0.063249852477761334590564510581  -0.273597857636915576982110301987
 269   0.516700253740313324793920442468   0.387082531167580239941762252955
 270  -0.325005810849015056431987221913   0.171911330510088280827784036474
 271  -0.176126231428895765993843571350   0.453374619082895435680111462099
 272   0.176126231428895765993843571350  -0.453374619082895435680111462099
 273  -0.374142928002990067305296187656  -0.766297329252731448299172613233
 274   0.433206674155975235509604192700  -0.842027716060581445269665862101
 275   0.028050260328000000000000000000  -0.745159303969000000000000000000
 276  -0.006811663002194118888924980197   0.183709476913925647633109721931
 277  -0.036003200468984859034864589795  -0.461240050018787013550328585736
 278  -0.444588913904338994672502397062   0.545471608917964119667028146611
 279   0.169314568426701647104918591153  -0.269665142168969788047001740168
 280  -0.185804736805932462205612953518  -0.742209843072869807346934726553
 281   0.176133392584163386828678732313   0.930406215136309935895710167368
 282  -0.516700253740313324793920442468  -0.387082531167580239941762252955
 283  -0.106064715948940312514354080572  -0.003932715467945788935108561819
 284   0.036003200468984859034864589795   0.461240050018787013550328585736
 285  -0.078818063940163836958654159786  -0.738770623123648379467547449541
 286   0.099253052946746193625429100376   0.187642192381871436568218283749
 287   0.432395985547004954667843884627  -0.735893211754674879289374820544
 288   0.524716506798474071104815574560  -0.788258386977701229923144279062
 289   0.566326780213686421606634992655   0.480903627358515958225871394830
 290   0.629576632691447756197199503236   0.207305769721600381243761092843
 291  -0.112876378951134431403279060769   0.179776761445979858698001160112
 292  -0.162502905424507528215993610957   0.085955665255044140413892018237
 293   0.704896988735947633645215674432   0.632296554172544724069367583446
 294  -0.793861691291608281974332075076   0.298859666942974947691780029266
 295   0.112876378951134431403279060769  -0.179776761445979858698001160112
 296  -0.297759158840238580876287301127  -0.562926577145614309704654851248
 297  -0.318194147846820937543062241717  -0.011798146403837366805325685456
 298  -0.311382484844626818654137261520  -0.195507623317763014438435407387
 299  -0.550839414072020503169088983131  -0.770230249374999300596574515450
 300  -0.275379284375641959619272671725   0.265732426701023999111893178349
 301  -0.672391496162626734120989073228  -0.484836342826461747160979956648
