   1                    -0.036926077136                    -0.950297410596
   2                     0.068129328993                    -0.948620733971
   3                    -0.135248036539                    -0.941378188865
   4                     0.165259654624                    -0.936596043630
   5                    -0.248029083471                    -0.918152752074
   6                     0.341382062646                    -0.887683045739
   7                    -0.342317131578                    -0.887322874617
   8                     0.243951270225                    -0.878402204015
   9                     0.014971083617                    -0.866443521294
  10                     0.112101409248                    -0.854418830952
  11                    -0.175690179829                    -0.852228732516
  12                     0.447695400527                    -0.839101740397
  13                    -0.078799197980                    -0.838407337098
  14                    -0.268951507307                    -0.822543414059
  15                    -0.408468997938                    -0.815192271458
  16                    -0.505847944039                    -0.805382368755
  17                     0.361909604541                    -0.791988148495
  18                     0.264478812119                    -0.782707306771
  19                     0.167048019698                    -0.773426465047
  20                     0.069418366040                    -0.766259288742
  21                     0.504448241439                    -0.759364619911
  22                    -0.027813565145                    -0.754864781599
  23                    -0.125948223273                    -0.751838586784
  24                     0.599950398083                    -0.737958279464
  25                    -0.222675149987                    -0.736303098150
  26                    -0.320580653664                    -0.731907127895
  27                    -0.611291854563                    -0.728591223481
  28                    -0.417536734832                    -0.717741414702
  29                     0.418662445453                    -0.712251028009
  30                    -0.515610918217                    -0.707998706521
  31                     0.321231653031                    -0.702970186285
  32                     0.223800860610                    -0.693689344561
  33                     0.126370068189                    -0.684408502837
  34                     0.028939275768                    -0.675127661113
  35                     0.672614659372                    -0.672393056469
  36                    -0.068491516654                    -0.665846819389
  37                    -0.165922309075                    -0.656565977664
  38                    -0.263353101497                    -0.647285135941
  39                     0.572612909230                    -0.643981925852
  40                    -0.651969806073                    -0.639573261272
  41                    -0.360783893918                    -0.638004294216
  42                     0.475415286365                    -0.632513907523
  43                    -0.458214686341                    -0.628723452491
  44                     0.377984493944                    -0.623233065799
  45                    -0.556288869726                    -0.618980744311
  46                     0.280553701522                    -0.613952224075
  47                     0.183122909101                    -0.604671382351
  48                    -0.740190566175                    -0.597194129355
  49                     0.085692116679                    -0.595390540627
  50                     0.742293886357                    -0.594080172471
  51                    -0.011738675742                    -0.586109698903
  52                     0.645277170518                    -0.578416702858
  53                    -0.109169468163                    -0.576828857179
  54                    -0.206600260585                    -0.567548015455
  55                    -0.304031053006                    -0.558267173731
  56                     0.533474501991                    -0.553710843995
  57                    -0.401461845427                    -0.548986332007
  58                     0.434737334856                    -0.543495945313
  59                    -0.498892637850                    -0.539705490282
  60                     0.337306542434                    -0.534215103589
  61                    -0.604572545590                    -0.533768356641
  62                     0.239875750013                    -0.524934261865
  63                     0.142444957592                    -0.515653420141
  64                     0.800050397246                    -0.514218265328
  65                     0.045014165170                    -0.506372578417
  66                    -0.712894546749                    -0.503205722312
  67                    -0.052416627251                    -0.497091736693
  68                    -0.810784195163                    -0.496918747471
  69                     0.685454157842                    -0.489171517976
  70                    -0.149847419673                    -0.487810894969
  71                    -0.247278212094                    -0.478530053245
  72                     0.588920968189                    -0.473039666552
  73                    -0.344709004515                    -0.469249211521
  74                     0.491490175768                    -0.463758824828
  75                    -0.442139796937                    -0.459968369797
  76                     0.394059383346                    -0.454477983104
  77                    -0.539570589359                    -0.450687528072
  78                     0.296628590925                    -0.445197141380
  79                    -0.637001381781                    -0.441406686348
  80                     0.199197798504                    -0.435916299656
  81                     0.101767006082                    -0.426635457932
  82                     0.759320167296                    -0.424963216470
  83                     0.004336213661                    -0.417354616207
  84                    -0.753572498258                    -0.414187760103
  85                     0.856508811082                    -0.413419349968
  86                    -0.857684392066                    -0.410967244388
  87                    -0.093094578760                    -0.408073774483
  88                    -0.190525371182                    -0.398792932760
  89                     0.650078354500                    -0.396379047336
  90                    -0.287956163603                    -0.389512091035
  91                     0.548243016680                    -0.384021704342
  92                    -0.385386956025                    -0.380231249311
  93                     0.450812224259                    -0.374740862618
  94                    -0.482817748446                    -0.370950407587
  95                     0.353381431837                    -0.365460020894
  96                    -0.580248540868                    -0.361669565863
  97                     0.255950639416                    -0.356179179170
  98                    -0.677679333290                    -0.352388724139
  99                     0.158519846994                    -0.346898337446
 100                     0.061089054573                    -0.337617495722
 101                     0.797917207540                    -0.335023448740
 102                    -0.803060108198                    -0.329749203759
 103                    -0.036341737848                    -0.328336653998
 104                     0.894912506877                    -0.321954200817
 105                    -0.133772530270                    -0.319055812274
 106                     0.702426650012                    -0.313565425580
 107                    -0.898994740103                    -0.310372936413
 108                    -0.231203322691                    -0.309774970550
 109                     0.604995857592                    -0.304284583856
 110                    -0.328634115112                    -0.300494128826
 111                     0.507565065170                    -0.295003742132
 112                    -0.426064907534                    -0.291213287102
 113                     0.410134272749                    -0.285722900408
 114                    -0.523495699955                    -0.281932445378
 115                     0.312703480328                    -0.276442058684
 116                    -0.620926492378                    -0.272651603653
 117                     0.215272687907                    -0.267161216960
 118                    -0.726957510005                    -0.266906731093
 119                     0.117841895485                    -0.257880375236
 120                     0.020411103064                    -0.248599533512
 121                    -0.077019689358                    -0.239318691788
 122                    -0.834247084398                    -0.236979241754
 123                     0.760827790996                    -0.234986265078
 124                    -0.174450481779                    -0.230037850064
 125                     0.883675254764                    -0.224729628307
 126                     0.661748698504                    -0.224547463370
 127                    -0.271881274200                    -0.220757008340
 128                     0.564317906083                    -0.215266621646
 129                    -0.369312066622                    -0.211476166616
 130                    -0.927909267979                    -0.208584018533
 131                     0.466887113661                    -0.205985779922
 132                    -0.466742859043                    -0.202195324892
 133                     0.369456321240                    -0.196704938198
 134                    -0.564173651465                    -0.192914483168
 135                     0.272025528819                    -0.187424096474
 136                    -0.661604443887                    -0.183633641443
 137                     0.174594736397                    -0.178143254750
 138                    -0.759035236308                    -0.174352799719
 139                     0.077163943976                    -0.168862413026
 140                    -0.020266848445                    -0.159581571302
 141                     0.815932331838                    -0.154091184607
 142                    -0.117697640867                    -0.150300729578
 143                     0.718501539416                    -0.144810342884
 144                     0.939994164283                    -0.144685429481
 145                    -0.215128433288                    -0.141019887854
 146                    -0.850401110780                    -0.139264763053
 147                     0.621070746995                    -0.135529501160
 148                    -0.312559225710                    -0.131739046130
 149                     0.523639954574                    -0.126248659436
 150                    -0.409990018131                    -0.122458204406
 151                     0.426209162152                    -0.116967817712
 152                    -0.507420810552                    -0.113177362682
 153                    -0.944432459825                    -0.112117042494
 154                     0.328778369731                    -0.107686975988
 155                    -0.604851602974                    -0.103896520958
 156                     0.231347577309                    -0.098406134264
 157                    -0.702282395396                    -0.094615679234
 158                     0.133916784888                    -0.089125292541
 159                     0.036485992467                    -0.079844450816
 160                     0.872757085109                    -0.073565330218
 161                    -0.060944799955                    -0.070563609093
 162                     0.775254380328                    -0.065073222398
 163                    -0.158375592376                    -0.061282767369
 164                     0.677823587907                    -0.055792380674
 165                    -0.255806384797                    -0.052001925645
 166                     0.580392795486                    -0.046511538951
 167                    -0.833456786808                    -0.042870866876
 168                    -0.353237177219                    -0.042721083921
 169                     0.482962003064                    -0.037230697226
 170                    -0.450667969640                    -0.033440242197
 171                     0.385531210643                    -0.027949855503
 172                    -0.548098762062                    -0.024159400473
 173                     0.288100418221                    -0.018669013779
 174                    -0.645529554483                    -0.014878558749
 175                     0.950950421725                    -0.014703666599
 176                    -0.950954116309                    -0.014462747496
 177                     0.190669625800                    -0.009388172055
 178                    -0.742960346906                    -0.005597717024
 179                     0.093238833379                    -0.000107330331
 180                    -0.004191959042                     0.009173511393
 181                     0.832079133601                     0.015452631992
 182                    -0.101622751464                     0.018454353117
 183                     0.734576428819                     0.023944739812
 184                    -0.199053543885                     0.027735194841
 185                     0.637145636398                     0.033225581535
 186                    -0.296484336306                     0.037016036565
 187                     0.539714843976                     0.042506423259
 188                    -0.874115012593                     0.046156106626
 189                    -0.393915128728                     0.046296878289
 190                     0.442284051555                     0.051787264983
 191                    -0.491345921149                     0.055577720013
 192                     0.344853259134                     0.061068106707
 193                    -0.588776713571                     0.064858561737
 194                     0.247422466712                     0.070348948431
 195                    -0.686207505992                     0.074139403461
 196                     0.910272470216                     0.074314295610
 197                     0.149991674291                     0.079629790155
 198                    -0.783633888835                     0.083466421266
 199                     0.052560881870                     0.088910631879
 200                    -0.044869910552                     0.098191473603
 201                    -0.142300702973                     0.107472315327
 202                     0.800079594069                     0.108105612428
 203                     0.693898477310                     0.112962702022
 204                    -0.944142880348                     0.114530012998
 205                    -0.239731495394                     0.116753157051
 206                     0.596467684889                     0.122243543745
 207                    -0.337162287816                     0.126033998775
 208                     0.499036892467                     0.131524385469
 209                    -0.434593080237                     0.135314840499
 210                     0.401606100046                     0.140805227193
 211                    -0.532023872659                     0.144595682223
 212                     0.304175307625                     0.150086068917
 213                    -0.629454665080                     0.153876523947
 214                     0.206744515203                     0.159366910641
 215                    -0.843083612098                     0.161213599600
 216                    -0.728498557811                     0.164330434324
 217                     0.109313722782                     0.168647752365
 218                     0.935973221240                     0.168751389656
 219                     0.011882930360                     0.177928594089
 220                    -0.085547862061                     0.187209435813
 221                     0.750651318222                     0.192699822508
 222                    -0.182978654482                     0.196490277537
 223                     0.653220525801                     0.201980664232
 224                    -0.280409446903                     0.205771119260
 225                     0.847047569106                     0.209630745416
 226                    -0.927373237495                     0.210954451879
 227                     0.555789733379                     0.211261505955
 228                    -0.377840239325                     0.215051960985
 229                     0.458358940958                     0.220542347679
 230                    -0.475271031746                     0.224332802708
 231                     0.360928148537                     0.229823189403
 232                    -0.572701824168                     0.233613644432
 233                     0.263497356115                     0.239104031127
 234                    -0.787948281074                     0.242077612658
 235                    -0.670132616590                     0.242894486156
 236                     0.166066563694                     0.248384872850
 237                     0.068635771272                     0.257665714574
 238                    -0.028795021149                     0.266946556298
 239                    -0.126225813570                     0.276227398022
 240                     0.709973366713                     0.281717784718
 241                    -0.223656605991                     0.285508239746
 242                     0.906418425016                     0.287717653313
 243                     0.612542574292                     0.290998626442
 244                    -0.321087398413                     0.294789081470
 245                     0.806369617597                     0.298648707626
 246                     0.515111781870                     0.300279468165
 247                    -0.418518190834                     0.304069923194
 248                    -0.900782716364                     0.305144884094
 249                     0.417680989449                     0.309560309889
 250                    -0.515948983256                     0.313350764918
 251                     0.320250197027                     0.318841151613
 252                    -0.613379775678                     0.322631606642
 253                     0.222819404606                     0.328121993336
 254                    -0.710810568099                     0.331912448366
 255                     0.125388612185                     0.337402835060
 256                    -0.808507200162                     0.337765773790
 257                     0.027957819763                     0.346683676784
 258                    -0.069472972658                     0.355964518508
 259                    -0.166903765079                     0.365245360232
 260                    -0.264334557501                     0.374526201956
 261                     0.677820398896                     0.375002520363
 262                     0.872069062701                     0.379440848425
 263                     0.571864622782                     0.380016588651
 264                    -0.361765349922                     0.383807043680
 265                     0.474433830361                     0.389297430374
 266                     0.774919961058                     0.391329948654
 267                    -0.459196142343                     0.393087885404
 268                     0.377003037940                     0.398578272098
 269                    -0.556626934765                     0.402368727127
 270                     0.279572245518                     0.407859113822
 271                    -0.654863341005                     0.412216881819
 272                     0.182141453097                     0.417139955546
 273                    -0.752457279806                     0.420481318399
 274                    -0.850153911869                     0.426334643823
 275                     0.084710660676                     0.426420797270
 276                    -0.012720131746                     0.435701638994
 277                    -0.110150924167                     0.444982480718
 278                    -0.207581716589                     0.454263322442
 279                     0.628617463694                     0.459753709137
 280                    -0.305012509010                     0.463544164166
 281                     0.531186671273                     0.469034550861
 282                    -0.402443301431                     0.472825005890
 283                     0.725193346022                     0.475627974087
 284                     0.823060885054                     0.476543473236
 285                     0.433755878852                     0.478315392584
 286                    -0.499874093853                     0.482105847614
 287                     0.336325086430                     0.487596234308
 288                    -0.597304886274                     0.491386689337
 289                     0.238894294009                     0.496877076032
 290                    -0.704140713380                     0.505595375662
 291                     0.141463501588                     0.506157917755
 292                    -0.801837345443                     0.511448701086
 293                     0.044032709166                     0.515438759479
 294                    -0.053398083255                     0.524719601203
 295                    -0.150828875676                     0.534000442928
 296                    -0.248259668098                     0.543281284651
 297                     0.661889173739                     0.551796561362
 298                    -0.345690460519                     0.552562126375
 299                     0.490508719764                     0.558052513071
 300                    -0.443121252941                     0.561842968099
 301                     0.765028129890                     0.565026426697
 302                     0.393077927343                     0.567333354794
 303                    -0.540736530367                     0.571255090497
 304                     0.295647134921                     0.576614196518
 305                    -0.639951858188                     0.579478284403
 306                     0.198216342500                     0.585895038242
 307                     0.100785550079                     0.595175879965
 308                    -0.740745813000                     0.596412486270
 309                     0.577920158146                     0.602076753836
 310                     0.003354757657                     0.604456721689
 311                    -0.094076034764                     0.613737563413
 312                    -0.191506827186                     0.623018405137
 313                    -0.288937619607                     0.632299246861
 314                     0.702908757142                     0.640657616456
 315                    -0.386368412028                     0.641580088585
 316                     0.449792970637                     0.647097364216
 317                    -0.483799204450                     0.650860930309
 318                     0.352568869230                     0.658338691567
 319                     0.254969183412                     0.665632158728
 320                    -0.673634148507                     0.671371682718
 321                     0.157538390991                     0.674913000452
 322                    -0.576401796196                     0.682541418573
 323                     0.060107598570                     0.684193842175
 324                     0.537222482910                     0.691085700382
 325                    -0.037323193852                     0.693474683899
 326                    -0.134753986273                     0.702755525623
 327                     0.633345583921                     0.709504245032
 328                    -0.232184778695                     0.712036367347
 329                    -0.329615571116                     0.721317209071
 330                    -0.433649643210                     0.735150283940
 331                     0.429922664482                     0.742930887934
 332                     0.332698563075                     0.754172215285
 333                     0.214291231903                     0.754650120937
 334                     0.116958810967                     0.764911411372
 335                     0.019429647061                     0.773211804384
 336                    -0.549110410242                     0.776531171141
 337                    -0.077887038687                     0.783720149323
 338                     0.531362376969                     0.788781925966
 339                    -0.175431937783                     0.791773487833
 340                    -0.272143266872                     0.807255636391
 341                    -0.370293522624                     0.810335171281
 342                    -0.466397684995                     0.828852279855
 343                     0.273809446939                     0.832344878893
 344                     0.447484600430                     0.839214176934
 345                     0.174586882511                     0.844106579476
 346                    -0.019259175439                     0.863112128902
 347                     0.078612492923                     0.863284949534
 348                     0.358867964050                     0.880759153667
 349                    -0.138774499192                     0.882521080257
 350                    -0.321392070600                     0.895114539791
 351                     0.234105097547                     0.921801337432
 352                    -0.227698135948                     0.923404819825
 353                     0.138130707959                     0.940979707490
 354                    -0.066689849829                     0.948723018758
 355                     0.033847734277                     0.950454207952
