   1                     0.000295609121                    -0.953371310070
   2                    -0.103338812868                    -0.947473759779
   3                     0.110227508822                    -0.946977739205
   4                    -0.198830410877                    -0.932407319770
   5                     0.202221171341                    -0.931677809176
   6                     0.292279891697                    -0.907463171241
   7                    -0.302648189478                    -0.904058082014
   8                     0.050891336295                    -0.875032340238
   9                    -0.046309990899                    -0.872594829277
  10                     0.387069888276                    -0.871258769746
  11                    -0.138844060842                    -0.861003120929
  12                    -0.230675085992                    -0.844755517339
  13                     0.221685170405                    -0.840474330388
  14                    -0.450396863279                    -0.840273531535
  15                    -0.357837614520                    -0.828884621497
  16                     0.476901331434                    -0.825519268295
  17                     0.129693675174                    -0.825161374839
  18                     0.311743890762                    -0.816259692453
  19                     0.004285736275                    -0.794255859445
  20                    -0.530337933431                    -0.792249088743
  21                    -0.088248333668                    -0.782664151097
  22                     0.396734341378                    -0.777872909485
  23                    -0.180079358819                    -0.766416547507
  24                     0.577924661774                    -0.758234810308
  25                    -0.273901663593                    -0.753259632845
  26                     0.246882480305                    -0.749252832834
  27                    -0.367484426010                    -0.736127622674
  28                     0.154673105395                    -0.735311779023
  29                     0.488162118623                    -0.732944344723
  30                    -0.460564055979                    -0.730373990133
  31                     0.062463730485                    -0.721370725211
  32                    -0.582605937466                    -0.715015821579
  33                    -0.029745644424                    -0.707429671400
  34                     0.649240315714                    -0.698143219334
  35                    -0.121955019334                    -0.693488617589
  36                     0.407995128566                    -0.685297985912
  37                     0.312109844156                    -0.681484518177
  38                    -0.214174629031                    -0.679615427976
  39                    -0.668804411899                    -0.679424462965
  40                    -0.306384003940                    -0.665674374165
  41                     0.212851099606                    -0.662426644789
  42                     0.546340112834                    -0.660059210489
  43                    -0.409041449050                    -0.652641482275
  44                     0.120641724696                    -0.648485590978
  45                    -0.502121079019                    -0.646887849734
  46                     0.028432349787                    -0.634544537167
  47                     0.714343749378                    -0.631371483340
  48                    -0.592061975747                    -0.622239180432
  49                    -0.063777025123                    -0.620603483356
  50                     0.466173122777                    -0.612412851679
  51                    -0.731985398571                    -0.610830842811
  52                     0.623966012920                    -0.608376123910
  53                    -0.155986400033                    -0.606662429545
  54                     0.363238468726                    -0.603482564367
  55                    -0.248206009729                    -0.592789239932
  56                     0.271029093816                    -0.589541510556
  57                    -0.341532026799                    -0.579277613349
  58                     0.178819718907                    -0.575600456745
  59                    -0.434891586992                    -0.563038512620
  60                     0.086610343997                    -0.561659402934
  61                     0.543746737219                    -0.560610456803
  62                     0.772612024141                    -0.558558504011
  63                    -0.529698611174                    -0.552066143823
  64                    -0.005599030912                    -0.547718349123
  65                    -0.097808405822                    -0.533777295312
  66                    -0.621162626840                    -0.533638537609
  67                     0.421416462937                    -0.530597430134
  68                    -0.190017780732                    -0.519836241500
  69                     0.651908990262                    -0.519403589834
  70                    -0.713783483493                    -0.519367122735
  71                     0.329207088027                    -0.516656376323
  72                    -0.806410778760                    -0.508545571359
  73                    -0.282237390428                    -0.505963051888
  74                     0.236997713118                    -0.502715322512
  75                    -0.374446765338                    -0.492021998077
  76                     0.144788338208                    -0.488774268701
  77                    -0.468922967691                    -0.476212324576
  78                     0.052578963298                    -0.474833214889
  79                     0.826708794562                    -0.474807246585
  80                     0.733349829763                    -0.473968895339
  81                     0.571803832058                    -0.471653349712
  82                    -0.561132342600                    -0.462271270765
  83                    -0.039630411611                    -0.460892161078
  84                     0.479594457148                    -0.457712295901
  85                    -0.131839786521                    -0.446951107267
  86                    -0.655194007538                    -0.446812349564
  87                     0.387385082238                    -0.443771242090
  88                    -0.224049161431                    -0.433010053456
  89                    -0.747814864192                    -0.432540934691
  90                     0.295175707329                    -0.429830188279
  91                    -0.852238325408                    -0.427325144305
  92                    -0.316268771127                    -0.419136863844
  93                     0.202966332419                    -0.415889134467
  94                     0.648888739881                    -0.413079584927
  95                    -0.408478146037                    -0.405195810033
  96                     0.110756957509                    -0.401948080656
  97                     0.868389587200                    -0.391371840977
  98                    -0.502954348389                    -0.389386136532
  99                     0.018547582599                    -0.388007026845
 100                     0.537772451359                    -0.384827161668
 101                     0.760490914519                    -0.384748475474
 102                    -0.595163723299                    -0.375445082721
 103                    -0.073661792310                    -0.374065973034
 104                     0.445563076449                    -0.370886107856
 105                    -0.165871167220                    -0.360124919223
 106                    -0.689225388237                    -0.359986161520
 107                     0.353353701539                    -0.356945054045
 108                    -0.796174013412                    -0.352801894758
 109                    -0.258080542130                    -0.346183865412
 110                     0.261144326630                    -0.343004000234
 111                    -0.890288437461                    -0.339560911580
 112                    -0.350300151826                    -0.332310675799
 113                     0.168934951720                    -0.329062946423
 114                     0.688159820479                    -0.325883081245
 115                    -0.442509526736                    -0.318369621988
 116                     0.076725576810                    -0.315121892612
 117                     0.595950445570                    -0.311942027434
 118                     0.818668908729                    -0.311863341241
 119                    -0.536985729088                    -0.302559948487
 120                    -0.015483798099                    -0.301180838801
 121                     0.503741070660                    -0.298000973623
 122                    -0.629195103998                    -0.288618894676
 123                     0.908825529971                    -0.288015795268
 124                    -0.107693173009                    -0.287239784989
 125                     0.411531695750                    -0.284059919812
 126                    -0.735310143484                    -0.278911398884
 127                    -0.199902547919                    -0.273298731178
 128                     0.319322320841                    -0.270118866001
 129                    -0.827519518394                    -0.264970345074
 130                    -0.292111922828                    -0.259357677367
 131                     0.227112945931                    -0.256177812190
 132                     0.746337814690                    -0.252997947012
 133                    -0.919728893304                    -0.251029291263
 134                    -0.384331532525                    -0.245484487755
 135                     0.134903571021                    -0.242236758378
 136                     0.654128439780                    -0.239056893201
 137                    -0.476540907435                    -0.231543433944
 138                     0.042694196112                    -0.228295704567
 139                     0.561919064871                    -0.225115839390
 140                     0.832904942505                    -0.218312875520
 141                    -0.571017109787                    -0.215733760443
 142                    -0.049515178798                    -0.214354650756
 143                     0.469709689961                    -0.211174785579
 144                    -0.663226484697                    -0.201792706632
 145                    -0.141724553708                    -0.200413596945
 146                     0.377500315051                    -0.197233731767
 147                     0.923431204641                    -0.195909356459
 148                    -0.755435859606                    -0.187851652821
 149                    -0.233933928618                    -0.186472543134
 150                     0.285290940142                    -0.183292677956
 151                    -0.847645234516                    -0.173910599010
 152                    -0.326143303527                    -0.172531489323
 153                     0.193081565232                    -0.169351624145
 154                     0.712306433991                    -0.166171758968
 155                    -0.939854609426                    -0.159969545199
 156                    -0.418362913224                    -0.158658299710
 157                     0.100872190322                    -0.155410570334
 158                     0.620097059082                    -0.152230705157
 159                    -0.510572288134                    -0.144717245899
 160                     0.008662815413                    -0.141469516523
 161                     0.527887684172                    -0.138289651345
 162                    -0.605048490486                    -0.128907572398
 163                     0.856955602155                    -0.128210225320
 164                    -0.083546559497                    -0.127528462712
 165                     0.435678309262                    -0.124348597534
 166                    -0.697257865396                    -0.114966518587
 167                    -0.175755934407                    -0.113587408901
 168                     0.343468934353                    -0.110407543723
 169                     0.947481864291                    -0.105806706260
 170                    -0.789467240305                    -0.101025464777
 171                    -0.267965309316                    -0.099646355089
 172                     0.251259559443                    -0.096466489912
 173                     0.770484428202                    -0.093286624734
 174                    -0.881676615215                    -0.087084410966
 175                    -0.360174684226                    -0.085705301278
 176                     0.159050184533                    -0.082525436101
 177                     0.678275053293                    -0.079345570923
 178                    -0.452394293923                    -0.071832111666
 179                     0.066840809624                    -0.068584382290
 180                     0.586065678383                    -0.065404517112
 181                    -0.544603668833                    -0.057891057855
 182                    -0.025368565286                    -0.054643328478
 183                     0.493856303473                    -0.051463463301
 184                    -0.639079871185                    -0.042081384354
 185                    -0.117577940196                    -0.040702274667
 186                     0.401646928563                    -0.037522409490
 187                     0.849024207388                    -0.032839344967
 188                    -0.731289246095                    -0.028140330543
 189                    -0.952989256454                    -0.026989244753
 190                    -0.209787315106                    -0.026761220856
 191                     0.309437553654                    -0.023581355678
 192                    -0.823498621005                    -0.014199276732
 193                    -0.301996690015                    -0.012820167045
 194                     0.953286359592                    -0.012730234276
 195                     0.217228178744                    -0.009640301867
 196                     0.736453047503                    -0.006460436690
 197                    -0.394206064925                     0.001120886766
 198                     0.125018803834                     0.004300751944
 199                     0.644243672594                     0.007480617121
 200                    -0.486425674622                     0.014994076378
 201                     0.032809428925                     0.018241805755
 202                     0.552034297684                     0.021421670932
 203                    -0.578635049532                     0.028935130189
 204                    -0.059399945985                     0.032182859566
 205                     0.459824922774                     0.035362724744
 206                    -0.673111251884                     0.044744803690
 207                    -0.151609320895                     0.046123913377
 208                     0.367615547865                     0.049303778555
 209                     0.886879620692                     0.052745462216
 210                    -0.765320626794                     0.058685857501
 211                    -0.243818695804                     0.060064967188
 212                     0.275406172955                     0.063244832366
 213                    -0.951066829782                     0.066248226675
 214                     0.794631041714                     0.066424697543
 215                    -0.857530001704                     0.072626911312
 216                    -0.336028070714                     0.074006020999
 217                     0.183196798045                     0.077185886177
 218                     0.702421666804                     0.080365751354
 219                    -0.428237445624                     0.087947074811
 220                     0.090987423136                     0.091126939988
 221                     0.610212291895                     0.094306805166
 222                    -0.520457055320                     0.101820264422
 223                    -0.001221951774                     0.105067993799
 224                     0.518002916985                     0.108247858977
 225                    -0.612666430231                     0.115761318234
 226                    -0.093431326684                     0.119009047610
 227                     0.425793542076                     0.122188912788
 228                     0.945057614903                     0.125630596450
 229                    -0.707142632583                     0.131570991735
 230                    -0.185640701593                     0.132950101422
 231                     0.333584167166                     0.136129966599
 232                     0.852848239993                     0.139571650261
 233                    -0.277850076503                     0.146891155233
 234                    -0.909783455916                     0.149870023144
 235                     0.241374792256                     0.150071020410
 236                    -0.810008181933                     0.153068689114
 237                     0.760599661015                     0.153250885588
 238                    -0.370059451413                     0.160832209044
 239                     0.149165417347                     0.164012074222
 240                     0.668390286105                     0.167191939399
 241                    -0.462268826322                     0.174773262855
 242                     0.056956042437                     0.177953128033
 243                     0.576180911196                     0.181132993210
 244                    -0.554488436019                     0.188646452467
 245                    -0.035253332473                     0.191894181844
 246                     0.483971536286                     0.195074047021
 247                    -0.646697810930                     0.202587506278
 248                    -0.127462707383                     0.205835235655
 249                     0.391762161376                     0.209015100832
 250                     0.928261968527                     0.217362968410
 251                    -0.742790373082                     0.217746164493
 252                    -0.219672082292                     0.219776289466
 253                     0.299552786467                     0.222956154644
 254                     0.836052593617                     0.231304022221
 255                    -0.311881457202                     0.233717343277
 256                     0.207343411557                     0.236897208455
 257                    -0.922063026716                     0.242315325586
 258                     0.743804014639                     0.244983257548
 259                    -0.404090832112                     0.247658397088
 260                     0.115134036648                     0.250838262266
 261                    -0.829356332485                     0.252434151970
 262                     0.651594639730                     0.258924311359
 263                    -0.496300207021                     0.261599450900
 264                     0.022924661738                     0.264779316077
 265                     0.542149530497                     0.267959181254
 266                    -0.588519816718                     0.275472640510
 267                    -0.069284713172                     0.278720369888
 268                     0.449940155588                     0.281900235066
 269                    -0.682345551428                     0.288762679036
 270                    -0.161494088081                     0.292661423699
 271                     0.357730780678                     0.295841288877
 272                    -0.253703462991                     0.306602477511
 273                     0.902584298528                     0.307015514754
 274                     0.265521405768                     0.309782342688
 275                    -0.345912837901                     0.320543531322
 276                     0.810374923619                     0.320956568565
 277                     0.173312030859                     0.323723396499
 278                    -0.893977134538                     0.331242849240
 279                     0.713192188987                     0.333073199839
 280                    -0.438122212811                     0.334484585133
 281                     0.081102655949                     0.337664450311
 282                     0.603073627429                     0.338564961582
 283                    -0.801270440307                     0.341361675624
 284                    -0.530331587720                     0.348425638944
 285                    -0.011106718961                     0.351605504122
 286                     0.508314103683                     0.354861918236
 287                    -0.622551197417                     0.362298828555
 288                    -0.103316093870                     0.365546557933
 289                     0.416104728774                     0.368802972047
 290                    -0.714766125063                     0.376203105658
 291                    -0.195525468780                     0.379487611744
 292                     0.323895353864                     0.382744025859
 293                    -0.287734843690                     0.393428665555
 294                     0.231685978954                     0.396685079670
 295                     0.864767221619                     0.398663356699
 296                     0.771602898605                     0.405771967397
 297                    -0.379944218600                     0.407369719366
 298                     0.139476604045                     0.410626133481
 299                     0.661879511877                     0.410944445947
 300                    -0.857337271287                     0.417000893898
 301                    -0.472153593509                     0.421310773177
 302                     0.047267229135                     0.424567187292
 303                     0.569238200615                     0.425467698564
 304                    -0.564361879950                     0.435287630143
 305                    -0.044942145774                     0.438508241104
 306                     0.475023447861                     0.441978588660
 307                    -0.656617204047                     0.449111437056
 308                    -0.770490854264                     0.450980618040
 309                    -0.137151520684                     0.452449294915
 310                     0.382144383874                     0.455656968944
 311                    -0.229360895593                     0.466390348726
 312                     0.289935008964                     0.469598022755
 313                    -0.321570270503                     0.480331402537
 314                     0.197725634054                     0.483539076566
 315                     0.720290221495                     0.483643213505
 316                     0.820783114427                     0.485007238422
 317                    -0.413779645413                     0.494272456348
 318                     0.105516259145                     0.497480130378
 319                     0.628044085062                     0.497847182928
 320                    -0.505989020323                     0.508213510159
 321                     0.013306884235                     0.511421184189
 322                     0.535958670666                     0.512584830569
 323                    -0.598186960505                     0.522229987203
 324                    -0.078902490675                     0.525362238000
 325                     0.440322378085                     0.528542103177
 326                    -0.690417894491                     0.536027690588
 327                    -0.171111865584                     0.539303291811
 328                     0.348113003175                     0.542483156988
 329                    -0.783387919985                     0.543341797647
 330                    -0.263321240494                     0.553244345622
 331                     0.255903628265                     0.556424210799
 332                     0.769470437316                     0.562878484529
 333                    -0.355530615403                     0.567185399433
 334                     0.163694253356                     0.570365264611
 335                     0.677294486450                     0.577038847678
 336                    -0.447739990313                     0.581126453245
 337                     0.071484878446                     0.584306318422
 338                    -0.539949365222                     0.595067507056
 339                    -0.020724496464                     0.598247372233
 340                     0.501251853387                     0.599143242275
 341                    -0.112933871373                     0.612188426044
 342                     0.406666229511                     0.615915391938
 343                     0.592338306623                     0.619891608921
 344                    -0.720545593991                     0.624284381696
 345                    -0.205143246283                     0.626129479856
 346                    -0.627347348021                     0.627602325410
 347                     0.314081622476                     0.629309345033
 348                    -0.297352621193                     0.640070533667
 349                     0.221872247566                     0.643250398844
 350                     0.129704122688                     0.657467066311
 351                    -0.398264258112                     0.660177536259
 352                     0.677955138351                     0.670293795759
 353                     0.037453497747                     0.671132506467
 354                    -0.054755877163                     0.685073560278
 355                    -0.528750498658                     0.687649941623
 356                     0.527349109774                     0.688674549713
 357                    -0.146965252072                     0.699014614089
 358                     0.368098250466                     0.705329906088
 359                    -0.239174626982                     0.712955667900
 360                     0.275888875556                     0.719270959900
 361                    -0.623991533030                     0.720799215424
 362                    -0.332608864011                     0.726406616187
 363                     0.609223032941                     0.733324101870
 364                    -0.450073894201                     0.737719031027
 365                     0.095399135849                     0.744202505971
 366                     0.452698499889                     0.744569167042
 367                     0.188371731771                     0.751483866418
 368                     0.003189760939                     0.758143559782
 369                    -0.089019613971                     0.772084613593
 370                    -0.550583153197                     0.778315574600
 371                     0.534661610427                     0.789337636620
 372                     0.334599774466                     0.792363083143
 373                    -0.181028489636                     0.792540144508
 374                    -0.274430869800                     0.799291750420
 375                    -0.381405741226                     0.805878539384
 376                     0.247019531085                     0.824404037748
 377                    -0.471906548726                     0.828384663981
 378                     0.061367755150                     0.831028694016
 379                     0.454984307681                     0.837798437581
 380                     0.154834004245                     0.838501925664
 381                    -0.116665644936                     0.861149863688
 382                    -0.023750521736                     0.869131197117
 383                     0.370953512596                     0.878242810242
 384                    -0.248185983513                     0.888779893469
 385                    -0.341433427092                     0.890134909502
 386                     0.283373269215                     0.910283764847
 387                     0.101675597047                     0.915125065425
 388                     0.193081584284                     0.933614719282
 389                    -0.169130917176                     0.938249260647
 390                    -0.076653526033                     0.950284788469
 391                     0.016557320161                     0.953227568526
