   1                    -0.026160259225                    -0.951056746549
   2                     0.085960736236                    -0.947525221904
   3                    -0.126366300363                    -0.942987196335
   4                     0.187853864143                    -0.932640161694
   5                    -0.221887829911                    -0.925180569001
   6                     0.282957610208                    -0.908365722132
   7                     0.027402330090                    -0.869985866388
   8                    -0.393563250812                    -0.866199319978
   9                    -0.069588406294                    -0.864134743429
  10                    -0.296452931444                    -0.862879010290
  11                     0.123832584834                    -0.858042476819
  12                    -0.165109935842                    -0.846328116095
  13                     0.353322021174                    -0.841356108990
  14                     0.450432340543                    -0.838035799303
  15                     0.218405550761                    -0.835740174249
  16                    -0.499868753888                    -0.809521169091
  17                    -0.021398358333                    -0.779759641285
  18                     0.553175141221                    -0.774073999986
  19                     0.075579776903                    -0.773703250411
  20                    -0.410845483973                    -0.770581523511
  21                    -0.313735164605                    -0.767261213824
  22                    -0.216624845236                    -0.763940904137
  23                    -0.116919887881                    -0.761953013951
  24                     0.170152742830                    -0.751400947841
  25                     0.267430160783                    -0.749491710246
  26                     0.364514911074                    -0.744835863445
  27                     0.461625230443                    -0.741515553758
  28                    -0.551299386110                    -0.727081320392
  29                    -0.644560998631                    -0.699810269547
  30                     0.021686690827                    -0.692667063398
  31                     0.598854828368                    -0.688313841600
  32                    -0.462276116195                    -0.688141674812
  33                    -0.365165796826                    -0.684821365124
  34                    -0.268055477458                    -0.681501055438
  35                    -0.170945158090                    -0.678180745750
  36                    -0.073834838721                    -0.674860436063
  37                     0.116297162266                    -0.670524405962
  38                     0.215973959485                    -0.665716324433
  39                     0.313084278853                    -0.662396014746
  40                     0.410194598221                    -0.659075705059
  41                     0.507304917590                    -0.655755395372
  42                     0.690109478493                    -0.654936792380
  43                    -0.712577087250                    -0.630418265158
  44                    -0.612604999615                    -0.608048334568
  45                    -0.514130630234                    -0.605892557170
  46                    -0.416696743118                    -0.602328159943
  47                    -0.319586423749                    -0.599007850256
  48                    -0.222476104381                    -0.595687540569
  49                    -0.125365785013                    -0.592367230882
  50                    -0.028255465644                    -0.589046921195
  51                     0.068854853724                    -0.585726611507
  52                     0.165965173092                    -0.582406301820
  53                     0.753311127519                    -0.581133065206
  54                     0.263075492461                    -0.579085992133
  55                     0.360185811829                    -0.575765682446
  56                     0.457296131197                    -0.572445372759
  57                     0.554464488683                    -0.570799966143
  58                     0.651733800950                    -0.565668959667
  59                    -0.777658726898                    -0.548109047708
  60                    -0.680621088235                    -0.538656330179
  61                    -0.565237694707                    -0.523208620931
  62                    -0.468127375339                    -0.519888311244
  63                    -0.371017055971                    -0.516568001557
  64                    -0.273906736602                    -0.513247691870
  65                    -0.176796417234                    -0.509927382183
  66                    -0.079686097866                    -0.506607072496
  67                     0.017424221502                    -0.503286762808
  68                     0.114534540871                    -0.499966453121
  69                     0.211644860239                    -0.496646143434
  70                     0.812255405936                    -0.495354800517
  71                     0.308755179607                    -0.493325833747
  72                     0.714935449975                    -0.491865232493
  73                     0.405865498976                    -0.490005524060
  74                     0.502975818344                    -0.486685214373
  75                     0.600086137712                    -0.483364904686
  76                    -0.829498527673                    -0.465894874646
  77                    -0.713618088065                    -0.447263570146
  78                    -0.616668326929                    -0.440768772232
  79                    -0.519558007561                    -0.437448462545
  80                    -0.422447688192                    -0.434128152858
  81                    -0.325337368824                    -0.430807843171
  82                    -0.228227049456                    -0.427487533484
  83                    -0.131116730088                    -0.424167223797
  84                    -0.034006410719                    -0.420846914109
  85                     0.063103908649                    -0.417526604422
  86                     0.160214228017                    -0.414206294735
  87                     0.257324547386                    -0.410885985048
  88                     0.858329553220                    -0.409797964199
  89                     0.354434866754                    -0.407565675361
  90                     0.451545186122                    -0.404245365674
  91                     0.548655505491                    -0.400925055987
  92                     0.742925329990                    -0.398816830030
  93                     0.645765824859                    -0.397604746300
  94                    -0.783447255607                    -0.379696374373
  95                    -0.879250295408                    -0.363472436842
  96                    -0.670767867483                    -0.360055215154
  97                    -0.570988639782                    -0.355008613846
  98                    -0.473878320414                    -0.351688304159
  99                    -0.376768001046                    -0.348367994472
 100                    -0.279657681677                    -0.345047684785
 101                    -0.182547362309                    -0.341727375098
 102                    -0.085437042941                    -0.338407065410
 103                     0.011673276428                    -0.335086755723
 104                     0.108783595796                    -0.331766446036
 105                     0.205893915164                    -0.328446136349
 106                     0.807895829242                    -0.326565374604
 107                     0.303004234532                    -0.325125826662
 108                     0.400114553901                    -0.321805516975
 109                     0.497224873269                    -0.318485207288
 110                     0.594335192637                    -0.315164897601
 111                     0.695010476235                    -0.313720185056
 112                     0.902040111146                    -0.302517656020
 113                    -0.815934423759                    -0.288121145792
 114                    -0.719525494005                    -0.276006821713
 115                    -0.622419272004                    -0.272568765147
 116                    -0.911737463560                    -0.271897208261
 117                    -0.525308952636                    -0.269248455460
 118                    -0.428198633267                    -0.265928145773
 119                    -0.331088313899                    -0.262607836086
 120                    -0.233977994531                    -0.259287526398
 121                    -0.136867675162                    -0.255967216711
 122                    -0.039757355794                    -0.252646907024
 123                     0.057352963574                    -0.249326597337
 124                     0.154463282943                    -0.246006287650
 125                     0.251573602311                    -0.242685977963
 126                     0.348683921679                    -0.239365668276
 127                     0.445794241048                    -0.236045358589
 128                     0.834047025377                    -0.232983573355
 129                     0.542904560416                    -0.232725048902
 130                     0.640014879784                    -0.229404739215
 131                     0.737125199152                    -0.226084429528
 132                     0.928191307280                    -0.208935854771
 133                    -0.778221271284                    -0.198571401433
 134                    -0.673949827330                    -0.190191338311
 135                    -0.576739584857                    -0.186808606761
 136                    -0.479629265489                    -0.183488297074
 137                    -0.382518946121                    -0.180167987386
 138                    -0.285408626752                    -0.176847677699
 139                    -0.895362560875                    -0.176119856312
 140                    -0.188298307384                    -0.173527368012
 141                    -0.091187988016                    -0.170207058325
 142                     0.005922331353                    -0.166886748638
 143                     0.103032650721                    -0.163566438951
 144                     0.200142970089                    -0.160246129264
 145                     0.297253289458                    -0.156925819577
 146                     0.394363608826                    -0.153605509890
 147                     0.491473928194                    -0.150285200203
 148                     0.588584247563                    -0.146964890516
 149                     0.791188829811                    -0.145254909166
 150                     0.685694566931                    -0.143644580829
 151                     0.905302508534                    -0.114503119577
 152                    -0.822351754984                    -0.112003861370
 153                    -0.725280530814                    -0.107689232496
 154                    -0.628170217079                    -0.104368758062
 155                    -0.531059897710                    -0.101048448375
 156                    -0.433949578342                    -0.097728138687
 157                    -0.336839258974                    -0.094407829000
 158                    -0.946793193096                    -0.093680007613
 159                    -0.239728939605                    -0.091087519313
 160                    -0.142618620237                    -0.087767209626
 161                    -0.045508300869                    -0.084446899939
 162                     0.051602018500                    -0.081126590252
 163                     0.148712337868                    -0.077806280565
 164                     0.245822657236                    -0.074485970878
 165                     0.342932976605                    -0.071165661191
 166                     0.440043295973                    -0.067845351504
 167                     0.537153615341                    -0.064525041817
 168                     0.634263934709                    -0.061204732130
 169                     0.731374254078                    -0.057884422443
 170                     0.828498025104                    -0.054984131773
 171                    -0.873782387205                    -0.029564012671
 172                     0.950982195681                    -0.028742961191
 173                    -0.776711163035                    -0.025249383796
 174                    -0.679600849300                    -0.021928909362
 175                    -0.582490529931                    -0.018608599675
 176                    -0.485380210563                    -0.015288289988
 177                    -0.388269891195                    -0.011967980301
 178                    -0.291159571827                    -0.008647670614
 179                    -0.194049252458                    -0.005327360927
 180                    -0.096938933090                    -0.002007051240
 181                     0.000171386278                     0.001313258447
 182                     0.097281705647                     0.004633568134
 183                     0.194392025015                     0.007953877821
 184                     0.291502344383                     0.011274187508
 185                     0.388612663751                     0.014594497195
 186                     0.485722983120                     0.017914806882
 187                     0.582833302488                     0.021235116569
 188                     0.679943621856                     0.024555426256
 189                     0.777053941225                     0.027875735943
 190                    -0.950959929772                     0.029470430729
 191                     0.874177712250                     0.030776026613
 192                    -0.828141795257                     0.057190464903
 193                    -0.731031481521                     0.060510939337
 194                    -0.633921162153                     0.063831249024
 195                    -0.536810842785                     0.067151558711
 196                    -0.439700523417                     0.070471868398
 197                    -0.342590204048                     0.073792178085
 198                    -0.245479884680                     0.077112487772
 199                    -0.148369565312                     0.080432797459
 200                    -0.051259245943                     0.083753107146
 201                     0.045851073425                     0.087073416833
 202                     0.142961392793                     0.090393726520
 203                     0.240071712162                     0.093714036207
 204                     0.946606416374                     0.095548871256
 205                     0.337182031530                     0.097034345894
 206                     0.434292350898                     0.100354655581
 207                     0.531402670267                     0.103674965268
 208                     0.628512989635                     0.106995274955
 209                     0.725623309003                     0.110315584642
 210                     0.822733628371                     0.113635894329
 211                    -0.905846214047                     0.115529661714
 212                    -0.784719423914                     0.144147635802
 213                    -0.685351794375                     0.146271097723
 214                    -0.588241475006                     0.149591407410
 215                    -0.491131155638                     0.152911717097
 216                    -0.394020836270                     0.156232026784
 217                    -0.296910516901                     0.159552336471
 218                    -0.199800197533                     0.162872646158
 219                    -0.102689878165                     0.166192955845
 220                    -0.005579558796                     0.169513265532
 221                     0.091530760572                     0.172833575219
 222                     0.188641079940                     0.176153884906
 223                     0.895407911856                     0.178133081123
 224                     0.285751399309                     0.179474194593
 225                     0.382861718677                     0.182794504280
 226                     0.479972038045                     0.186114813967
 227                     0.577082357413                     0.189435123654
 228                     0.674192676782                     0.192755433341
 229                     0.772586506430                     0.196890470847
 230                    -0.927915522148                     0.210157269864
 231                    -0.736782426595                     0.228710946422
 232                    -0.639672107227                     0.232031256109
 233                    -0.833789889368                     0.234277880098
 234                    -0.542561787859                     0.235351565796
 235                    -0.445451468490                     0.238671875483
 236                    -0.348341149122                     0.241992185171
 237                    -0.251230829754                     0.245312494858
 238                    -0.154120510386                     0.248632804545
 239                    -0.057010191018                     0.251953114232
 240                     0.040100128351                     0.255273423919
 241                     0.137210447719                     0.258593733606
 242                     0.234320767087                     0.261914043293
 243                     0.331431086456                     0.265234352979
 244                     0.428541405824                     0.268554662666
 245                     0.525651725192                     0.271874972353
 246                     0.911100325631                     0.274024617423
 247                     0.622762044560                     0.275195282040
 248                     0.719872363928                     0.278515591727
 249                     0.815889164830                     0.293422386446
 250                    -0.901267623146                     0.304286756703
 251                    -0.691102739449                     0.314471104809
 252                    -0.593992420080                     0.317791414496
 253                    -0.788110202222                     0.320038038484
 254                    -0.496882100712                     0.321111724183
 255                    -0.399771781344                     0.324432033870
 256                    -0.302661461975                     0.327752343557
 257                    -0.205551142607                     0.331072653244
 258                    -0.108440823239                     0.334392962931
 259                    -0.011330503870                     0.337713272618
 260                     0.085779815498                     0.341033582305
 261                     0.182890134866                     0.344353891992
 262                     0.280000454234                     0.347674201679
 263                     0.377110773603                     0.350994511366
 264                     0.474221092971                     0.354314821053
 265                     0.571331412339                     0.357635130740
 266                     0.668441731708                     0.360955440427
 267                     0.876937845113                     0.369016680014
 268                     0.764458532610                     0.375862235146
 269                    -0.865198368485                     0.395618274762
 270                    -0.645423052302                     0.400231263195
 271                    -0.548312732933                     0.403551572882
 272                    -0.451202413565                     0.406871882569
 273                    -0.354092094197                     0.410192192256
 274                    -0.256981774829                     0.413512501943
 275                    -0.769454211424                     0.415397320107
 276                    -0.159871455460                     0.416832811630
 277                    -0.062761136092                     0.420153121317
 278                     0.034349183276                     0.423473431004
 279                     0.131459502645                     0.426793740691
 280                     0.228569822013                     0.430114050378
 281                     0.325680141381                     0.433434360065
 282                     0.422790460750                     0.436754669752
 283                     0.519900780118                     0.440074979439
 284                     0.617847999990                     0.443923314439
 285                     0.834726403010                     0.456536007821
 286                     0.738424928313                     0.469476817512
 287                    -0.698406383309                     0.481681893761
 288                    -0.599743365155                     0.485991421581
 289                    -0.502633045787                     0.489311731268
 290                    -0.405522726418                     0.492632040955
 291                    -0.308412407050                     0.495952350642
 292                    -0.211302087682                     0.499272660329
 293                    -0.114191768313                     0.502592970016
 294                    -0.806081608759                     0.505396610930
 295                    -0.017081448945                     0.505913279703
 296                     0.080028870423                     0.509233589390
 297                     0.177139189791                     0.512553899077
 298                     0.274249509160                     0.515874208764
 299                     0.371359828528                     0.519194518451
 300                     0.468470147897                     0.522514828138
 301                     0.565580467265                     0.525835137825
 302                     0.662645124008                     0.530295070066
 303                     0.767565415552                     0.562171332948
 304                    -0.652726696162                     0.567442052146
 305                    -0.554102917922                     0.572554550331
 306                    -0.456953358640                     0.575071889654
 307                    -0.359843039271                     0.578392199341
 308                    -0.262732719903                     0.581712509028
 309                    -0.750329539143                     0.584977672231
 310                    -0.165635171982                     0.585428322550
 311                    -0.068512081167                     0.588353128403
 312                     0.028598238202                     0.591673438089
 313                     0.125708557570                     0.594993747776
 314                     0.222818876938                     0.598314057463
 315                     0.319929196307                     0.601634367150
 316                     0.417039515675                     0.604954676837
 317                     0.514149835043                     0.608274986524
 318                     0.611214491786                     0.612734918765
 319                     0.706223407668                     0.637527823393
 320                    -0.507367410559                     0.658137297336
 321                    -0.686751306534                     0.658457240293
 322                    -0.410257091190                     0.661457607023
 323                    -0.313146771822                     0.664777916710
 324                    -0.216050746867                     0.668492822104
 325                    -0.118927709539                     0.671417579283
 326                     0.074277925349                     0.677433596475
 327                     0.171388244717                     0.680753906162
 328                     0.268498564085                     0.684074215849
 329                    -0.022636565166                     0.684435032933
 330                     0.365608883453                     0.687394525536
 331                     0.462719202822                     0.690714835223
 332                    -0.596992700825                     0.695670561636
 333                     0.637450936434                     0.706292855662
 334                     0.546372377265                     0.740147466043
 335                    -0.454404438892                     0.748016548070
 336                    -0.357294119523                     0.751336857757
 337                    -0.170022142219                     0.754066218311
 338                     0.119957612496                     0.763193754861
 339                     0.217067931864                     0.766514064548
 340                    -0.073730997846                     0.767083671962
 341                     0.023267325256                     0.772807647817
 342                    -0.264035865813                     0.778619392449
 343                    -0.546586186919                     0.778740543820
 344                     0.397826699840                     0.779064863659
 345                     0.305014444188                     0.807828100351
 346                     0.487191953761                     0.817213126736
 347                    -0.439185305677                     0.843984337293
 348                    -0.342074986309                     0.847304646981
 349                    -0.196577415814                     0.848553619462
 350                     0.093530156791                     0.856697916101
 351                    -0.100158453551                     0.860587833202
 352                     0.199430457412                     0.862066971773
 353                    -0.003160130449                     0.866311809057
 354                     0.376330265684                     0.873824253182
 355                     0.285241414045                     0.907651160982
 356                    -0.269879086559                     0.912336874711
 357                    -0.158789869496                     0.938071997058
 358                     0.142357273679                     0.940705958815
 359                    -0.059943052734                     0.949520538202
 360                     0.045666986440                     0.950319851770
