   1                     0.007881717053                    -0.952331159198
   2                    -0.087307659083                    -0.948353378709
   3                     0.140535256800                    -0.941937683629
   4                     0.233943546002                    -0.923183175501
   5                    -0.266452172771                    -0.914330354888
   6                    -0.171721749493                    -0.904182105159
   7                     0.326056823664                    -0.894567392124
   8                     0.068881676961                    -0.879147520603
   9                    -0.345008945435                    -0.860426055102
  10                     0.414348737977                    -0.857503283714
  11                    -0.093718065723                    -0.849480502027
  12                     0.158600420455                    -0.847094640347
  13                    -0.439044695396                    -0.845125146761
  14                     0.252269596006                    -0.829689881848
  15                    -0.259048066122                    -0.819346044214
  16                    -0.003909599296                    -0.817679882146
  17                     0.497950857087                    -0.811813834676
  18                     0.341448654257                    -0.796164732537
  19                    -0.168456669493                    -0.788664058387
  20                     0.085718573645                    -0.785374608859
  21                    -0.337302516292                    -0.764451531135
  22                    -0.571731240742                    -0.761656186612
  23                    -0.476547556075                    -0.757544466770
  24                    -0.079060224519                    -0.755342370762
  25                     0.175437317139                    -0.753321728603
  26                     0.425050773344                    -0.750475283526
  27                     0.268830586009                    -0.734492565146
  28                     0.609311829116                    -0.731939787922
  29                    -0.241396972990                    -0.725722975592
  30                     0.010748425165                    -0.723540509376
  31                     0.515051620265                    -0.718088683486
  32                    -0.403733696805                    -0.696103584899
  33                    -0.151678221063                    -0.693670118941
  34                     0.100377237801                    -0.691236605736
  35                     0.352432705096                    -0.688803116134
  36                    -0.658970838201                    -0.687571227324
  37                     0.679393011457                    -0.667399351383
  38                    -0.566045616606                    -0.666553538147
  39                    -0.314014953305                    -0.664050704661
  40                    -0.061959486005                    -0.661617215073
  41                     0.190095981294                    -0.659183725480
  42                     0.442151536533                    -0.656750132324
  43                    -0.476351677120                    -0.634431313968
  44                    -0.224296209811                    -0.631997824403
  45                     0.027759257485                    -0.629564334806
  46                     0.279814724781                    -0.627130845203
  47                     0.537190492259                    -0.625424178881
  48                    -0.386632933627                    -0.602378433709
  49                    -0.134577466319                    -0.599944944141
  50                     0.117478000978                    -0.597511454547
  51                     0.369533468275                    -0.595077964944
  52                    -0.670285488585                    -0.592973030970
  53                     0.624982753025                    -0.588419327627
  54                     0.719981696127                    -0.581205391365
  55                    -0.548978010597                    -0.572768880084
  56                    -0.296914190127                    -0.570325553471
  57                    -0.762797922744                    -0.570207056516
  58                    -0.044858722830                    -0.567892063874
  59                     0.207196744466                    -0.565458574273
  60                     0.459356431723                    -0.563044040447
  61                    -0.459250913942                    -0.540706162778
  62                    -0.207195446635                    -0.538272673210
  63                     0.044860020663                    -0.535839183615
  64                     0.296915487959                    -0.533405694013
  65                     0.549039481392                    -0.530891425174
  66                     0.795676314873                    -0.523350704781
  67                    -0.621587637751                    -0.511086772104
  68                    -0.369532170450                    -0.508653282519
  69                    -0.117476703145                    -0.506219792943
  70                     0.134578764151                    -0.503786303342
  71                     0.386634231452                    -0.501352813754
  72                     0.665128807202                    -0.501255239317
  73                    -0.793417536162                    -0.479989101867
  74                    -0.531868894258                    -0.479033891847
  75                    -0.279813426950                    -0.476600402279
  76                    -0.027757959652                    -0.474166912684
  77                     0.224297507644                    -0.471733423083
  78                     0.476352974945                    -0.469299933495
  79                    -0.700138520467                    -0.457115469343
  80                    -0.442150150765                    -0.446981011588
  81                    -0.190094683460                    -0.444547522012
  82                     0.061960783836                    -0.442114032411
  83                     0.747048206261                    -0.441423010320
  84                     0.843984278938                    -0.441233832734
  85                     0.314016251137                    -0.439680542824
  86                     0.569014479627                    -0.437736503070
  87                    -0.604486874573                    -0.417361620915
  88                    -0.352431407272                    -0.414928131330
  89                    -0.100375939967                    -0.412494641753
  90                    -0.859116698104                    -0.410993013667
  91                     0.151679527329                    -0.410061152152
  92                     0.403734994630                    -0.407627662564
  93                     0.658733223120                    -0.405683622811
  94                    -0.766514751990                    -0.388593914518
  95                    -0.514768131080                    -0.385308740657
  96                    -0.262712663775                    -0.382875251081
  97                    -0.010657196479                    -0.380441761480
  98                     0.241398270822                    -0.378008271893
  99                     0.493453738125                    -0.375574782305
 100                    -0.677104854889                    -0.355689349984
 101                    -0.425049387587                    -0.353255860398
 102                    -0.172993920283                    -0.350822370822
 103                     0.873670392432                    -0.350704419103
 104                     0.079061547014                    -0.348388881221
 105                     0.761206208252                    -0.347208409294
 106                     0.331117014315                    -0.345955391633
 107                     0.583172481617                    -0.343521902044
 108                    -0.587386111396                    -0.323636469725
 109                    -0.335330644094                    -0.321202980140
 110                    -0.083275176795                    -0.318769490549
 111                     0.168780290507                    -0.316336000962
 112                    -0.864409158499                    -0.315867675666
 113                     0.420835757808                    -0.313902511374
 114                     0.672891225110                    -0.311469021785
 115                    -0.750633220466                    -0.293875070861
 116                    -0.497667367902                    -0.291583589467
 117                    -0.245611900598                    -0.289150099890
 118                     0.006443566699                    -0.286716610290
 119                     0.258499033999                    -0.284283120703
 120                     0.510554501300                    -0.281849631115
 121                     0.819827245633                    -0.272105719307
 122                     0.914817289760                    -0.264775536257
 123                    -0.660004091711                    -0.261964198794
 124                    -0.407948624410                    -0.259530709208
 125                    -0.155893157110                    -0.257097219618
 126                     0.096162310191                    -0.254663730031
 127                     0.348217777492                    -0.252230240443
 128                     0.600273244795                    -0.249796750854
 129                    -0.921694559256                    -0.239741314089
 130                    -0.823146079435                    -0.229994522859
 131                    -0.570285348218                    -0.229911318535
 132                    -0.318229880917                    -0.227477828950
 133                    -0.066174413617                    -0.225044339359
 134                     0.185881053684                    -0.222610849772
 135                     0.437936520985                    -0.220177360184
 136                     0.689991988288                    -0.217743870595
 137                    -0.732622072027                    -0.200291927863
 138                    -0.480566604725                    -0.197858438277
 139                    -0.228511137425                    -0.195424948687
 140                     0.023544329876                    -0.192991459100
 141                     0.275599797177                    -0.190557969513
 142                     0.527655264478                    -0.188124479925
 143                     0.779710731780                    -0.185690990336
 144                     0.874700775907                    -0.178360807286
 145                    -0.642903328534                    -0.168239047604
 146                    -0.390847861232                    -0.165805558018
 147                    -0.138792393932                    -0.163372068428
 148                     0.113263073369                    -0.160938578841
 149                     0.365318540670                    -0.158505089253
 150                     0.617374007972                    -0.156071599664
 151                    -0.941035786527                    -0.146452745687
 152                    -0.806289852115                    -0.136225083982
 153                    -0.553184585041                    -0.136186167345
 154                    -0.301129117740                    -0.133752677757
 155                    -0.049073650439                    -0.131319188169
 156                     0.202981816862                    -0.128885698582
 157                     0.455037284163                    -0.126452208994
 158                     0.707092751465                    -0.124018719405
 159                     0.945449337097                    -0.114552648275
 160                    -0.715761318780                    -0.106523267774
 161                    -0.463465841547                    -0.104133287087
 162                    -0.211410374247                    -0.101699797497
 163                     0.040645093054                    -0.099266307910
 164                     0.292700560355                    -0.096832818323
 165                     0.544756027655                    -0.094399328735
 166                     0.831269516228                    -0.093147316985
 167                    -0.625802565356                    -0.074513896414
 168                    -0.878746487226                    -0.074363334125
 169                    -0.373747098055                    -0.072080406826
 170                    -0.121691630754                    -0.069646917238
 171                     0.130363836546                    -0.067213427651
 172                     0.382419303847                    -0.064779938063
 173                     0.634474771150                    -0.062346448474
 174                    -0.788944322772                    -0.042544922375
 175                    -0.536083821863                    -0.042461016155
 176                    -0.284028354563                    -0.040027526567
 177                    -0.031972887262                    -0.037594036979
 178                     0.220082580039                    -0.035160547392
 179                     0.472138047340                    -0.032727057804
 180                     0.724193514643                    -0.030293568215
 181                     0.904192364916                    -0.028676561305
 182                    -0.952264270857                    -0.013766506182
 183                    -0.698420545671                    -0.012841625483
 184                    -0.446365078371                    -0.010408135895
 185                    -0.194309611070                    -0.007974646307
 186                     0.057745856231                    -0.005541156720
 187                     0.309801323532                    -0.003107667133
 188                     0.561856790833                    -0.000674177545
 189                     0.813912258135                     0.001759312044
 190                    -0.608701802179                     0.019211254776
 191                    -0.861645724048                     0.019361817065
 192                    -0.356646334878                     0.021644744364
 193                    -0.104590867577                     0.024078233952
 194                     0.147464599724                     0.026511723539
 195                     0.399520067025                     0.028945213127
 196                     0.651575534327                     0.031378702716
 197                    -0.771843559595                     0.051180228815
 198                    -0.518983058686                     0.051264135035
 199                    -0.266927591385                     0.053697624623
 200                     0.950808089774                     0.054412633317
 201                    -0.014872124084                     0.056131114211
 202                     0.237183343217                     0.058564603798
 203                     0.489238810518                     0.060998093386
 204                     0.741294277820                     0.063431582975
 205                    -0.681319782494                     0.080883525707
 206                    -0.948874789989                     0.081445633203
 207                    -0.429264315193                     0.083317015295
 208                     0.859188388721                     0.085621035415
 209                    -0.177208847892                     0.085750504882
 210                     0.074846619409                     0.088183994470
 211                     0.326902086710                     0.090617484057
 212                     0.578957554010                     0.093050973645
 213                    -0.591601039001                     0.112936405966
 214                    -0.859561479259                     0.114611467933
 215                    -0.339545571700                     0.115369895554
 216                    -0.087490104399                     0.117803385141
 217                     0.164565362901                     0.120236874729
 218                     0.416620830202                     0.122670364316
 219                     0.668676297505                     0.125103853906
 220                    -0.501882295508                     0.144989286226
 221                    -0.768405499460                     0.146390626405
 222                    -0.249826828207                     0.147422775813
 223                     0.940613936260                     0.149138127778
 224                     0.002228639093                     0.149856265401
 225                     0.254284106394                     0.152289754988
 226                     0.506339573695                     0.154723244576
 227                     0.758395040998                     0.157156734165
 228                    -0.664219019316                     0.174608676897
 229                    -0.935714022178                     0.176046028719
 230                    -0.412163552016                     0.177042166485
 231                    -0.160108084715                     0.179475656072
 232                     0.850716327240                     0.180685868731
 233                     0.091947382586                     0.181909145660
 234                     0.344002849887                     0.184342635247
 235                     0.596058317188                     0.186776124835
 236                    -0.574500275823                     0.206661557156
 237                    -0.841023429281                     0.208062956792
 238                    -0.322444808523                     0.209095046744
 239                    -0.070389341222                     0.211528536331
 240                     0.181666126079                     0.213962025919
 241                     0.433721593380                     0.216395515506
 242                     0.685777060682                     0.218829005096
 243                    -0.736836999632                     0.236280947828
 244                    -0.484781532331                     0.238714437416
 245                    -0.232726065030                     0.241147927003
 246                     0.019329402271                     0.243581416591
 247                     0.271384869572                     0.246014906178
 248                     0.920030766667                     0.246049073623
 249                     0.523440336873                     0.248448395766
 250                     0.780587449166                     0.249846162401
 251                    -0.647118256139                     0.268333828087
 252                    -0.913222341064                     0.270225302341
 253                    -0.395062788838                     0.270767317675
 254                    -0.143007321537                     0.273200807262
 255                     0.109048145764                     0.275634296850
 256                     0.361103613065                     0.278067786437
 257                     0.613159080365                     0.280501276025
 258                    -0.809454929453                     0.297953278214
 259                    -0.557399512646                     0.300386708347
 260                    -0.305344045345                     0.302820197934
 261                    -0.053288578044                     0.305253687521
 262                     0.198766889257                     0.307687177109
 263                     0.450822356557                     0.310120666696
 264                     0.707925188061                     0.311491297968
 265                    -0.719736185960                     0.330006158473
 266                    -0.467680769153                     0.332439588606
 267                    -0.215625301852                     0.334873078193
 268                     0.890843710194                     0.336740615683
 269                     0.036430165448                     0.337306567780
 270                     0.288485632749                     0.339740057368
 271                     0.540541100050                     0.342173546955
 272                     0.796169878011                     0.347403896908
 273                    -0.881653841235                     0.360115623764
 274                    -0.630044457920                     0.362134556941
 275                    -0.377962025660                     0.364492468865
 276                    -0.125906558360                     0.366925958452
 277                     0.126148908941                     0.369359448040
 278                     0.378204376242                     0.371792937627
 279                     0.630259843543                     0.374226427215
 280                    -0.791935097743                     0.392168504023
 281                    -0.540298749468                     0.394111859536
 282                    -0.288243282168                     0.396545349124
 283                    -0.036187814867                     0.398978838711
 284                     0.215867652434                     0.401412328299
 285                     0.467923119735                     0.403845817886
 286                     0.720083259261                     0.405984797065
 287                     0.852741466531                     0.424062200040
 288                    -0.450580005976                     0.426164739796
 289                    -0.198524538675                     0.428598229383
 290                    -0.704687346709                     0.430439511410
 291                     0.053530928626                     0.431031718971
 292                     0.305586395927                     0.433465208558
 293                     0.557641863228                     0.435898698146
 294                    -0.612864760087                     0.455845271639
 295                    -0.360861262483                     0.458217620055
 296                    -0.108805795182                     0.460651109642
 297                     0.143249672119                     0.463084599230
 298                     0.395305139420                     0.465518088817
 299                     0.647667996320                     0.467894972008
 300                     0.777259071705                     0.482193500887
 301                    -0.820823057802                     0.482955759905
 302                    -0.271142518990                     0.490270500314
 303                    -0.524037166336                     0.490290861418
 304                    -0.019087051689                     0.492703989901
 305                     0.232968415612                     0.495137479489
 306                     0.485023882912                     0.497570969076
 307                    -0.433479242798                     0.519889890986
 308                    -0.181423775497                     0.522323380573
 309                    -0.680778087159                     0.522663084180
 310                     0.070631691804                     0.524756870160
 311                     0.322687159104                     0.527190359748
 312                     0.574742626405                     0.529623849335
 313                    -0.343760499305                     0.551942771245
 314                    -0.091705032004                     0.554376260832
 315                     0.160350435296                     0.556809750420
 316                     0.412405902597                     0.559243240007
 317                     0.664461767486                     0.561675616690
 318                    -0.768462438938                     0.562549765075
 319                     0.758704992963                     0.575641808678
 320                    -0.603043808042                     0.577767665703
 321                    -0.254041755812                     0.583995651504
 322                    -0.506936403158                     0.584016012608
 323                    -0.001986288512                     0.586429141091
 324                     0.250069178789                     0.588862630679
 325                     0.502124646090                     0.591296120266
 326                    -0.416378479621                     0.613615042176
 327                    -0.164323012320                     0.616048531763
 328                    -0.690584015635                     0.617429554166
 329                     0.087732454981                     0.618482021350
 330                     0.339787922282                     0.620915510938
 331                     0.600728369114                     0.632491532971
 332                    -0.326659736128                     0.645667922435
 333                    -0.074604268827                     0.648101412022
 334                     0.177451198474                     0.650534901610
 335                     0.693923450792                     0.652278316890
 336                     0.429506665775                     0.652968391197
 337                    -0.556292819365                     0.665507019756
 338                    -0.236940992635                     0.677720802694
 339                     0.015114474666                     0.680154292281
 340                     0.267169941967                     0.682587781869
 341                     0.521018918348                     0.684676238828
 342                    -0.465734895827                     0.695106049324
 343                    -0.644730467904                     0.700941782176
 344                    -0.147222249142                     0.709773682953
 345                     0.104833218159                     0.712207172541
 346                     0.357077505733                     0.714900449327
 347                     0.615576524075                     0.726639261329
 348                    -0.309558972950                     0.739393073625
 349                    -0.057503505649                     0.741826563212
 350                     0.448400938033                     0.746348509759
 351                     0.192731753930                     0.748958872857
 352                    -0.571471416177                     0.761851152612
 353                    -0.401257005944                     0.765244781727
 354                     0.032215237843                     0.773879443471
 355                     0.283976953575                     0.776366054553
 356                     0.537512727226                     0.782788221293
 357                    -0.225370619348                     0.800830837803
 358                    -0.130121485965                     0.803498834143
 359                    -0.487217101515                     0.806326432575
 360                     0.121998393123                     0.813972197145
 361                    -0.316961267472                     0.834377525524
 362                     0.445792582374                     0.841585249243
 363                     0.214619038157                     0.841683124571
 364                     0.350564874838                     0.844504801303
 365                    -0.408659300467                     0.860229233627
 366                    -0.054267220247                     0.862497280484
 367                     0.041384956403                     0.868709588090
 368                    -0.174058655192                     0.888035011175
 369                     0.281264546244                     0.909882966799
 370                    -0.265555124747                     0.914591293401
 371                     0.188948331967                     0.933431993286
 372                    -0.099357404998                     0.947166756340
 373                     0.094741202674                     0.947639627052
 374                    -0.004226293076                     0.952354396583
