   1                    -0.018311110299                    -0.947768339101
   2                     0.101914344757                    -0.942441268968
   3                     0.209533042484                    -0.924497715233
   4                    -0.214660511351                    -0.923320630242
   5                    -0.112479984782                    -0.903372081578
   6                    -0.314618045875                    -0.894212282723
   7                     0.340253737302                    -0.884775404052
   8                     0.038020780167                    -0.860215368163
   9                    -0.410780696065                    -0.854318056173
  10                     0.141154198759                    -0.845992057256
  11                     0.435226923929                    -0.842126858645
  12                     0.252051216993                    -0.829466091865
  13                    -0.244235770804                    -0.817497616854
  14                    -0.501988559812                    -0.804119149866
  15                    -0.141102352212                    -0.803274305947
  16                     0.524950456707                    -0.789320682212
  17                    -0.037968933621                    -0.789050995040
  18                     0.077269740891                    -0.763787552230
  19                     0.321272541409                    -0.751702264479
  20                     0.183672373267                    -0.750960433888
  21                    -0.412663152612                    -0.750225496586
  22                     0.424550072776                    -0.738566202732
  23                    -0.309479935485                    -0.736368068731
  24                     0.610698916330                    -0.725015141191
  25                    -0.204986810080                    -0.721069800921
  26                    -0.547808306221                    -0.710634630065
  27                    -0.101853391488                    -0.706846490014
  28                     0.001280027104                    -0.692623179107
  29                    -0.649876050914                    -0.690116830552
  30                     0.514273605554                    -0.685760026299
  31                     0.119787915400                    -0.668755928862
  32                    -0.458676302949                    -0.656836018594
  33                     0.222921333992                    -0.654532617955
  34                     0.686521616038                    -0.653672847896
  35                     0.326809086016                    -0.647740005571
  36                    -0.355493085821                    -0.642978590739
  37                    -0.252410869345                    -0.628388825493
  38                     0.428716582144                    -0.626440549323
  39                     0.590096305261                    -0.614417733004
  40                    -0.149277450754                    -0.614165514586
  41                    -0.728980426442                    -0.604751465045
  42                    -0.046144032162                    -0.599942203679
  43                    -0.625695582987                    -0.588854253188
  44                     0.056989386430                    -0.585718892772
  45                    -0.522561964106                    -0.574632394562
  46                     0.160122805021                    -0.571495581865
  47                    -0.419428745804                    -0.560407631374
  48                     0.263393125619                    -0.558237160358
  49                     0.673289235985                    -0.550407613079
  50                    -0.316295327213                    -0.546184320467
  51                     0.366389642204                    -0.543048960051
  52                     0.777123657453                    -0.542843386614
  53                     0.474465164475                    -0.531983038430
  54                    -0.213161908621                    -0.531961009560
  55                    -0.792887639013                    -0.519547219475
  56                    -0.110028490029                    -0.517737698653
  57                     0.576863925208                    -0.511152498188
  58                    -0.689580040854                    -0.506649748163
  59                    -0.006895071438                    -0.503514387746
  60                    -0.586446622263                    -0.492426437255
  61                     0.096238347154                    -0.489291076839
  62                    -0.483313203671                    -0.478203126348
  63                     0.199371765746                    -0.475067765932
  64                    -0.380179785080                    -0.463979815441
  65                     0.302505184337                    -0.460844455024
  66                     0.831965547565                    -0.454349478957
  67                     0.712538196710                    -0.453979797146
  68                    -0.277046366488                    -0.449756504534
  69                     0.405638602929                    -0.446621144117
  70                    -0.173912947896                    -0.435533193627
  71                     0.508772021521                    -0.432397833210
  72                    -0.753638678289                    -0.423119403542
  73                    -0.070779529305                    -0.421309882720
  74                     0.616112885933                    -0.414724682255
  75                    -0.650331080130                    -0.410221932229
  76                     0.032353889287                    -0.407086571813
  77                    -0.856400453785                    -0.406421436590
  78                    -0.547197661538                    -0.395998621322
  79                     0.135487307878                    -0.392863260906
  80                    -0.444064242947                    -0.381775310415
  81                     0.238620726470                    -0.378639949998
  82                     0.772515857843                    -0.368882883169
  83                    -0.340930824355                    -0.367551999508
  84                     0.341754145062                    -0.364416639091
  85                     0.877642369353                    -0.357990070592
  86                    -0.237797405764                    -0.353328688601
  87                     0.444887563653                    -0.350193328184
  88                    -0.134663987172                    -0.339105377694
  89                     0.548020982245                    -0.335970017277
  90                     0.676090547067                    -0.329627768277
  91                    -0.031530568580                    -0.324882066787
  92                    -0.724459363395                    -0.323182562558
  93                    -0.611082119406                    -0.313794116296
  94                     0.071602850011                    -0.310658755880
  95                    -0.871639441646                    -0.303433195259
  96                    -0.507948700814                    -0.299570805389
  97                     0.174736268603                    -0.296435444972
  98                    -0.404815282223                    -0.285347494482
  99                     0.277869687195                    -0.282212134065
 100                    -0.301681863631                    -0.271124183575
 101                     0.381003105786                    -0.267988823158
 102                     0.786988340252                    -0.265784135085
 103                    -0.198548445039                    -0.256900872668
 104                     0.897708225780                    -0.255683437147
 105                     0.484136524378                    -0.253765512251
 106                    -0.095415026448                    -0.242677561761
 107                    -0.788343821262                    -0.240978057532
 108                     0.587269942969                    -0.239542201344
 109                    -0.674966577273                    -0.231589611270
 110                     0.007718392144                    -0.228454250854
 111                     0.690563029475                    -0.226529020193
 112                    -0.571833158682                    -0.217366300363
 113                     0.110851810736                    -0.214230939947
 114                    -0.923648512435                    -0.213245273899
 115                    -0.468699740090                    -0.203142989456
 116                     0.213985229327                    -0.200007629040
 117                    -0.365566321498                    -0.188919678549
 118                     0.317118647919                    -0.185784318132
 119                    -0.262432902907                    -0.174696367642
 120                     0.834181301101                    -0.172985271677
 121                     0.420252066511                    -0.171561007225
 122                    -0.159299484315                    -0.160473056735
 123                     0.523385485102                    -0.157337696318
 124                     0.935884674304                    -0.150731542042
 125                    -0.738851035141                    -0.149385106245
 126                    -0.842943130480                    -0.147477151476
 127                    -0.056166065723                    -0.146249745828
 128                     0.626908791243                    -0.143272199914
 129                    -0.635717616549                    -0.135161795337
 130                     0.737755990324                    -0.133730156785
 131                     0.046967352868                    -0.132026434921
 132                    -0.532584197957                    -0.120938484430
 133                     0.150100771460                    -0.117803124014
 134                    -0.941462705999                    -0.110671109943
 135                    -0.429450779366                    -0.106715173523
 136                     0.253234190052                    -0.103579813106
 137                    -0.326317360774                    -0.092491862616
 138                     0.356367608643                    -0.089356502199
 139                    -0.223183942182                    -0.078268551709
 140                     0.459501027235                    -0.075133191292
 141                     0.865760692510                    -0.073780702015
 142                    -0.120050523591                    -0.064045240802
 143                     0.562634445827                    -0.060909880385
 144                    -0.702035696266                    -0.052002174336
 145                    -0.016917104999                    -0.049821929895
 146                     0.665767864418                    -0.046686569478
 147                    -0.835675996621                    -0.043621514320
 148                    -0.596468655825                    -0.038733979404
 149                     0.086216313593                    -0.035598618988
 150                     0.769158114082                    -0.034469332553
 151                    -0.493335237233                    -0.024510668497
 152                     0.189349732184                    -0.021375308081
 153                    -0.390201818641                    -0.010287357590
 154                     0.947894496264                    -0.009805371735
 155                     0.292483150776                    -0.007151997174
 156                    -0.947921091714                    -0.006762044614
 157                    -0.287068400050                     0.003935953317
 158                     0.395616569368                     0.007071313734
 159                    -0.183934981458                     0.018159264224
 160                     0.498749987959                     0.021294624641
 161                     0.851423333150                     0.029336923686
 162                    -0.763865954464                     0.031758340077
 163                    -0.080801562866                     0.032382575131
 164                     0.601883406551                     0.035517935548
 165                    -0.660412092049                     0.043424657192
 166                     0.022331855725                     0.046605886038
 167                     0.707028847355                     0.050929185441
 168                    -0.865051844383                     0.056257733634
 169                    -0.557219695100                     0.057693836529
 170                     0.125465274317                     0.060829196945
 171                    -0.454086276509                     0.071917147436
 172                     0.228598692909                     0.075052507853
 173                    -0.350952857917                     0.086140458343
 174                     0.331732111500                     0.089275818760
 175                     0.943226989437                     0.094426285147
 176                    -0.247819439325                     0.100363769250
 177                     0.434865530092                     0.103499129667
 178                    -0.144686020734                     0.114587080157
 179                     0.537998948683                     0.117722440574
 180                    -0.724616993739                     0.128186156010
 181                    -0.041552602142                     0.128810391064
 182                    -0.938948911742                     0.130250772543
 183                     0.641132367275                     0.131945751481
 184                     0.846495376848                     0.133329807337
 185                    -0.621163131325                     0.139852473125
 186                     0.061580816450                     0.143033701971
 187                     0.743698151503                     0.149808128400
 188                    -0.825802883659                     0.152685549567
 189                    -0.517970734376                     0.154121652462
 190                     0.164714235042                     0.157257012878
 191                    -0.414837315784                     0.168344963369
 192                     0.267847653633                     0.171480323786
 193                    -0.311703897193                     0.182568274276
 194                     0.370981072225                     0.185703634693
 195                    -0.208570478601                     0.196791585183
 196                     0.926659205108                     0.199756949699
 197                     0.474114490816                     0.199926945600
 198                    -0.105437060009                     0.211014896090
 199                     0.579255651771                     0.215729257874
 200                    -0.002303641418                     0.225238206997
 201                    -0.704631073766                     0.231484248507
 202                    -0.918996870186                     0.232437455221
 203                     0.819001232050                     0.233743335337
 204                     0.685458616051                     0.236103905318
 205                    -0.581914170600                     0.236280289058
 206                     0.100829777174                     0.239461517904
 207                    -0.478721773652                     0.250549468395
 208                     0.203963195766                     0.253684828811
 209                    -0.816550759470                     0.256383200464
 210                    -0.375588355060                     0.264772779302
 211                     0.307096614357                     0.267908139719
 212                    -0.272454936468                     0.278996090209
 213                     0.410230032949                     0.282131450626
 214                    -0.169321517876                     0.293219401116
 215                     0.513363451541                     0.296354761533
 216                     0.899165060310                     0.300170477698
 217                    -0.066188099285                     0.307442712023
 218                     0.616022072436                     0.313675620616
 219                     0.753641504378                     0.314779812322
 220                    -0.645798628468                     0.318484794084
 221                     0.036945319307                     0.321666022930
 222                    -0.887793413258                     0.332299528647
 223                    -0.542665209876                     0.332708104991
 224                    -0.748554299453                     0.335220285828
 225                     0.140078737898                     0.335889333837
 226                    -0.439472812927                     0.346977284328
 227                     0.243212156490                     0.350112644745
 228                    -0.336339394336                     0.361200595235
 229                     0.346345575082                     0.364335955652
 230                    -0.233205975744                     0.375423906142
 231                     0.449478993673                     0.378559266559
 232                    -0.130072557152                     0.389647217049
 233                     0.552137614569                     0.395880125642
 234                     0.860825296684                     0.396963386161
 235                    -0.026939138560                     0.403870527956
 236                     0.655271033160                     0.410103436549
 237                     0.076194280031                     0.418093838863
 238                     0.759020905426                     0.418750320871
 239                    -0.639771178064                     0.422419747036
 240                    -0.845998931823                     0.427651644120
 241                    -0.503416249152                     0.429135920924
 242                     0.179327698623                     0.432317149771
 243                    -0.742526849050                     0.439155238780
 244                    -0.400258049158                     0.443421041608
 245                     0.282461117215                     0.446540460678
 246                    -0.297090433611                     0.457628411168
 247                     0.385594535806                     0.460763771585
 248                    -0.193957015019                     0.471851722075
 249                    -0.090823596427                     0.486075032982
 250                     0.588000503654                     0.493617824561
 251                     0.483900610259                     0.495037964927
 252                     0.012309822164                     0.500298343889
 253                    -0.576325784074                     0.504963593476
 254                     0.691133922246                     0.507841135468
 255                     0.115443240756                     0.514521654797
 256                     0.794883794511                     0.516488019790
 257                    -0.679081455059                     0.521699085219
 258                     0.218576659347                     0.528744965704
 259                    -0.475105960065                     0.529322407714
 260                    -0.782289219997                     0.535372484948
 261                    -0.360973158671                     0.539834262799
 262                     0.321710077939                     0.542968276611
 263                    -0.257901374479                     0.554497547119
 264                    -0.154708054295                     0.568279538008
 265                     0.420016152392                     0.577242469953
 266                    -0.051574635703                     0.582502848915
 267                     0.627249464378                     0.590045640494
 268                     0.523149570983                     0.591465780861
 269                     0.051558782889                     0.596726159823
 270                    -0.613210258572                     0.602320360804
 271                     0.730382882970                     0.604268951401
 272                     0.154692201480                     0.610949470730
 273                    -0.426011068509                     0.621129249653
 274                    -0.715608637356                     0.621562018598
 275                     0.257825620072                     0.625172781637
 276                    -0.321793912310                     0.636695784933
 277                    -0.218240268595                     0.650756579357
 278                    -0.524069765959                     0.656104904869
 279                     0.356131694525                     0.659446974979
 280                    -0.115106850003                     0.664979890264
 281                     0.459265113116                     0.673670285887
 282                    -0.011973431411                     0.679203201172
 283                     0.647744416958                     0.692117975249
 284                     0.091159987180                     0.693426512079
 285                    -0.634571986559                     0.704214821796
 286                     0.194433345302                     0.707757429745
 287                    -0.444750611302                     0.723538400315
 288                     0.549289430638                     0.725962033402
 289                    -0.282123765981                     0.732961830803
 290                     0.292739420949                     0.742031624003
 291                    -0.178990347389                     0.747185141710
 292                     0.395872839536                     0.756254934942
 293                    -0.545431493947                     0.757999365862
 294                    -0.075856928797                     0.761408452618
 295                     0.027276489794                     0.775631763525
 296                     0.130410074564                     0.789853869421
 297                    -0.367188283571                     0.792985429917
 298                     0.489953988541                     0.811507985467
 299                     0.228716149021                     0.824128062752
 300                    -0.466112339289                     0.825432861307
 301                    -0.242874805256                     0.829389646736
 302                    -0.139476396149                     0.843818209184
 303                    -0.036342977558                     0.858041520092
 304                     0.398008438454                     0.860342608664
 305                    -0.327939322847                     0.889413245850
 306                     0.103219165643                     0.890349934397
 307                     0.301262159331                     0.898799884690
 308                    -0.203624692544                     0.925816993768
 309                     0.200882092938                     0.926415946592
 310                    -0.100120976743                     0.942306016226
 311                     0.016398042068                     0.947803368627
