   1                     0.007419835816                    -0.950222672507
   2                    -0.183855484488                    -0.932295737486
   3                     0.201693091313                    -0.928600063659
   4                     0.102495339775                    -0.920892731806
   5                    -0.085797598784                    -0.915436083694
   6                    -0.280330422289                    -0.907960921873
   7                     0.297683822548                    -0.902420369397
   8                    -0.380534148037                    -0.870730695156
   9                     0.396867619950                    -0.863308381489
  10                    -0.011985076683                    -0.848717956804
  11                    -0.204728816217                    -0.835013154784
  12                     0.184200035079                    -0.830435056294
  13                     0.084157241223                    -0.823100549009
  14                    -0.106670930514                    -0.818153500993
  15                     0.493305855446                    -0.812174559004
  16                    -0.301203754018                    -0.810678339172
  17                    -0.459421167652                    -0.810097082277
  18                     0.316357146466                    -0.804691643588
  19                    -0.551949784490                    -0.773517689980
  20                     0.406748165958                    -0.763109670692
  21                     0.575524380322                    -0.756141434498
  22                     0.237365186767                    -0.744194807493
  23                     0.137983088440                    -0.739420353945
  24                    -0.161050525816                    -0.734778360525
  25                     0.038600990112                    -0.734645900402
  26                    -0.060781108214                    -0.729871446848
  27                    -0.360673699309                    -0.728436370895
  28                    -0.259545304868                    -0.720322539751
  29                    -0.629804802623                    -0.711564538115
  30                    -0.458572334311                    -0.710603985248
  31                     0.488966690833                    -0.707076546187
  32                     0.651433273941                    -0.691818524551
  33                     0.391546060404                    -0.664781176036
  34                     0.291614693043                    -0.660788643848
  35                     0.191808935666                    -0.655740158886
  36                     0.092426837338                    -0.650965705338
  37                    -0.006955260989                    -0.646191251790
  38                    -0.106337359316                    -0.641416798241
  39                    -0.704333187764                    -0.637881604943
  40                    -0.205719457643                    -0.636642344693
  41                    -0.305101555970                    -0.631867891145
  42                    -0.404483654298                    -0.627093437596
  43                     0.544940007369                    -0.624817293147
  44                    -0.508614696605                    -0.624607712941
  45                    -0.607604420306                    -0.614576188817
  46                     0.738618688663                    -0.597846647618
  47                     0.639236590336                    -0.593072194070
  48                     0.453078578229                    -0.586593286151
  49                     0.345016881218                    -0.576834417376
  50                     0.245634782891                    -0.572059963827
  51                     0.146252684564                    -0.567285510279
  52                     0.046870586237                    -0.562511056731
  53                    -0.767170506388                    -0.560738437633
  54                    -0.052511512090                    -0.557736603183
  55                    -0.151893610417                    -0.552962149634
  56                    -0.251275708745                    -0.548187696086
  57                    -0.350657807072                    -0.543413242538
  58                    -0.450039905399                    -0.538638788990
  59                    -0.670349090738                    -0.537281926131
  60                    -0.549422003726                    -0.533864335441
  61                     0.797432880265                    -0.516769216301
  62                     0.696989023426                    -0.507477582962
  63                     0.597606925098                    -0.502703129413
  64                     0.498224826771                    -0.497928675865
  65                     0.398842728444                    -0.493154222317
  66                     0.299460630117                    -0.488379768769
  67                     0.200078531789                    -0.483605315221
  68                     0.100696433462                    -0.478830861672
  69                     0.001314335135                    -0.474056408124
  70                    -0.098067763192                    -0.469281954576
  71                    -0.197449861519                    -0.464507501027
  72                    -0.791039144174                    -0.464147107769
  73                    -0.296831959846                    -0.459733047479
  74                    -0.396214058174                    -0.454958593931
  75                    -0.495596156501                    -0.450184140382
  76                    -0.594978254828                    -0.445409686834
  77                    -0.694360353155                    -0.440635233286
  78                     0.850310753998                    -0.424204906791
  79                     0.750814870651                    -0.423797387903
  80                     0.651432772324                    -0.419022934355
  81                     0.552050673997                    -0.414248480807
  82                     0.452668575670                    -0.409474027258
  83                     0.353286477342                    -0.404699573710
  84                     0.253904379015                    -0.399925120162
  85                    -0.863717335571                    -0.396195085210
  86                     0.154522280688                    -0.395150666614
  87                     0.055140182361                    -0.390376213065
  88                    -0.044241915967                    -0.385601759517
  89                    -0.143624014294                    -0.380827305969
  90                    -0.243006112621                    -0.376052852420
  91                    -0.342388210948                    -0.371278398872
  92                    -0.764729800986                    -0.368112286030
  93                    -0.441770309275                    -0.366503945324
  94                    -0.541152407603                    -0.361729491776
  95                    -0.640534505930                    -0.356955038227
  96                     0.804754502896                    -0.335750258184
  97                     0.705258619549                    -0.335342739296
  98                     0.605876521223                    -0.330568285748
  99                     0.506494422895                    -0.325793832200
 100                     0.407112324568                    -0.321019378651
 101                     0.307730226241                    -0.316244925103
 102                     0.208348127914                    -0.311470471555
 103                     0.108966029586                    -0.306696018007
 104                     0.899668194450                    -0.305900835574
 105                    -0.900409726782                    -0.303711220121
 106                     0.009583931259                    -0.301921564458
 107                    -0.089798167068                    -0.297147110910
 108                    -0.189180265395                    -0.292372657362
 109                    -0.288562363722                    -0.287598203814
 110                    -0.387944462050                    -0.282823750265
 111                    -0.705395744592                    -0.281505607522
 112                    -0.487326560377                    -0.278049296717
 113                    -0.804757302905                    -0.276321246021
 114                    -0.586708658704                    -0.273274843169
 115                     0.659702368448                    -0.246888090689
 116                     0.560320270121                    -0.242113637141
 117                     0.460938171794                    -0.237339183593
 118                     0.794538725777                    -0.236779379778
 119                     0.361556073466                    -0.232564730045
 120                     0.262173975139                    -0.227790276496
 121                     0.162791876812                    -0.223015822948
 122                     0.063409778485                    -0.218241369400
 123                    -0.035972319842                    -0.213466915851
 124                     0.926722162979                    -0.210152834752
 125                    -0.135354418170                    -0.208692462303
 126                    -0.927230679787                    -0.207897685824
 127                    -0.234736516497                    -0.203918008755
 128                    -0.334118614824                    -0.199143555207
 129                    -0.433500713151                    -0.194369101658
 130                    -0.532882811479                    -0.189594648110
 131                    -0.731758839343                    -0.185565083708
 132                    -0.632264909806                    -0.184820194562
 133                    -0.831578255911                    -0.180507711724
 134                     0.721663119031                    -0.169039119843
 135                     0.614146117346                    -0.158433442082
 136                     0.514764019019                    -0.153658988534
 137                     0.846181051408                    -0.151734291278
 138                     0.415381920692                    -0.148884534986
 139                     0.315999822365                    -0.144110081438
 140                     0.216617724037                    -0.139335627889
 141                     0.117235625710                    -0.134561174341
 142                     0.017853527383                    -0.129786720793
 143                    -0.081528570944                    -0.125012267245
 144                    -0.180910669271                    -0.120237813696
 145                    -0.280292767599                    -0.115463360148
 146                     0.943616222865                    -0.112100870900
 147                    -0.379674865926                    -0.110688906600
 148                    -0.943886149142                    -0.109804912312
 149                    -0.479056964253                    -0.105914453052
 150                    -0.578439062580                    -0.101139999503
 151                    -0.777315090445                    -0.097110435101
 152                    -0.677821160907                    -0.096365545955
 153                     0.767295352058                    -0.080623645046
 154                     0.667971964572                    -0.074753247024
 155                     0.568589866245                    -0.069978793476
 156                     0.469207767917                    -0.065204339927
 157                     0.369825669590                    -0.060429886379
 158                     0.270443571263                    -0.055655432831
 159                     0.863075111294                    -0.053682327426
 160                     0.171061472936                    -0.050880979283
 161                    -0.864708894739                    -0.049550789965
 162                     0.071679374609                    -0.046106525734
 163                    -0.027702723719                    -0.041332072186
 164                    -0.127084822046                    -0.036557618638
 165                    -0.226466920373                    -0.031783165089
 166                    -0.325849018700                    -0.027008711541
 167                    -0.425231117028                    -0.022234257993
 168                    -0.524613215355                    -0.017459804445
 169                    -0.623995313682                    -0.012685350896
 170                    -0.724033606339                    -0.007940589196
 171                     0.950057101022                    -0.003731352300
 172                    -0.950249574816                     0.001390485169
 173                     0.722125804043                     0.008716877982
 174                     0.622415713470                     0.013701401583
 175                     0.523033615143                     0.018475855131
 176                     0.423651516816                     0.023250308680
 177                     0.324269418489                     0.028024762228
 178                     0.224887320162                     0.032799215776
 179                     0.125505221834                     0.037573669324
 180                     0.026123123507                     0.042348122873
 181                     0.863430127480                     0.045813757110
 182                    -0.073258974820                     0.047122576421
 183                    -0.863377063464                     0.049937013810
 184                    -0.172641073147                     0.051897029969
 185                    -0.272023171475                     0.056671483517
 186                    -0.371405269802                     0.061445937066
 187                    -0.470787368129                     0.066220390614
 188                    -0.570169466456                     0.070994844162
 189                    -0.669551564783                     0.075769297711
 190                    -0.768902730337                     0.081149146944
 191                     0.775623659023                     0.092607143093
 192                     0.676241560696                     0.097381596642
 193                     0.576859462369                     0.102156050190
 194                     0.944616693012                     0.103331914693
 195                     0.477477364042                     0.106930503738
 196                    -0.944079149486                     0.108132977470
 197                     0.378095265714                     0.111704957286
 198                     0.278713167387                     0.116479410835
 199                     0.179331069060                     0.121253864383
 200                     0.079948970733                     0.126028317931
 201                    -0.019433127594                     0.130802771480
 202                    -0.118815225922                     0.135577225028
 203                    -0.218197324249                     0.140351678576
 204                    -0.317579422576                     0.145126132124
 205                    -0.846895357110                     0.148059132776
 206                    -0.416961520903                     0.149900585673
 207                    -0.516343619231                     0.154675039221
 208                    -0.615725717558                     0.159449492769
 209                    -0.721164748321                     0.168445664329
 210                     0.832617642947                     0.175263951547
 211                     0.730067407922                     0.181061791700
 212                     0.630685309594                     0.185836245249
 213                     0.531303211267                     0.190610698797
 214                     0.431921112940                     0.195385152345
 215                     0.332539014613                     0.200159605893
 216                     0.928634049074                     0.201536558001
 217                     0.233156916285                     0.204934059442
 218                    -0.927597443132                     0.206255096436
 219                     0.133774817958                     0.209708512990
 220                     0.034392719631                     0.214482966538
 221                    -0.064989378696                     0.219257420087
 222                    -0.164371477023                     0.224031873635
 223                    -0.263753575351                     0.228806327183
 224                    -0.363135673678                     0.233580780731
 225                    -0.796265197407                     0.233710658174
 226                    -0.462517772005                     0.238355234280
 227                    -0.561899870332                     0.243129687828
 228                    -0.661281968659                     0.247904141376
 229                     0.783893255156                     0.264741986753
 230                     0.684511156825                     0.269516440310
 231                     0.585129058493                     0.274290893855
 232                     0.485746960166                     0.279065347404
 233                     0.386364861838                     0.283839800952
 234                     0.880485417745                     0.288607254425
 235                     0.286982763511                     0.288614254500
 236                     0.187600665184                     0.293388708049
 237                     0.088218566857                     0.298163161597
 238                    -0.900946232199                     0.302115984343
 239                    -0.011163531471                     0.302937615145
 240                    -0.110545629798                     0.307712068693
 241                    -0.209927728125                     0.312486522242
 242                    -0.309309826452                     0.317260975790
 243                    -0.408691924780                     0.322035429338
 244                    -0.508074023107                     0.326809882886
 245                    -0.607456121434                     0.331584336435
 246                    -0.806267764444                     0.332703312080
 247                    -0.706838219761                     0.336358789983
 248                     0.638954905719                     0.357971088914
 249                     0.539572807391                     0.362745542462
 250                     0.767336088834                     0.362851400766
 251                     0.440190709064                     0.367519996011
 252                     0.340808610737                     0.372294449559
 253                     0.241426512409                     0.377068903107
 254                     0.142044414082                     0.381843356655
 255                     0.042662315755                     0.386617810204
 256                     0.867748922130                     0.387285410843
 257                    -0.056719782572                     0.391392263752
 258                    -0.156101880899                     0.396166717300
 259                    -0.255483979227                     0.400941170849
 260                    -0.354866077554                     0.405715624397
 261                    -0.454248175881                     0.410490077945
 262                    -0.553630274208                     0.415264531493
 263                    -0.653012372535                     0.420038985042
 264                    -0.851824015546                     0.421157960686
 265                    -0.752394470863                     0.424813438590
 266                     0.700259198223                     0.436338050034
 267                     0.600021169116                     0.450051952090
 268                     0.494016556289                     0.451200191069
 269                     0.394634457962                     0.455974644618
 270                     0.797438948633                     0.457685016676
 271                     0.295252359635                     0.460749098166
 272                     0.195870261308                     0.465523551714
 273                     0.096488162981                     0.470298005262
 274                    -0.002893935347                     0.475072458811
 275                    -0.102276033674                     0.479846912359
 276                    -0.201658132001                     0.484621365907
 277                    -0.301040230328                     0.489395819455
 278                    -0.400422328655                     0.494170273004
 279                    -0.499804426983                     0.498944726552
 280                    -0.599186525310                     0.503719180100
 281                    -0.698568623637                     0.508493633648
 282                    -0.798747561203                     0.514324119292
 283                     0.674938411996                     0.532558913985
 284                     0.547842403515                     0.534880386127
 285                     0.448460305188                     0.539654839676
 286                     0.349078206861                     0.544429293225
 287                     0.249696108534                     0.549203746773
 288                     0.772118162406                     0.553905880627
 289                     0.150314010206                     0.553978200321
 290                     0.050931911879                     0.558752653869
 291                    -0.048450186448                     0.563527107418
 292                    -0.147832284775                     0.568301560966
 293                    -0.247214383103                     0.573076014514
 294                    -0.346596481430                     0.577850468062
 295                    -0.452331889014                     0.586385878268
 296                    -0.637091484892                     0.595712717448
 297                    -0.736473583219                     0.600487170996
 298                     0.612788398383                     0.610256872017
 299                    -0.542863500628                     0.627660860682
 300                     0.402904054086                     0.628109488283
 301                     0.513004587406                     0.630019637176
 302                     0.709968148793                     0.631603838660
 303                     0.303521955759                     0.632883941831
 304                     0.204139857432                     0.637658395379
 305                     0.104757759105                     0.642432848928
 306                     0.005375660777                     0.647207302476
 307                    -0.094006437550                     0.651981756025
 308                    -0.193388535877                     0.656756209573
 309                    -0.293124183882                     0.663916710365
 310                    -0.392690795969                     0.666025924068
 311                    -0.648519156234                     0.694550995469
 312                     0.634537476373                     0.707347419864
 313                    -0.485918622238                     0.709250551818
 314                     0.456466536435                     0.711958503538
 315                     0.257965704657                     0.721338590438
 316                     0.357461186156                     0.721834610601
 317                     0.158583606330                     0.726113043987
 318                     0.059201508003                     0.730887497535
 319                    -0.134586638334                     0.742826921988
 320                    -0.233968736661                     0.747601375536
 321                     0.546650061872                     0.753988595309
 322                    -0.572340523950                     0.758554220840
 323                    -0.036351629864                     0.758621857424
 324                    -0.403465264186                     0.764937539711
 325                    -0.313486844456                     0.807404949069
 326                     0.307283879344                     0.807752215058
 327                    -0.489887165898                     0.814241208733
 328                     0.113027355229                     0.814567692594
 329                     0.474994333002                     0.823017961485
 330                    -0.180581682729                     0.831562195845
 331                     0.210853265719                     0.832864065794
 332                     0.017771266591                     0.844914794983
 333                    -0.082272366511                     0.846887835130
 334                    -0.395311102760                     0.864120986205
 335                     0.386334129623                     0.868172863892
 336                    -0.291490661808                     0.904439813027
 337                     0.288379686744                     0.905436545310
 338                     0.094331757265                     0.912292159803
 339                    -0.195322722036                     0.929960867761
 340                     0.192124579823                     0.930626846345
 341                    -0.097013405819                     0.945286507045
 342                     0.002359494911                     0.950248711703
