   1                     0.001811479168                    -0.951146416222
   2                    -0.095772664944                    -0.946314103878
   3                     0.135259031312                    -0.941481694457
   4                     0.231128538286                    -0.922638816297
   5                    -0.278909637295                    -0.909336131896
   6                    -0.181675704944                    -0.899766449336
   7                     0.326144493807                    -0.892869487413
   8                    -0.370723565092                    -0.875926266779
   9                     0.063391591950                    -0.875291909866
  10                     0.416158467491                    -0.854839510349
  11                    -0.098412733624                    -0.848646061704
  12                     0.156468597050                    -0.845581851868
  13                     0.252444515128                    -0.827288695396
  14                    -0.274289114283                    -0.811741730460
  15                    -0.008876575575                    -0.809539887941
  16                    -0.517226632770                    -0.798222648703
  17                    -0.178470896917                    -0.792639750319
  18                     0.525873918430                    -0.792552464171
  19                    -0.419760073975                    -0.791419242094
  20                     0.341583659468                    -0.787285828362
  21                     0.084200429525                    -0.779829829942
  22                     0.434653717683                    -0.757554015628
  23                    -0.087365397701                    -0.750980098032
  24                     0.177277434625                    -0.750119771944
  25                    -0.597099740347                    -0.740359564373
  26                    -0.338109034057                    -0.737761771926
  27                     0.604404485677                    -0.734423586387
  28                     0.270354439725                    -0.720409713946
  29                    -0.242290816690                    -0.718659791785
  30                     0.011909948404                    -0.714072946827
  31                    -0.506039659168                    -0.701161492486
  32                     0.510298098959                    -0.695715969038
  33                     0.363424497940                    -0.690677901211
  34                     0.104986953504                    -0.684362888829
  35                    -0.153435224220                    -0.678030982900
  36                    -0.411774772041                    -0.672334454946
  37                    -0.680069683933                    -0.664972188549
  38                     0.684051605181                    -0.660875319555
  39                     0.198063958604                    -0.654652830831
  40                    -0.060358219120                    -0.648320924902
  41                    -0.584792227111                    -0.643333735595
  42                    -0.318780396845                    -0.641989018973
  43                     0.589080635829                    -0.637929047420
  44                     0.291140963704                    -0.624942772832
  45                     0.032718785980                    -0.618610866904
  46                    -0.225703391745                    -0.612278960975
  47                    -0.484125569469                    -0.605947055045
  48                     0.483080378424                    -0.601879877295
  49                     0.385583857847                    -0.595520246799
  50                    -0.744698743249                    -0.591698038152
  51                     0.125795791080                    -0.588900808905
  52                     0.748239373701                    -0.587214293245
  53                    -0.132626386645                    -0.582568902976
  54                    -0.391048564369                    -0.576236997047
  55                    -0.649421286427                    -0.570059585198
  56                     0.218872796180                    -0.559190750907
  57                    -0.039549381545                    -0.552858844978
  58                    -0.297971559269                    -0.546526939049
  59                     0.659543062936                    -0.546238924042
  60                     0.561862915289                    -0.544092955679
  61                    -0.556393736994                    -0.540195033119
  62                     0.311949801280                    -0.529480692908
  63                     0.053527623555                    -0.523148786980
  64                    -0.204894554169                    -0.516816881051
  65                    -0.463316731893                    -0.510484975120
  66                     0.405026806380                    -0.499770634910
  67                    -0.747776885967                    -0.494042820871
  68                     0.146604628655                    -0.493438728981
  69                     0.739376928978                    -0.489913350299
  70                    -0.111817549069                    -0.487106823052
  71                    -0.370239726794                    -0.480774917123
  72                    -0.631571968799                    -0.473829020809
  73                     0.498103811480                    -0.470060576911
  74                     0.239681633755                    -0.463728670983
  75                     0.832435488771                    -0.460145567818
  76                    -0.018740543969                    -0.457396765054
  77                    -0.836397495046                    -0.452903981909
  78                    -0.277162721693                    -0.451064859125
  79                     0.596068637714                    -0.450833638286
  80                    -0.537329627085                    -0.444369273857
  81                     0.332758638855                    -0.434018612984
  82                     0.074336461131                    -0.427686707055
  83                    -0.184085716594                    -0.421354801126
  84                    -0.444252621985                    -0.414659215859
  85                     0.687104303090                    -0.407368883450
  86                    -0.703030907082                    -0.407187689772
  87                     0.425835643955                    -0.404308554986
  88                     0.167413466231                    -0.397976649057
  89                    -0.091008711494                    -0.391644743128
  90                    -0.351175616884                    -0.384949157861
  91                    -0.609597794609                    -0.378617251932
  92                     0.780329008602                    -0.377496120457
  93                     0.518912649055                    -0.374598496987
  94                     0.260490471331                    -0.368266591059
  95                     0.877472546414                    -0.367048657316
  96                    -0.878446494165                    -0.364711589393
  97                     0.002068293606                    -0.361934685130
  98                    -0.258098611785                    -0.355239099863
  99                    -0.781925683303                    -0.349554099656
 100                    -0.516520789509                    -0.348907193934
 101                     0.611989654155                    -0.344888438989
 102                     0.353567476430                    -0.338556533060
 103                     0.095145298706                    -0.332224627131
 104                    -0.165021606684                    -0.325529041865
 105                    -0.423443784409                    -0.319197135935
 106                     0.707913140665                    -0.311906803526
 107                    -0.691857928410                    -0.310124921564
 108                     0.446644481530                    -0.308846475062
 109                     0.188222303806                    -0.302514569133
 110                    -0.071944601584                    -0.295818983867
 111                    -0.330366779309                    -0.289487077938
 112                     0.819853009023                    -0.288143617328
 113                    -0.588788957034                    -0.283155172008
 114                     0.539721486630                    -0.279136417063
 115                     0.281299308906                    -0.272804511135
 116                    -0.878070300476                    -0.267008596077
 117                     0.021132403516                    -0.266108925868
 118                     0.914168691490                    -0.262637373670
 119                    -0.237289774209                    -0.259777019939
 120                    -0.495711951934                    -0.253445114010
 121                    -0.770752704631                    -0.252491331448
 122                     0.632798491730                    -0.249426359065
 123                     0.374376314006                    -0.243094453136
 124                     0.114209408616                    -0.236398867870
 125                    -0.144212769109                    -0.230066961941
 126                    -0.402634946834                    -0.223735056012
 127                     0.747437141086                    -0.222554300397
 128                    -0.661057124558                    -0.217403150082
 129                     0.467453319106                    -0.213384395138
 130                     0.207286413716                    -0.206688809872
 131                    -0.051135764009                    -0.200356903943
 132                    -0.309557941734                    -0.194024998013
 133                     0.844921795293                    -0.193710718508
 134                    -0.567980119458                    -0.187693092084
 135                    -0.932773562306                    -0.186054475923
 136                     0.560530324206                    -0.183674337139
 137                    -0.835313606797                    -0.179157121585
 138                     0.300363418816                    -0.176978751873
 139                     0.041941241091                    -0.170646845944
 140                    -0.216480936634                    -0.164314940015
 141                     0.936718972760                    -0.160251515853
 142                     0.672322492151                    -0.160073855936
 143                    -0.474903114358                    -0.157983034086
 144                    -0.738770518476                    -0.157632118791
 145                     0.393440423916                    -0.147268693875
 146                     0.135018246191                    -0.140936787946
 147                    -0.123403931533                    -0.134604882017
 148                    -0.381826109258                    -0.128272976087
 149                     0.764108236174                    -0.126283375330
 150                    -0.640248286983                    -0.121941070158
 151                     0.486517429016                    -0.117558635877
 152                     0.228095251291                    -0.111226729948
 153                    -0.030326926433                    -0.104894824019
 154                    -0.288749104158                    -0.098562918090
 155                     0.857253610425                    -0.096788364223
 156                    -0.547171281883                    -0.092231012160
 157                    -0.946938989582                    -0.089383088767
 158                     0.579594434115                    -0.087848577878
 159                    -0.805527692063                    -0.086104363926
 160                     0.321172256391                    -0.081516671949
 161                     0.062750078667                    -0.075184766020
 162                    -0.195672099058                    -0.068852860091
 163                     0.949039378883                    -0.063301215446
 164                    -0.454094276783                    -0.062520954162
 165                     0.673921163562                    -0.062383218337
 166                    -0.712516454507                    -0.056189048233
 167                     0.414249261491                    -0.051806613951
 168                     0.155827083767                    -0.045474708022
 169                    -0.102595093958                    -0.039142802093
 170                    -0.361017271683                    -0.032810896164
 171                     0.765595044563                    -0.028590971197
 172                    -0.619439449407                    -0.026478990234
 173                     0.507326266591                    -0.022096555953
 174                    -0.877795859587                    -0.020352342000
 175                     0.248904088867                    -0.015764650024
 176                    -0.009518088858                    -0.009432744095
 177                    -0.267940266582                    -0.003100838166
 178                     0.858740418814                     0.000904039911
 179                    -0.526362444307                     0.003231067764
 180                     0.600403271691                     0.007613502046
 181                    -0.784784622031                     0.009562973693
 182                     0.341981093967                     0.013945407974
 183                     0.083558916242                     0.020277313904
 184                    -0.174863261482                     0.026609219833
 185                    -0.433285439207                     0.032941125762
 186                     0.950526187271                     0.034391188688
 187                     0.693478928533                     0.037327783596
 188                    -0.691707616931                     0.039273031691
 189                     0.435058099067                     0.043655465973
 190                    -0.950064027111                     0.045399679926
 191                     0.176635921342                     0.049987371902
 192                    -0.081786256382                     0.056319277831
 193                    -0.340208434107                     0.062651183760
 194                     0.786624302784                     0.066822794704
 195                    -0.598630611831                     0.068983089689
 196                     0.528135104167                     0.073365523971
 197                    -0.857052789556                     0.075314995619
 198                     0.269712926442                     0.079697429900
 199                     0.011290748718                     0.086029335829
 200                    -0.247131429007                     0.092361241758
 201                    -0.505553606731                     0.098693147688
 202                     0.878410071242                     0.100309943481
 203                     0.621623616499                     0.103530733358
 204                    -0.763975784456                     0.105025053617
 205                     0.362789931542                     0.109407487899
 206                     0.104367753818                     0.115739393828
 207                    -0.154054423907                     0.122071299757
 208                    -0.412476601631                     0.128403205686
 209                     0.714768990751                     0.133025744467
 210                    -0.670898779356                     0.134735111615
 211                     0.455866936642                     0.139117545897
 212                    -0.940394207435                     0.142623704797
 213                     0.197444758918                     0.145449451826
 214                    -0.060977418807                     0.151781357755
 215                    -0.319399596531                     0.158113263684
 216                    -0.577821774256                     0.164445169614
 217                     0.548943941743                     0.168827603895
 218                    -0.847382969880                     0.172539020489
 219                     0.290521764018                     0.175159509824
 220                     0.933808171316                     0.180790170448
 221                     0.032099586293                     0.181491415753
 222                    -0.226322591431                     0.187823321682
 223                     0.833559004437                     0.191831170326
 224                    -0.484744769156                     0.194155227612
 225                     0.642652872362                     0.198944499778
 226                    -0.743166946880                     0.200487133541
 227                     0.383598769118                     0.204869567822
 228                     0.125176591393                     0.211201473751
 229                    -0.133245586331                     0.217533379680
 230                    -0.391667764056                     0.223865285610
 231                     0.742304767301                     0.226768997207
 232                    -0.650089941780                     0.230197191539
 233                     0.476675774218                     0.234579625821
 234                     0.218253596493                     0.240911531750
 235                    -0.919314522561                     0.241086493544
 236                    -0.040168581231                     0.247243437679
 237                    -0.298590758956                     0.253575343608
 238                    -0.557012936680                     0.259907249537
 239                     0.569973197609                     0.264241370319
 240                    -0.816374547883                     0.265191566002
 241                     0.311330601593                     0.270621589748
 242                     0.910334906957                     0.275632261763
 243                     0.052908423869                     0.276953495677
 244                    -0.205513753856                     0.283285401606
 245                    -0.463935931580                     0.289617307536
 246                     0.670188651146                     0.292687751863
 247                     0.814178476636                     0.292951973351
 248                    -0.722393414705                     0.296028860114
 249                     0.404407606693                     0.300331647746
 250                     0.145985428969                     0.306663553675
 251                    -0.112436748756                     0.312995459605
 252                    -0.370858926480                     0.319327365534
 253                    -0.629281104205                     0.325659271463
 254                     0.497484611794                     0.330041705745
 255                    -0.890331519787                     0.334467003668
 256                     0.239062434069                     0.336373611674
 257                    -0.019359743656                     0.342705517603
 258                    -0.277781921380                     0.349037423532
 259                    -0.536204099105                     0.355369329461
 260                     0.590561799635                     0.359751191235
 261                    -0.795665956038                     0.360675442381
 262                     0.332139439169                     0.366083669672
 263                     0.877255986224                     0.367565941271
 264                     0.073717261444                     0.372415575601
 265                    -0.184704916280                     0.378747481530
 266                    -0.443127094004                     0.385079387460
 267                     0.781275139277                     0.385833219228
 268                     0.683638804735                     0.389461249233
 269                     0.425216444269                     0.395793727671
 270                     0.166794266544                     0.402125633599
 271                    -0.091627911180                     0.408457539528
 272                    -0.350050088905                     0.414789445458
 273                    -0.642712645887                     0.422435353801
 274                     0.518293449369                     0.425503785669
 275                     0.259871271645                     0.431835691598
 276                     0.001449093920                     0.438167597527
 277                    -0.738801391720                     0.440126293538
 278                    -0.256973083804                     0.444499503456
 279                    -0.838870033928                     0.448307765632
 280                    -0.515395261529                     0.450831409385
 281                     0.611370637211                     0.455213271159
 282                     0.352948276745                     0.461545749596
 283                     0.094526099020                     0.467877655525
 284                     0.825113165386                     0.473150135640
 285                    -0.163896078704                     0.474209561454
 286                    -0.422318256429                     0.480541467383
 287                     0.704447642311                     0.484923329156
 288                     0.446025602856                     0.491256160417
 289                     0.187603104120                     0.497587713524
 290                    -0.070819073604                     0.503919619453
 291                    -0.594889704776                     0.507635017698
 292                    -0.329241251329                     0.510251525382
 293                     0.539102874122                     0.520965737598
 294                    -0.690978450610                     0.525325957435
 295                     0.280680109220                     0.527297771521
 296                    -0.788454013913                     0.531999111365
 297                     0.022257931496                     0.533629677451
 298                    -0.236164246229                     0.539961583380
 299                    -0.502421969635                     0.547862453083
 300                     0.632179879223                     0.550675795595
 301                     0.772221238416                     0.555299149548
 302                     0.373757114320                     0.557007829520
 303                     0.115334936596                     0.563339735449
 304                    -0.143087241129                     0.569671641378
 305                    -0.401509418853                     0.576003547307
 306                     0.208378277186                     0.593155053601
 307                     0.478864264312                     0.597889897085
 308                    -0.050010236029                     0.599381699376
 309                    -0.605940363585                     0.604711788167
 310                    -0.308432413753                     0.605713605306
 311                    -0.723476075397                     0.617466723700
 312                     0.699953475327                     0.621051615987
 313                     0.301488805862                     0.622759882166
 314                     0.574965552993                     0.630389989771
 315                     0.045140761804                     0.631301447096
 316                    -0.215355408653                     0.635423663304
 317                    -0.473777586378                     0.641755569233
 318                     0.397387082561                     0.651810999433
 319                     0.138184102394                     0.661116765248
 320                    -0.122278403553                     0.665133721302
 321                    -0.380700581277                     0.671465627231
 322                    -0.656315470593                     0.688427766442
 323                    -0.558627753200                     0.690195899691
 324                     0.230525920813                     0.693062447781
 325                     0.499330806661                     0.693425948233
 326                    -0.029097239827                     0.694821015250
 327                     0.643270710889                     0.700632270924
 328                    -0.287623576177                     0.701175685230
 329                     0.325118911767                     0.717563017766
 330                     0.065844220832                     0.726789879689
 331                    -0.194734021188                     0.731466723486
 332                    -0.449654242334                     0.740685631938
 333                     0.418068281510                     0.747670011787
 334                     0.158189094026                     0.758742047592
 335                    -0.101473853876                     0.760596735801
 336                     0.568001615515                     0.762926570071
 337                    -0.536540878344                     0.785370404595
 338                    -0.364818084016                     0.789150492060
 339                    -0.008396806271                     0.790306660638
 340                    -0.267411607326                     0.796765918726
 341                     0.315254444414                     0.814767486328
 342                     0.486739090364                     0.817170633625
 343                     0.218724380405                     0.835435628370
 344                    -0.449207963231                     0.838388330261
 345                    -0.183300306636                     0.846478145802
 346                     0.109776444600                     0.849674523696
 347                    -0.086175164884                     0.857095267085
 348                     0.400340599967                     0.862792090000
 349                     0.018086446244                     0.884352680016
 350                    -0.347531287761                     0.885375242421
 351                     0.284652087909                     0.907554943459
 352                    -0.254724016033                     0.916153704814
 353                     0.190047595126                     0.931968185152
 354                    -0.151784096527                     0.938959197511
 355                     0.093437761365                     0.946547500815
 356                    -0.054658954775                     0.949576318792
