   1                     0.027243567419                    -0.952134573338
   2                    -0.067686468879                    -0.950116308481
   3                     0.121755291045                    -0.941402931651
   4                    -0.181894846149                    -0.934995573602
   5                     0.216327685268                    -0.927633974312
   6                    -0.283101236396                    -0.909480153416
   7                     0.361112600342                    -0.881419393697
   8                    -0.374742602430                    -0.875711390605
   9                    -0.114883414236                    -0.867725571539
  10                     0.062968398713                    -0.864160022394
  11                     0.271408493544                    -0.850291296932
  12                    -0.213099613978                    -0.845318109045
  13                     0.176887365998                    -0.841261256394
  14                    -0.026623732494                    -0.832711092199
  15                     0.441140655456                    -0.830123867777
  16                    -0.477588803514                    -0.824142822858
  17                    -0.302691745184                    -0.813869178850
  18                     0.528350099459                    -0.792553047022
  19                     0.355914227069                    -0.786610311327
  20                    -0.392305824733                    -0.782398377541
  21                     0.105127718423                    -0.779081370864
  22                    -0.146088182064                    -0.778048106982
  23                     0.263993844840                    -0.755629751576
  24                     0.015535587216                    -0.747632440670
  25                    -0.235680313271                    -0.746599176787
  26                    -0.527661944555                    -0.743467760225
  27                     0.604674410980                    -0.735983229712
  28                     0.427945865143                    -0.724745714820
  29                    -0.620342607236                    -0.722826056087
  30                     0.177159356497                    -0.717216774357
  31                    -0.074056543991                    -0.716183510475
  32                    -0.325272444478                    -0.715150246592
  33                     0.518486271378                    -0.696141169317
  34                     0.336025482914                    -0.693765155069
  35                    -0.416265204817                    -0.688012555393
  36                     0.087567225290                    -0.685767844162
  37                    -0.163648675197                    -0.684734580280
  38                     0.674944726404                    -0.672125043434
  39                    -0.689225145499                    -0.657473312403
  40                     0.249190994571                    -0.655352177850
  41                    -0.002024905917                    -0.654318913968
  42                    -0.253240806404                    -0.653285650085
  43                    -0.505372836275                    -0.651169435014
  44                     0.408057120988                    -0.631900558562
  45                     0.589512388483                    -0.630687128162
  46                    -0.598053498955                    -0.630527730877
  47                     0.159598863364                    -0.623903247655
  48                    -0.091617037123                    -0.622869983773
  49                    -0.342832937611                    -0.621836719890
  50                     0.498597527223                    -0.603296013059
  51                     0.321222632645                    -0.593487581343
  52                     0.070006732157                    -0.592454317461
  53                     0.726229432508                    -0.592214693012
  54                    -0.181209168330                    -0.591421053578
  55                    -0.432425068818                    -0.590387789695
  56                    -0.751258913760                    -0.585587313906
  57                     0.231630501438                    -0.562038651148
  58                    -0.019585399050                    -0.561005387266
  59                    -0.533096236112                    -0.560355348629
  60                    -0.270801299537                    -0.559972123383
  61                     0.640797094587                    -0.550776777741
  62                    -0.625776898792                    -0.539713644491
  63                     0.398106378774                    -0.536997864983
  64                     0.142038370231                    -0.530589720954
  65                    -0.109177530256                    -0.529556457071
  66                    -0.360393430744                    -0.528523193188
  67                     0.794186245442                    -0.525899862390
  68                     0.545313535014                    -0.520631632576
  69                    -0.805827487887                    -0.507882385476
  70                     0.303662139512                    -0.500174054641
  71                     0.052446239025                    -0.499140790759
  72                    -0.711336753915                    -0.498539667564
  73                    -0.198769661463                    -0.498107526876
  74                    -0.449985561951                    -0.497074262994
  75                     0.708753907521                    -0.484461947119
  76                     0.465459603106                    -0.469259122968
  77                     0.214070008305                    -0.468725124447
  78                    -0.037145892182                    -0.467691860564
  79                    -0.288361792670                    -0.466658596681
  80                    -0.539577693158                    -0.465625332799
  81                     0.617345173088                    -0.458767036069
  82                    -0.632258355838                    -0.444983628661
  83                     0.842599044314                    -0.444217636111
  84                     0.375693777586                    -0.438309458134
  85                     0.124477877098                    -0.437276194252
  86                    -0.126738023389                    -0.436242930369
  87                    -0.377953923877                    -0.435209666487
  88                    -0.812308944933                    -0.413152369646
  89                     0.537491241180                    -0.407394526460
  90                     0.286101646379                    -0.406860527940
  91                     0.034885745892                    -0.405827264057
  92                    -0.216330154596                    -0.404794000174
  93                    -0.717818210961                    -0.403809651734
  94                    -0.467546055084                    -0.403760736292
  95                     0.692970840917                    -0.390831396585
  96                     0.447899109973                    -0.375945596266
  97                     0.196509515172                    -0.375411597745
  98                    -0.054706385315                    -0.374378333862
  99                    -0.305922285803                    -0.373345069980
 100                    -0.557138186291                    -0.372311806097
 101                     0.785266047139                    -0.368529376655
 102                     0.882639010163                    -0.358121258026
 103                    -0.885049234587                    -0.352122578186
 104                     0.609522879255                    -0.345529929953
 105                     0.358133284453                    -0.344995931433
 106                     0.106917383966                    -0.343962667550
 107                    -0.144298516522                    -0.342929403668
 108                    -0.395514417010                    -0.341896139785
 109                    -0.646730317498                    -0.340862875902
 110                     0.519930748048                    -0.314080999758
 111                     0.268541153246                    -0.313547001238
 112                     0.017325252759                    -0.312513737355
 113                    -0.233890647729                    -0.311480473473
 114                    -0.736769050272                    -0.310686680203
 115                    -0.485106548217                    -0.310447209590
 116                     0.683543267528                    -0.283608155878
 117                     0.430338616841                    -0.282632069564
 118                     0.825306012988                    -0.282432998569
 119                     0.178949022039                    -0.282098071043
 120                    -0.072266878448                    -0.281064807161
 121                    -0.323482778936                    -0.280031543278
 122                    -0.574698679424                    -0.278998279395
 123                    -0.826261959563                    -0.277558233625
 124                     0.916990748047                    -0.257741005095
 125                     0.591962386122                    -0.252216403251
 126                    -0.918603778144                    -0.251862043131
 127                     0.340572791321                    -0.251682404731
 128                     0.089356890833                    -0.250649140848
 129                    -0.161859009655                    -0.249615876966
 130                    -0.413074910143                    -0.248582613083
 131                    -0.664290810631                    -0.247549349200
 132                     0.502370254915                    -0.220767473057
 133                     0.250980660114                    -0.220233474536
 134                     0.754448466486                    -0.219227039291
 135                    -0.000235240374                    -0.219200210653
 136                    -0.251451140862                    -0.218166946771
 137                    -0.502667041350                    -0.217133682888
 138                    -0.753882941838                    -0.216100419006
 139                     0.663994024196                    -0.190351806744
 140                     0.846410722247                    -0.189856670971
 141                     0.412778123708                    -0.189318542863
 142                     0.161388528907                    -0.188784544341
 143                    -0.089827371581                    -0.187751280459
 144                    -0.341043272069                    -0.186718016576
 145                    -0.850357064441                    -0.185714828279
 146                    -0.592259172557                    -0.185684752693
 147                     0.938095457306                    -0.165164677497
 148                     0.574401892989                    -0.158902876550
 149                     0.323012298188                    -0.158368878029
 150                     0.071796397700                    -0.157335614146
 151                    -0.179419502788                    -0.156302350264
 152                    -0.430635403276                    -0.155269086381
 153                    -0.939949195648                    -0.154265898084
 154                    -0.681851303764                    -0.154235822499
 155                     0.484809761782                    -0.127453946355
 156                     0.233420166981                    -0.126919947834
 157                    -0.017795733507                    -0.125886683952
 158                    -0.269011633995                    -0.124853420069
 159                     0.751118335370                    -0.124333965722
 160                    -0.520227534483                    -0.123820156187
 161                    -0.771443434970                    -0.122786892304
 162                     0.646433531063                    -0.097038280043
 163                     0.395217630575                    -0.096005016161
 164                     0.143828035774                    -0.095471017640
 165                     0.841436597915                    -0.095035559019
 166                    -0.107387864714                    -0.094437753757
 167                    -0.358603765202                    -0.093404489874
 168                    -0.609819665690                    -0.092371225992
 169                    -0.861045706647                    -0.091366865331
 170                     0.949878394036                    -0.070947122940
 171                     0.556841399856                    -0.065589349848
 172                     0.305451805055                    -0.065055351327
 173                     0.054235904567                    -0.064022087445
 174                    -0.196979995921                    -0.062988823562
 175                    -0.448195896409                    -0.061955559680
 176                    -0.699411796896                    -0.060922295797
 177                    -0.950637837854                    -0.059917935136
 178                     0.718465169137                    -0.035173683535
 179                     0.467249268649                    -0.034140419653
 180                     0.215859673848                    -0.033606421132
 181                    -0.035356226640                    -0.032573157250
 182                    -0.286572127128                    -0.031539893367
 183                    -0.537788027616                    -0.030506629485
 184                    -0.789003928103                    -0.029473365602
 185                     0.878957727828                    -0.007811995720
 186                     0.628873037930                    -0.003724753341
 187                     0.377657137442                    -0.002691489459
 188                     0.126267542641                    -0.002157490938
 189                    -0.124948357847                    -0.001124227055
 190                    -0.376164258335                    -0.000090963173
 191                    -0.627380158822                     0.000942300710
 192                    -0.878606199780                     0.001946661371
 193                     0.790496807211                     0.026690912971
 194                     0.539280906723                     0.027724176854
 195                     0.287891311922                     0.028258175375
 196                     0.036675411434                     0.029291439257
 197                    -0.214540489054                     0.030324703140
 198                    -0.465756389542                     0.031357967022
 199                    -0.716972290029                     0.032391230905
 200                     0.950989365902                     0.054052600787
 201                     0.700904676004                     0.058139843166
 202                     0.449688775516                     0.059173107049
 203                     0.198299180715                     0.059707105569
 204                    -0.052916719773                     0.060740369452
 205                    -0.304132620261                     0.061773633335
 206                    -0.555348520748                     0.062806897217
 207                    -0.806577644038                     0.063837671756
 208                    -0.950362994574                     0.064129839044
 209                     0.862528445285                     0.088555509479
 210                     0.611312544797                     0.089588773361
 211                     0.360096644309                     0.090622037243
 212                     0.108707049508                     0.091156035764
 213                    -0.142508850980                     0.092189299647
 214                    -0.393724751468                     0.093222563529
 215                    -0.644940651955                     0.094255827412
 216                     0.772936314078                     0.120004439673
 217                     0.521720413590                     0.121037703556
 218                     0.270330818789                     0.121571702076
 219                     0.019114918301                     0.122604965959
 220                    -0.232100982187                     0.123638229842
 221                    -0.483316882675                     0.124671493724
 222                    -0.734532783162                     0.125704757607
 223                     0.940658357539                     0.149874353914
 224                     0.683344182871                     0.151453369868
 225                     0.432128282383                     0.152486633751
 226                     0.180738687582                     0.153020632271
 227                    -0.919015649054                     0.153757564182
 228                    -0.070477212906                     0.154053896154
 229                    -0.321693113394                     0.155087160036
 230                    -0.572909013881                     0.156120423919
 231                    -0.824124914369                     0.157153687802
 232                     0.851605418347                     0.182876624120
 233                     0.593752051664                     0.182902300063
 234                     0.342536151176                     0.183935563945
 235                     0.091146556375                     0.184469562466
 236                    -0.160069344113                     0.185502826348
 237                    -0.411285244600                     0.186536090231
 238                    -0.662501145088                     0.187569354114
 239                     0.755375820945                     0.213317966375
 240                     0.504159920457                     0.214351230258
 241                     0.252770325656                     0.214885228778
 242                     0.001554425168                     0.215918492661
 243                    -0.249661475319                     0.216951756543
 244                    -0.500877375807                     0.217985020426
 245                    -0.752093276295                     0.219018284308
 246                     0.665783689738                     0.244766896570
 247                     0.414567789250                     0.245800160452
 248                     0.163178194449                     0.246334158973
 249                    -0.088037706039                     0.247367422855
 250                    -0.339253606526                     0.248400686738
 251                    -0.919481829090                     0.248707908367
 252                    -0.590469507014                     0.249433950621
 253                     0.919270045422                     0.249489561508
 254                     0.827749235886                     0.274782378798
 255                    -0.828397248080                     0.275529248505
 256                     0.576191558531                     0.276215826765
 257                     0.324975658043                     0.277249090647
 258                     0.073586063242                     0.277783089168
 259                    -0.177629837245                     0.278816353050
 260                    -0.428845737733                     0.279849616933
 261                    -0.680860058600                     0.281811360478
 262                     0.486599427325                     0.307664756959
 263                     0.738398578852                     0.307715934794
 264                     0.235209832523                     0.308198755480
 265                    -0.016006067965                     0.309232019362
 266                    -0.267221968452                     0.310265283245
 267                    -0.518437868940                     0.311298547128
 268                     0.648223196606                     0.338080423272
 269                     0.397007296118                     0.339113687154
 270                     0.145617701316                     0.339647685675
 271                    -0.105598199171                     0.340680949557
 272                    -0.356814099659                     0.341714213440
 273                    -0.608030000147                     0.342747477323
 274                     0.885975407018                     0.349785699924
 275                    -0.885271829060                     0.351562578190
 276                    -0.790987743529                     0.362800745306
 277                     0.558631065399                     0.369529353467
 278                     0.307415164911                     0.370562617348
 279                     0.056025570110                     0.371096615869
 280                    -0.195190330378                     0.372129879752
 281                    -0.446406230866                     0.373163143635
 282                    -0.696960971699                     0.376020100956
 283                     0.469038934192                     0.400978283661
 284                     0.719102626363                     0.401261841600
 285                     0.217649339390                     0.401512282182
 286                    -0.033566561097                     0.402545546064
 287                    -0.284782461585                     0.403578809947
 288                    -0.535998362073                     0.404612073830
 289                     0.813535554716                     0.411171797561
 290                     0.379446802985                     0.432427213856
 291                     0.128057208184                     0.432961212377
 292                    -0.123158692304                     0.433994476259
 293                    -0.374374592792                     0.435027740142
 294                    -0.624929333625                     0.437884697463
 295                    -0.843979339903                     0.441589550972
 296                     0.634007652213                     0.443388205779
 297                    -0.749952568073                     0.454808906622
 298                     0.541070572266                     0.462842880168
 299                     0.289854671778                     0.463876144050
 300                     0.038465076977                     0.464410142571
 301                    -0.212750823511                     0.465443406454
 302                    -0.463966723999                     0.466476670337
 303                     0.451478441059                     0.494291810363
 304                     0.200088846258                     0.494825808884
 305                    -0.051127054230                     0.495859072766
 306                     0.712565007527                     0.496722314103
 307                    -0.302342954718                     0.496892336649
 308                     0.807071621022                     0.505903010716
 309                    -0.677920929999                     0.516673503129
 310                    -0.574093806057                     0.519293224664
 311                     0.361886309852                     0.525740740558
 312                     0.110496715051                     0.526274739078
 313                    -0.140719185437                     0.527308002961
 314                    -0.391935085925                     0.528341266844
 315                     0.627097637174                     0.538087925297
 316                    -0.781691302883                     0.544298782570
 317                     0.272294178645                     0.557189670752
 318                     0.534160557227                     0.557542599686
 319                     0.020904583844                     0.557723669273
 320                    -0.230311316644                     0.558756933156
 321                    -0.481527217132                     0.559790197038
 322                     0.752693932357                     0.583741639687
 323                     0.433917947927                     0.587605337065
 324                     0.182528353125                     0.588139335585
 325                    -0.068687547363                     0.589172599468
 326                    -0.319903447851                     0.590205863350
 327                    -0.630856494522                     0.599140006012
 328                     0.344325816720                     0.619054267260
 329                    -0.723617025733                     0.619419775096
 330                     0.092936221918                     0.619588265780
 331                    -0.158279678570                     0.620621529663
 332                     0.599736481277                     0.629011807378
 333                    -0.542110465030                     0.632902817417
 334                     0.506799401330                     0.648466481767
 335                    -0.426824611857                     0.648506387138
 336                     0.254733685513                     0.650503197454
 337                     0.003344090711                     0.651037195975
 338                    -0.247871809777                     0.652070459857
 339                     0.690836789904                     0.655779679028
 340                     0.417651377213                     0.681153099528
 341                     0.164967859993                     0.681452862287
 342                    -0.086248040495                     0.682486126170
 343                    -0.337463940984                     0.683519390052
 344                    -0.655155614163                     0.691337414903
 345                     0.326765323587                     0.712367793962
 346                     0.075375728786                     0.712901792482
 347                    -0.175840171702                     0.713935056365
 348                    -0.495126898468                     0.715415420441
 349                     0.622114862679                     0.721301293043
 350                     0.529175240551                     0.740743819200
 351                     0.237173192380                     0.743816724156
 352                    -0.014216402421                     0.744350722677
 353                    -0.265432302909                     0.745383986559
 354                    -0.406288164608                     0.748933543162
 355                    -0.582756178952                     0.752987490165
 356                     0.398810551087                     0.774216564193
 357                     0.147407366860                     0.774766388989
 358                    -0.103808533628                     0.775799652871
 359                     0.058061698599                     0.806917639639
 360                    -0.500890918588                     0.810191795433
 361                    -0.334256526534                     0.810798139669
 362                     0.312153007708                     0.813027069988
 363                     0.480651661477                     0.822360284808
 364                    -0.238084191951                     0.836311793151
 365                     0.220347325652                     0.837265509025
 366                    -0.031776895554                     0.837664249379
 367                    -0.417739432911                     0.856035176790
 368                    -0.146319074592                     0.860703357688
 369                     0.130581500132                     0.868215173858
 370                     0.388277736051                     0.869790684352
 371                    -0.306908415576                     0.901725946260
 372                     0.293596501187                     0.906147643710
 373                    -0.213751027760                     0.928215007130
 374                    -0.012304310802                     0.930597578317
 375                     0.201921568410                     0.930876005664
 376                    -0.105894249609                     0.946619704850
 377                     0.080829297643                     0.949088553483
