   1                    -0.032651758608                    -0.953214934451
   2                     0.060897185546                    -0.951830854898
   3                    -0.124790984280                    -0.945575419034
   4                     0.152760225749                    -0.941464155968
   5                    -0.223189581397                    -0.927295451460
   6                     0.283451550033                    -0.910684172656
   7                    -0.322463084832                    -0.897612389879
   8                     0.370285660371                    -0.878964716736
   9                     0.012991191671                    -0.872765677019
  10                     0.203535994334                    -0.864210625779
  11                    -0.413396929528                    -0.859469599772
  12                    -0.160659697612                    -0.859205068616
  13                     0.111244590365                    -0.858864285382
  14                    -0.250892640801                    -0.839097792184
  15                     0.453641040773                    -0.838987633800
  16                    -0.071419949293                    -0.835068914780
  17                     0.290369014478                    -0.818497214318
  18                    -0.497215060254                    -0.813921143232
  19                    -0.337352990912                    -0.806373268341
  20                     0.532734590818                    -0.791128497331
  21                     0.051190393594                    -0.788580716518
  22                     0.377203124816                    -0.786777758397
  23                     0.210453458779                    -0.772023667440
  24                    -0.192483812555                    -0.767441003357
  25                    -0.419467329927                    -0.763905375407
  26                    -0.033220747370                    -0.750883954279
  27                    -0.598738727461                    -0.742430050429
  28                     0.456365313186                    -0.739032239921
  29                     0.126042317815                    -0.734326905201
  30                    -0.278775398023                    -0.733841202719
  31                    -0.508539679045                    -0.722171267966
  32                     0.590429066897                    -0.718895305294
  33                     0.285305383000                    -0.717769856123
  34                    -0.117631888334                    -0.713187192040
  35                     0.041631176851                    -0.696630142962
  36                     0.374739571588                    -0.694364461153
  37                    -0.361306094482                    -0.692047478878
  38                    -0.667802723314                    -0.680977214213
  39                     0.200894242037                    -0.680073093883
  40                     0.672498366875                    -0.676340439493
  41                    -0.202043029297                    -0.675490429801
  42                     0.514059789266                    -0.666799047883
  43                    -0.042779964112                    -0.658933380723
  44                    -0.445717235446                    -0.654350716639
  45                    -0.569531349120                    -0.652699671010
  46                     0.116483101073                    -0.642376331644
  47                    -0.286454170261                    -0.637793667561
  48                     0.275746166258                    -0.625819282566
  49                    -0.127191105076                    -0.621236618483
  50                     0.429439888782                    -0.619838211408
  51                     0.594796178227                    -0.613985130610
  52                    -0.730592899860                    -0.613126788044
  53                     0.734817588680                    -0.608057197071
  54                     0.032071960109                    -0.604679569405
  55                    -0.370865311224                    -0.600096905322
  56                    -0.639965267989                    -0.592821881515
  57                     0.191335025294                    -0.588122520327
  58                    -0.211602246039                    -0.583539856244
  59                     0.509973038336                    -0.574443295117
  60                     0.350598090479                    -0.571565471249
  61                    -0.052339180855                    -0.566982807166
  62                    -0.547721421194                    -0.562863076874
  63                    -0.455276452188                    -0.562400143083
  64                     0.106923884330                    -0.550425758088
  65                     0.663010916289                    -0.549832731404
  66                    -0.296013387003                    -0.545843094004
  67                     0.790233405313                    -0.534061427806
  68                     0.266186949515                    -0.533868709009
  69                    -0.136750321818                    -0.529286044926
  70                    -0.795186174218                    -0.526658705307
  71                    -0.702755444536                    -0.524971455345
  72                     0.430152165003                    -0.523708876973
  73                     0.022512743367                    -0.512728995848
  74                     0.578490481750                    -0.512381660027
  75                    -0.380424527967                    -0.508146331765
  76                    -0.614157104907                    -0.498577880044
  77                     0.181775808552                    -0.496171946770
  78                    -0.221161462782                    -0.491589282687
  79                     0.341038873737                    -0.479614897692
  80                    -0.061898397597                    -0.475032233609
  81                    -0.464835668931                    -0.470449569526
  82                     0.500301938921                    -0.463057848613
  83                     0.097364667588                    -0.458475184531
  84                     0.653499993970                    -0.457877149960
  85                     0.838225200717                    -0.455048301201
  86                    -0.305572603746                    -0.453892520448
  87                     0.745806471920                    -0.452797708024
  88                    -0.842438028834                    -0.447200862160
  89                    -0.750007299152                    -0.445513612199
  90                     0.256627732773                    -0.441918135453
  91                    -0.146309538560                    -0.437335471370
  92                    -0.549246809894                    -0.432752807287
  93                     0.415890797958                    -0.425361086374
  94                     0.012953526625                    -0.420778422292
  95                    -0.389983744709                    -0.416195758209
  96                    -0.638558496118                    -0.408849890188
  97                     0.575153863142                    -0.408804037296
  98                     0.172216591809                    -0.404221373214
  99                    -0.230720679524                    -0.399638709130
 100                     0.331479656994                    -0.387664324135
 101                    -0.071457614339                    -0.383081660052
 102                    -0.474394885673                    -0.378498995970
 103                     0.878342105434                    -0.371760123420
 104                     0.490742722179                    -0.371107275057
 105                     0.785923376637                    -0.369509530243
 106                     0.087805450846                    -0.366524610974
 107                    -0.315131820488                    -0.361941946891
 108                    -0.809047782439                    -0.360995421220
 109                    -0.716617052756                    -0.359308171259
 110                     0.652492962868                    -0.357935736463
 111                     0.247068516031                    -0.349967561896
 112                    -0.155868755303                    -0.345384897813
 113                    -0.558806026637                    -0.340802233730
 114                     0.406331581215                    -0.333410512818
 115                     0.003394309882                    -0.328827848735
 116                    -0.895506386981                    -0.328266285840
 117                    -0.399542961451                    -0.324245184652
 118                     0.565594646401                    -0.316853463739
 119                     0.162657375067                    -0.312270799657
 120                    -0.240279896266                    -0.307688135574
 121                    -0.643217167600                    -0.303105471491
 122                     0.724998655152                    -0.299979213732
 123                     0.321920440252                    -0.295713750579
 124                    -0.081016831081                    -0.291131086496
 125                    -0.483954102415                    -0.286548422413
 126                     0.910207232393                    -0.284979363537
 127                     0.817746328818                    -0.281981297764
 128                     0.481183505437                    -0.279156701500
 129                     0.078246234104                    -0.274574037417
 130                    -0.324691037230                    -0.269991373335
 131                    -0.819996664065                    -0.269199949691
 132                    -0.727628308564                    -0.265408709252
 133                     0.640446570622                    -0.262599652422
 134                     0.237509299288                    -0.258016988339
 135                    -0.165427972045                    -0.253434324257
 136                    -0.568365243379                    -0.248851660174
 137                     0.396772364474                    -0.241459939261
 138                    -0.923080141284                    -0.240028115666
 139                    -0.006164906860                    -0.236877275178
 140                    -0.409102178194                    -0.232294611096
 141                     0.556035429659                    -0.224902890183
 142                     0.153098158325                    -0.220320226100
 143                    -0.249839113009                    -0.215737562017
 144                    -0.652776384343                    -0.211154897935
 145                     0.720611758490                    -0.207637231190
 146                     0.312361223510                    -0.203763177022
 147                     0.867234535763                    -0.203128071877
 148                    -0.090576047824                    -0.199180512939
 149                    -0.493513319157                    -0.194597848856
 150                     0.471624288695                    -0.187206127944
 151                     0.068687017361                    -0.182623463861
 152                    -0.851021834521                    -0.182115362075
 153                    -0.334250253972                    -0.178040799778
 154                    -0.752596617133                    -0.176384563863
 155                     0.630887353880                    -0.170649078865
 156                     0.227950082546                    -0.166066414783
 157                    -0.174987188787                    -0.161483750700
 158                    -0.577924460121                    -0.156901086617
 159                     0.387213147731                    -0.149509365704
 160                     0.792193376700                    -0.149136303535
 161                     0.942086459984                    -0.148874260559
 162                    -0.936994087775                    -0.148098830661
 163                    -0.015724123602                    -0.144926701622
 164                    -0.418661394936                    -0.140344037539
 165                     0.546476212916                    -0.132952316626
 166                     0.143538941583                    -0.128369652543
 167                    -0.259398329751                    -0.123786988461
 168                    -0.662335601085                    -0.119204324378
 169                     0.705739278101                    -0.116395267548
 170                     0.302802006768                    -0.111812603465
 171                    -0.100135264566                    -0.107229939383
 172                    -0.503072535900                    -0.102647275300
 173                     0.462065071953                    -0.095255554387
 174                     0.867045300922                    -0.094882492218
 175                     0.059127800619                    -0.090672890304
 176                    -0.838755782546                    -0.090486597098
 177                    -0.343809470715                    -0.086090226222
 178                    -0.746746742048                    -0.081507562139
 179                     0.621328137138                    -0.078698505309
 180                     0.218390865804                    -0.074115841226
 181                    -0.184546405530                    -0.069533177143
 182                    -0.587483676864                    -0.064950513061
 183                     0.377653930989                    -0.057558792148
 184                     0.782634159958                    -0.057185729979
 185                     0.952074025840                    -0.056969227344
 186                    -0.949131757991                    -0.054409918903
 187                    -0.025283340345                    -0.052976128065
 188                    -0.428220611678                    -0.048393463983
 189                     0.536916996174                    -0.041001743070
 190                     0.133979724840                    -0.036419078987
 191                    -0.268957546493                    -0.031836414904
 192                    -0.671894817827                    -0.027253750822
 193                     0.696180061359                    -0.024444693992
 194                     0.293242790025                    -0.019862029909
 195                    -0.109694481308                    -0.015279365826
 196                    -0.512631752642                    -0.010696701743
 197                    -0.870611670110                    -0.003702445149
 198                     0.452505855210                    -0.003304980831
 199                     0.877032866777                    -0.002977459002
 200                     0.049568583877                     0.001277683252
 201                    -0.353368687457                     0.005860347335
 202                    -0.777272478796                     0.009749897901
 203                     0.611768920395                     0.013252068248
 204                     0.208831649062                     0.017834732330
 205                    -0.194105622272                     0.022417396413
 206                    -0.597042893606                     0.027000060496
 207                     0.368094714247                     0.034391781409
 208                     0.792621725814                     0.034719303237
 209                    -0.953011277899                     0.038209262505
 210                    -0.034842557087                     0.038974445491
 211                    -0.437779828421                     0.043557109574
 212                     0.952438887647                     0.050503552757
 213                     0.527357779432                     0.050948830487
 214                     0.124420508098                     0.055531494570
 215                    -0.278516763236                     0.060114158652
 216                    -0.681454034569                     0.064696822735
 217                     0.686620844617                     0.067505879565
 218                     0.283683573283                     0.072088543648
 219                    -0.119253698051                     0.076671207731
 220                    -0.522190969384                     0.081253871813
 221                    -0.857145378555                     0.087757631353
 222                     0.442946638468                     0.088645592726
 223                     0.868419962409                     0.089066576548
 224                     0.040009367134                     0.093228256809
 225                    -0.362927904199                     0.097810920891
 226                    -0.765865175533                     0.102393584974
 227                     0.602209703653                     0.105202641804
 228                     0.199272432319                     0.109785305887
 229                    -0.203664839014                     0.114367969970
 230                    -0.606602110348                     0.118950634052
 231                     0.761472768838                     0.121759690882
 232                     0.358535497504                     0.126342354965
 233                    -0.944835507968                     0.130293155712
 234                    -0.044401773829                     0.130925019048
 235                    -0.447339045163                     0.135507683131
 236                     0.517798562689                     0.142899404043
 237                     0.942485217333                     0.145160939265
 238                     0.114861291356                     0.147482068126
 239                    -0.288075979978                     0.152064732209
 240                    -0.691013251312                     0.156647396292
 241                     0.677061627874                     0.159456453122
 242                     0.274124356541                     0.164039117204
 243                    -0.128812914793                     0.168621781287
 244                    -0.531750186127                     0.173204445370
 245                     0.836467905228                     0.175815366995
 246                    -0.866704595297                     0.179708204910
 247                     0.433387421726                     0.180596166283
 248                     0.030450150392                     0.185178830365
 249                    -0.372487120942                     0.189761494448
 250                    -0.775424392275                     0.194344158531
 251                     0.592650486911                     0.197153215361
 252                     0.189713215577                     0.201735879444
 253                    -0.213224055756                     0.206318543526
 254                    -0.616161327090                     0.210901207609
 255                     0.751913552096                     0.213710264439
 256                     0.348976280762                     0.218292928522
 257                    -0.053960990572                     0.222875592604
 258                    -0.456898261905                     0.227458256687
 259                     0.913256906023                     0.234333672675
 260                     0.508239345947                     0.234849977600
 261                     0.105302074614                     0.239432641683
 262                    -0.297635196720                     0.244015305765
 263                    -0.700572468054                     0.248597969848
 264                     0.667502411132                     0.251407026678
 265                     0.264565139799                     0.255989690761
 266                    -0.918746942690                     0.256114230065
 267                    -0.138372131535                     0.260572354844
 268                    -0.541309402869                     0.265155018926
 269                     0.826908688485                     0.267765940552
 270                     0.423828204984                     0.272546739839
 271                    -0.826238937273                     0.273020089837
 272                     0.020890933650                     0.277129403922
 273                    -0.382046337684                     0.281712068005
 274                     0.583091272202                     0.289103793471
 275                     0.180153998835                     0.293686453000
 276                    -0.222783272499                     0.298269117083
 277                    -0.625720543833                     0.302851781165
 278                     0.742354335354                     0.305660837995
 279                     0.339417064020                     0.310243502078
 280                    -0.063520207314                     0.314826166161
 281                    -0.466457478648                     0.319408830244
 282                     0.498680129205                     0.326800551156
 283                     0.894600487548                     0.330727094779
 284                     0.095742857871                     0.331383215239
 285                    -0.307194413463                     0.335965879322
 286                    -0.710131684796                     0.340548543404
 287                     0.657943911720                     0.343359206454
 288                    -0.889636206510                     0.343857330313
 289                     0.255005923056                     0.347940264318
 290                    -0.147931348277                     0.352522928400
 291                    -0.550868619611                     0.357105592483
 292                    -0.799476785094                     0.364291745694
 293                     0.414268988241                     0.364497313396
 294                     0.810202548735                     0.368453405573
 295                     0.011331716908                     0.369079977478
 296                    -0.391605554426                     0.373662641561
 297                     0.573532050499                     0.381054366513
 298                     0.170594782093                     0.385637026557
 299                    -0.232342489241                     0.390219690639
 300                    -0.635279760575                     0.394802354722
 301                     0.329857847278                     0.402194075635
 302                    -0.073079424056                     0.406776739718
 303                    -0.476016695390                     0.411359403800
 304                     0.489176938148                     0.418876339278
 305                     0.086183641129                     0.423333788796
 306                    -0.316753630205                     0.427916452878
 307                     0.740635904969                     0.429336643638
 308                    -0.719690901539                     0.432499116961
 309                     0.648382936096                     0.435309610752
 310                     0.245446706314                     0.439890837874
 311                    -0.157490565020                     0.444473501957
 312                    -0.843213212069                     0.445737504070
 313                    -0.560427836354                     0.449056166039
 314                     0.404709999946                     0.456447910701
 315                     0.837240687855                     0.456857170397
 316                     0.001772500165                     0.461030551035
 317                    -0.401164771168                     0.465613215118
 318                     0.564565597136                     0.474308845256
 319                     0.161035565350                     0.477587600113
 320                    -0.241901705984                     0.482170264196
 321                    -0.644838977317                     0.486752928279
 322                     0.320298858858                     0.494144672928
 323                    -0.082638640798                     0.498727313274
 324                    -0.485575912132                     0.503309977357
 325                    -0.774155718165                     0.507197646746
 326                     0.479618026275                     0.510826944858
 327                     0.699682161789                     0.512216541814
 328                     0.076624424387                     0.515284362352
 329                    -0.326312846947                     0.519867026435
 330                     0.235887489572                     0.531841411430
 331                     0.789078395966                     0.535766486971
 332                    -0.167049781762                     0.536424075513
 333                    -0.569987053096                     0.541006739596
 334                     0.395151086165                     0.548398515753
 335                    -0.007786716577                     0.552981124591
 336                    -0.410723987911                     0.557563788674
 337                     0.553709092573                     0.566115287966
 338                     0.151476348609                     0.569538173670
 339                    -0.251460922726                     0.574120837752
 340                    -0.654398194059                     0.578703501835
 341                     0.644106699661                     0.586092482494
 342                     0.310739413794                     0.586095222748
 343                    -0.092197857541                     0.590677886831
 344                    -0.745387010410                     0.595053483525
 345                    -0.495135128874                     0.595260550913
 346                     0.067065207645                     0.607234935909
 347                     0.733502933839                     0.609642427652
 348                    -0.335872063689                     0.611817599992
 349                     0.476228570255                     0.619666853561
 350                     0.226328272830                     0.623791984987
 351                    -0.176608998504                     0.628374649070
 352                    -0.579546269838                     0.632957313153
 353                     0.385591338016                     0.640349034063
 354                    -0.017345933319                     0.644931698148
 355                     0.581640183174                     0.654241003535
 356                     0.142762051212                     0.663331979608
 357                    -0.434040512367                     0.664641632167
 358                    -0.261020139468                     0.666071411309
 359                    -0.680686891680                     0.667940284746
 360                     0.671036417352                     0.677790948693
 361                    -0.101757074283                     0.682628460387
 362                     0.057505990903                     0.699185509465
 363                    -0.518451653331                     0.702338394406
 364                    -0.350008656592                     0.703176471171
 365                     0.322887848794                     0.708963767406
 366                     0.507353851823                     0.709266702772
 367                     0.219078760418                     0.715953425795
 368                    -0.188152259344                     0.723920261153
 369                     0.416704064960                     0.727402378767
 370                    -0.609398408520                     0.733008972268
 371                    -0.023857555934                     0.743074686358
 372                     0.592991233181                     0.746087569459
 373                    -0.443599729110                     0.756592205724
 374                    -0.275156732371                     0.757430282488
 375                     0.145021928830                     0.771287613214
 376                    -0.110749189464                     0.774636223466
 377                     0.054833359625                     0.791592996414
 378                    -0.528010870073                     0.794288967963
 379                    -0.359567873334                     0.795127044728
 380                     0.266271664775                     0.795446295793
 381                     0.358635945526                     0.799335542937
 382                     0.517541828898                     0.801149735620
 383                    -0.173740374138                     0.842300078332
 384                     0.437549463891                     0.847490949917
 385                    -0.434830873070                     0.848870604477
 386                    -0.265912453457                     0.849413052122
 387                     0.192214833187                     0.850780483212
 388                    -0.083785926558                     0.863618707810
 389                     0.102026263982                     0.871085866411
 390                     0.008324655470                     0.871488096638
 391                    -0.350323594420                     0.887109814361
 392                     0.342140116796                     0.890298031011
 393                     0.254341010052                     0.919239410681
 394                    -0.218065297123                     0.928513850049
 395                     0.164152440847                     0.939544793880
 396                    -0.127149246609                     0.945263726496
 397                     0.057401095875                     0.952048085831
 398                    -0.035038664581                     0.953133115324
