   1                    -0.014715430840                    -0.947542550450
   2                     0.089888323498                    -0.943384077731
   3                    -0.119139607985                    -0.940137852991
   4                     0.193395141364                    -0.927713182031
   5                     0.294541895369                    -0.900721100392
   6                    -0.213191293884                    -0.894164831593
   7                    -0.317868194174                    -0.892755980070
   8                     0.029392663779                    -0.852601967420
   9                    -0.414399675384                    -0.852247814817
  10                     0.133524102380                    -0.841837125952
  11                     0.380258077987                    -0.840621396946
  12                    -0.124499136022                    -0.835243828615
  13                     0.481990462880                    -0.815928074349
  14                    -0.505874102465                    -0.801339392064
  15                     0.283430100871                    -0.796626113289
  16                    -0.219313749340                    -0.789657636357
  17                    -0.323990649629                    -0.788248784834
  18                    -0.038519651606                    -0.772932928667
  19                     0.569120155348                    -0.757645542539
  20                     0.188408974579                    -0.752691800104
  21                    -0.418625038159                    -0.743487520057
  22                     0.369146283489                    -0.736526409843
  23                     0.067433732705                    -0.731293984857
  24                    -0.133718713577                    -0.729385518678
  25                    -0.570314821779                    -0.718837076878
  26                     0.470878668382                    -0.711833087246
  27                     0.274240322235                    -0.692343869904
  28                    -0.228713416509                    -0.685394102109
  29                    -0.333366167710                    -0.682740805523
  30                     0.658747866584                    -0.681252285933
  31                    -0.665309524690                    -0.674845660262
  32                    -0.024042184193                    -0.669252451940
  33                    -0.480732959023                    -0.658950000828
  34                     0.557806957537                    -0.653500327485
  35                     0.156547554502                    -0.652971750828
  36                     0.359835357999                    -0.632071752225
  37                    -0.119241246164                    -0.625705041951
  38                    -0.575415426490                    -0.614275027603
  39                     0.061552851569                    -0.608980334260
  40                     0.461611096565                    -0.607557728558
  41                     0.729870552524                    -0.604435608958
  42                    -0.394825687794                    -0.597994326493
  43                     0.242142590265                    -0.592699633145
  44                    -0.214235949097                    -0.581713625382
  45                    -0.670410129452                    -0.570283610990
  46                    -0.033441851363                    -0.564988917692
  47                     0.606268514654                    -0.560706384801
  48                    -0.489820390726                    -0.554002909924
  49                     0.147147887332                    -0.548708216579
  50                    -0.772801072778                    -0.548481477109
  51                    -0.309230652030                    -0.537722208814
  52                     0.327737626029                    -0.532427515466
  53                    -0.128640913334                    -0.521441507703
  54                     0.792086390532                    -0.520242807496
  55                     0.511765764577                    -0.515667861905
  56                    -0.584815093658                    -0.510011493354
  57                     0.052153184399                    -0.504716800011
  58                     0.689859446724                    -0.497684210985
  59                    -0.404225354963                    -0.493730792244
  60                     0.232742923097                    -0.488436098897
  61                    -0.223635616267                    -0.477450091134
  62                     0.414327896104                    -0.473456106164
  63                    -0.679809796621                    -0.466020076742
  64                    -0.042841518533                    -0.460725383443
  65                     0.595356696647                    -0.452645688089
  66                    -0.499220057895                    -0.449739375675
  67                     0.137748220164                    -0.444444682331
  68                    -0.782200739946                    -0.444217942860
  69                    -0.318630319199                    -0.433458674565
  70                     0.318337958861                    -0.428163981218
  71                     0.819568892999                    -0.419228202735
  72                    -0.138040580504                    -0.417177973454
  73                     0.498982427085                    -0.411764904298
  74                    -0.594214760827                    -0.405747959106
  75                     0.042753517231                    -0.400453265763
  76                     0.683670978823                    -0.392792280610
  77                    -0.413625022131                    -0.389467257996
  78                     0.223343255928                    -0.384172564649
  79                    -0.866929986961                    -0.382734668572
  80                    -0.233035283436                    -0.373186556885
  81                     0.403932994623                    -0.367891863537
  82                    -0.689209463789                    -0.361756542493
  83                    -0.052241185702                    -0.356461849195
  84                     0.585957029479                    -0.348382153840
  85                    -0.508619725063                    -0.345475841426
  86                     0.128348552995                    -0.340181148082
  87                     0.885395891766                    -0.337827683387
  88                    -0.328029986368                    -0.329195140316
  89                     0.768376765651                    -0.327912243481
  90                     0.308938291691                    -0.323900446969
  91                    -0.784440047415                    -0.318278108078
  92                    -0.147440247672                    -0.312914439205
  93                     0.489582759917                    -0.307501370050
  94                    -0.603614427995                    -0.301484424857
  95                     0.033353850062                    -0.296189731514
  96                     0.671552065242                    -0.288110036161
  97                    -0.423024689300                    -0.285203723747
  98                     0.213943588759                    -0.279909030400
  99                    -0.881506036016                    -0.279068005122
 100                    -0.242434950604                    -0.268923022637
 101                     0.394533327455                    -0.263628329289
 102                    -0.698609130958                    -0.257493008245
 103                    -0.061640852870                    -0.252198314946
 104                     0.576557362310                    -0.244118619592
 105                    -0.518019392232                    -0.241212307178
 106                     0.917255906103                    -0.238107184976
 107                     0.118948885826                    -0.235917613833
 108                    -0.337429653537                    -0.224931606067
 109                     0.760175204297                    -0.223547629228
 110                     0.299538624523                    -0.219636912720
 111                    -0.793839714584                    -0.214014573829
 112                    -0.156839914841                    -0.208650904957
 113                     0.480183092748                    -0.203237835801
 114                    -0.613014095164                    -0.197220890609
 115                     0.023954182894                    -0.191926197265
 116                    -0.929244147840                    -0.185899818511
 117                     0.662803208614                    -0.183785898335
 118                    -0.432424356469                    -0.180940189498
 119                     0.204543921591                    -0.175645496152
 120                    -0.251834617773                    -0.164659488388
 121                     0.845068125777                    -0.162290546377
 122                     0.385133660286                    -0.159364795040
 123                    -0.708571704617                    -0.153278691488
 124                    -0.071040520039                    -0.147934780697
 125                     0.567157695141                    -0.139855085343
 126                    -0.527419059401                    -0.136948772929
 127                     0.109549218658                    -0.131654079585
 128                    -0.845562505920                    -0.122998140295
 129                    -0.346829320705                    -0.120668071819
 130                     0.749571475126                    -0.119399661199
 131                     0.940205108946                    -0.118607680738
 132                     0.290138957354                    -0.115373378472
 133                    -0.166239582010                    -0.104387370708
 134                     0.470783425580                    -0.098974301552
 135                    -0.622413762333                    -0.092957356360
 136                     0.014554515725                    -0.087662663017
 137                    -0.942369350019                    -0.080560794981
 138                     0.652752730904                    -0.079582967663
 139                    -0.441824023637                    -0.076676655250
 140                     0.195144254422                    -0.071381961903
 141                    -0.261234284942                    -0.060395954139
 142                     0.852413741275                    -0.057862196539
 143                     0.375733993118                    -0.055101260792
 144                    -0.717408465265                    -0.048965939791
 145                    -0.080440187207                    -0.043671246449
 146                     0.557758027972                    -0.035591551094
 147                    -0.536818726569                    -0.032685238681
 148                     0.100149551489                    -0.027390545336
 149                    -0.818525662205                    -0.021863342135
 150                    -0.356228987874                    -0.016404537570
 151                     0.756917090624                    -0.014971311361
 152                     0.947550724443                    -0.014179330900
 153                     0.280739290186                    -0.011109844223
 154                    -0.175639249178                    -0.000123836460
 155                     0.461383758410                     0.005289232696
 156                    -0.631813429501                     0.011306177889
 157                     0.005154848556                     0.016600871232
 158                    -0.947347011535                     0.024047732718
 159                     0.644541083422                     0.024792958878
 160                    -0.451223690806                     0.027586878999
 161                     0.185744587253                     0.032881572345
 162                    -0.270633952110                     0.043867580109
 163                     0.847715623315                     0.046859066138
 164                     0.366334325948                     0.049162273457
 165                    -0.743272604639                     0.053364288785
 166                    -0.089839854376                     0.060592287800
 167                     0.548358360805                     0.068671983154
 168                    -0.546218393738                     0.071578295568
 169                    -0.855875406331                     0.075933564414
 170                     0.090749884320                     0.076872988913
 171                     0.729447121660                     0.086046702489
 172                    -0.365628655042                     0.087858996679
 173                     0.943333070014                     0.090422053928
 174                     0.271339623016                     0.093153690025
 175                    -0.185038916347                     0.104139697789
 176                     0.451984091243                     0.109552766945
 177                    -0.641213096670                     0.115569712137
 178                    -0.004244818612                     0.120864405481
 179                     0.633953396568                     0.128944100834
 180                    -0.460623357975                     0.131850413248
 181                     0.176344920084                     0.137145106594
 182                    -0.936929169420                     0.142187060971
 183                     0.815042157424                     0.146318820168
 184                    -0.280033619279                     0.148131114358
 185                     0.356934658781                     0.153425807706
 186                    -0.736207799602                     0.159561128706
 187                    -0.099239521545                     0.164855822049
 188                     0.538958693636                     0.172935517403
 189                    -0.555618060907                     0.175841829817
 190                    -0.839025076768                     0.179254930600
 191                     0.081350217151                     0.181136523161
 192                     0.910291038342                     0.189757155780
 193                     0.720047454491                     0.190310236737
 194                    -0.375028322211                     0.192122530927
 195                     0.261939955849                     0.197417224274
 196                    -0.194438583516                     0.208403232038
 197                     0.442584424074                     0.213816301193
 198                    -0.650612763839                     0.219833246386
 199                    -0.013644485781                     0.225127939729
 200                     0.624553729399                     0.233207635083
 201                    -0.470023025143                     0.236113947496
 202                     0.166945252916                     0.241408640842
 203                     0.805642490254                     0.250582354418
 204                    -0.289433286448                     0.252394648607
 205                    -0.913234221198                     0.253094223661
 206                     0.347534991612                     0.257689341955
 207                    -0.781220409713                     0.266627319464
 208                    -0.108639188714                     0.269119356297
 209                     0.529559026466                     0.277199051651
 210                    -0.565017728075                     0.280105364065
 211                     0.071950549983                     0.285400057410
 212                     0.900891371173                     0.294020690029
 213                     0.710647787322                     0.294573770986
 214                    -0.384427989380                     0.296386065176
 215                     0.252540288680                     0.301680758523
 216                    -0.203838250685                     0.312666766286
 217                     0.433184756905                     0.318079835442
 218                    -0.660012431007                     0.324096780635
 219                    -0.023044152949                     0.329391473978
 220                     0.615154062229                     0.337471169332
 221                    -0.479422692312                     0.340377481745
 222                    -0.856071032626                     0.340796037720
 223                     0.157545585747                     0.345672175091
 224                    -0.298832953617                     0.356658182855
 225                     0.338135324443                     0.361952876203
 226                    -0.755005681658                     0.368091333112
 227                    -0.118038855882                     0.373382890546
 228                     0.520159359297                     0.381462585900
 229                    -0.574417395244                     0.384368898314
 230                     0.758347780122                     0.387761479423
 231                     0.062550882814                     0.389663591659
 232                     0.862963946778                     0.391595014498
 233                    -0.393827656549                     0.400649599425
 234                     0.243140621511                     0.405944292771
 235                    -0.213237917853                     0.416930300535
 236                     0.423785089735                     0.422343369691
 237                    -0.669733634970                     0.428819550364
 238                    -0.032443820118                     0.433655008227
 239                     0.608890965789                     0.441970030282
 240                    -0.837319779890                     0.443789381377
 241                    -0.488822359481                     0.444641015993
 242                     0.148145918578                     0.449935709339
 243                    -0.308232620785                     0.460921717104
 244                     0.328735657273                     0.466216410452
 245                    -0.127438523051                     0.477646424795
 246                     0.706845974395                     0.478903140170
 247                     0.814505492437                     0.484390577538
 248                     0.513896262857                     0.485961446850
 249                    -0.583817062413                     0.488632432563
 250                     0.053151215645                     0.493927125907
 251                    -0.403227323717                     0.504913133673
 252                     0.233740954341                     0.510207827020
 253                    -0.222637585021                     0.521193834784
 254                     0.414385422565                     0.526606903939
 255                    -0.678574824149                     0.533131925904
 256                    -0.783260757705                     0.533437919778
 257                    -0.041843487287                     0.537918542475
 258                    -0.498222026649                     0.548904550242
 259                     0.627164265250                     0.550639952837
 260                     0.138746251408                     0.554199243588
 261                    -0.317632287954                     0.565185251352
 262                     0.319335990103                     0.570479944700
 263                     0.756107362443                     0.571274964686
 264                    -0.136838190219                     0.581909959043
 265                     0.498110464446                     0.589450803237
 266                     0.043751548476                     0.598190660156
 267                    -0.597727435386                     0.599873394346
 268                    -0.412626990886                     0.609176667922
 269                     0.224341287171                     0.614471361268
 270                    -0.232037252190                     0.625457369032
 271                     0.403061031984                     0.633323843998
 272                    -0.703646394969                     0.634771753991
 273                    -0.051243154457                     0.642182076724
 274                     0.583808225798                     0.649576771138
 275                     0.688482208185                     0.651187897484
 276                    -0.507621693818                     0.653168084491
 277                     0.129346584238                     0.658462777836
 278                    -0.327031955123                     0.669448785601
 279                     0.316020159410                     0.691488479460
 280                    -0.143337506281                     0.691960271538
 281                     0.488580916055                     0.693702546745
 282                     0.034351881306                     0.702454194404
 283                    -0.629337642479                     0.708510804841
 284                     0.214941620001                     0.718734895517
 285                    -0.431665382475                     0.726176272152
 286                    -0.240960296082                     0.729762774475
 287                    -0.057742470518                     0.752232389219
 288                     0.401929558231                     0.752445891084
 289                     0.574278677408                     0.753828514646
 290                    -0.535135256246                     0.754174233806
 291                     0.119946917068                     0.762726312085
 292                    -0.335954999015                     0.773754191043
 293                     0.306620492240                     0.795752013708
 294                     0.487627319584                     0.812571858985
 295                     0.205541952831                     0.822998429765
 296                    -0.202719563947                     0.827214735578
 297                    -0.460923848896                     0.828011252543
 298                     0.004716090285                     0.844171670278
 299                    -0.100109771741                     0.847962479076
 300                     0.392979521154                     0.858128818839
 301                     0.110133020071                     0.866951672447
 302                    -0.366781786261                     0.873798918565
 303                     0.296806595242                     0.899977374071
 304                    -0.268163766097                     0.908923331954
 305                     0.195728055833                     0.927223790127
 306                    -0.166273256206                     0.932955858060
 307                    -0.062353659646                     0.945603220144
 308                     0.042326858919                     0.946711078330
