   1                    -0.016154254326                    -0.948451743705
   2                     0.086596026016                    -0.944628391670
   3                    -0.122278996712                    -0.940675032641
   4                     0.191120274239                    -0.929136540475
   5                    -0.223374323063                    -0.921914085947
   6                     0.307500508988                    -0.897365648464
   7                    -0.330690107223                    -0.888207706149
   8                     0.402820149798                    -0.858811735474
   9                    -0.062786357796                    -0.856812859727
  10                     0.125925635415                    -0.849626181404
  11                    -0.427304874783                    -0.846895633509
  12                     0.227380945647                    -0.832921147527
  13                    -0.248934549853                    -0.822320346497
  14                     0.030020894129                    -0.812551678981
  15                     0.493406952214                    -0.810167420709
  16                    -0.148545352363                    -0.800088676331
  17                    -0.344899248674                    -0.785401317378
  18                    -0.497015355236                    -0.771313313844
  19                     0.303168000701                    -0.757705026505
  20                     0.405986338669                    -0.756039105951
  21                    -0.594648320232                    -0.739063627380
  22                     0.097665226233                    -0.734495260550
  23                     0.201084092027                    -0.733519368767
  24                     0.550317788533                    -0.724532177727
  25                    -0.003762292474                    -0.715438680706
  26                    -0.209199403689                    -0.710734106437
  27                    -0.106185484724                    -0.706398336676
  28                    -0.413590152040                    -0.699034851240
  29                     0.648082403574                    -0.692683815495
  30                    -0.311031869225                    -0.688317648616
  31                    -0.671147303880                    -0.670360325918
  32                    -0.515878253728                    -0.670236960568
  33                     0.464748256132                    -0.667522588572
  34                     0.362022425921                    -0.663090665906
  35                     0.260124855742                    -0.649338454356
  36                     0.157701663491                    -0.640298110326
  37                     0.055278471240                    -0.631257766296
  38                    -0.047144721010                    -0.622217422266
  39                    -0.149567913261                    -0.613177078235
  40                     0.728528817354                    -0.607509203515
  41                    -0.251991105511                    -0.604136734205
  42                    -0.354414297762                    -0.595096390175
  43                     0.626872605964                    -0.592073763233
  44                    -0.456837490014                    -0.586056046157
  45                     0.524118760900                    -0.583326504996
  46                    -0.559260682264                    -0.577015702127
  47                     0.421588811707                    -0.574197883976
  48                    -0.661683874515                    -0.567975358097
  49                     0.319165619456                    -0.565157539946
  50                    -0.764320538180                    -0.561814724787
  51                     0.216742427206                    -0.556117195915
  52                     0.114319234955                    -0.547076851885
  53                     0.011896042704                    -0.538036507855
  54                    -0.090527149546                    -0.528996163825
  55                    -0.192950341797                    -0.519955819794
  56                     0.794823283747                    -0.517555937546
  57                     0.691068195062                    -0.511754621857
  58                    -0.295373534047                    -0.510915475764
  59                    -0.397796726298                    -0.501875131734
  60                     0.583052767672                    -0.499057313596
  61                    -0.500219918550                    -0.492834787717
  62                     0.480629575421                    -0.490016969566
  63                    -0.602643110800                    -0.483794443687
  64                     0.378206383171                    -0.480976625535
  65                    -0.705066303051                    -0.474754099657
  66                     0.275783190920                    -0.471936281505
  67                    -0.807702966716                    -0.468593466346
  68                     0.173359998669                    -0.462895937475
  69                     0.070936806419                    -0.453855593444
  70                    -0.031486385832                    -0.444815249414
  71                    -0.133909578082                    -0.435774905384
  72                    -0.236332770333                    -0.426734561354
  73                     0.847305888274                    -0.426490799158
  74                     0.744516723637                    -0.423916743216
  75                    -0.338755962584                    -0.417694217324
  76                     0.642093531386                    -0.414876399185
  77                    -0.441179154834                    -0.408653873294
  78                     0.539670339136                    -0.405836055155
  79                    -0.543602347086                    -0.399613529276
  80                     0.437247146885                    -0.396795711125
  81                    -0.646025539337                    -0.390573185246
  82                     0.334823954635                    -0.387755367094
  83                    -0.867097021031                    -0.384661443596
  84                    -0.748448731587                    -0.381532841216
  85                     0.232400762384                    -0.378715023064
  86                     0.129977570133                    -0.369674679034
  87                     0.027554377883                    -0.360634335003
  88                    -0.074868814368                    -0.351593990973
  89                    -0.177292006619                    -0.342553646943
  90                    -0.279715198869                    -0.333513302913
  91                     0.702522256327                    -0.330062053155
  92                     0.826177603780                    -0.325863597442
  93                    -0.382138391120                    -0.324472958883
  94                     0.600099064077                    -0.321021709125
  95                    -0.484561583371                    -0.315432614853
  96                     0.497675871826                    -0.311981365094
  97                    -0.586984775622                    -0.306392270835
  98                     0.395252679575                    -0.302941021064
  99                    -0.809986205310                    -0.299159438598
 100                    -0.689407967873                    -0.297351926805
 101                     0.292829487325                    -0.293900677034
 102                     0.190406295074                    -0.284860333004
 103                     0.087983102823                    -0.275819988973
 104                    -0.908964973659                    -0.271293337853
 105                    -0.014440089427                    -0.266779644943
 106                     0.910309933627                    -0.266753621925
 107                    -0.116863281678                    -0.257739300913
 108                    -0.219286473928                    -0.248698956882
 109                     0.761563020041                    -0.245881138744
 110                    -0.321709666179                    -0.239658612852
 111                     0.659139827791                    -0.236840794714
 112                    -0.424132858429                    -0.230618268822
 113                     0.556716635540                    -0.227800450684
 114                    -0.526556050680                    -0.221577924792
 115                     0.454293443290                    -0.218760106653
 116                    -0.628979242931                    -0.212537580774
 117                     0.351870251039                    -0.209719762623
 118                    -0.731402435182                    -0.203497236744
 119                     0.249447058789                    -0.200679418593
 120                    -0.834134571581                    -0.199213980785
 121                     0.147023866538                    -0.191639074563
 122                     0.044600674288                    -0.182598730532
 123                    -0.057822517963                    -0.173558386502
 124                    -0.933033527350                    -0.171085086762
 125                     0.831070800375                    -0.170112368106
 126                     0.933834195366                    -0.166659430083
 127                    -0.160245710214                    -0.164518042472
 128                    -0.262668902464                    -0.155477698441
 129                     0.718180591505                    -0.152659880304
 130                    -0.365092094715                    -0.146437354411
 131                     0.615757399255                    -0.143619536273
 132                    -0.467515286965                    -0.137397010381
 133                     0.513334207004                    -0.134579192243
 134                    -0.569938479216                    -0.128356666351
 135                     0.410911014753                    -0.125538848212
 136                    -0.672361671468                    -0.119316322333
 137                     0.308487822503                    -0.116498504182
 138                    -0.778202931114                    -0.111885521950
 139                     0.206064630252                    -0.107458160152
 140                     0.103641438002                    -0.098417816122
 141                     0.001218245751                    -0.089377472091
 142                    -0.101204946499                    -0.080337128061
 143                     0.879462165825                    -0.079390188453
 144                    -0.904973187199                    -0.072166658542
 145                    -0.203628138750                    -0.071296784031
 146                     0.777221355220                    -0.068478965893
 147                    -0.306051331000                    -0.062256440001
 148                     0.674798162969                    -0.059438621862
 149                    -0.408474523251                    -0.053216095970
 150                     0.572374970719                    -0.050398277832
 151                    -0.510897715501                    -0.044175751940
 152                     0.469951778468                    -0.041357933802
 153                    -0.613320907752                    -0.035135407910
 154                     0.367528586217                    -0.032317589772
 155                    -0.715744100004                    -0.026095063892
 156                     0.265105393967                    -0.023277245741
 157                    -0.818167539028                    -0.017057516137
 158                     0.162682201716                    -0.014236901711
 159                     0.060259009466                    -0.005196557681
 160                     0.948583672941                    -0.003268868280
 161                    -0.042164182785                     0.003843786350
 162                    -0.144587375035                     0.012884130380
 163                     0.846189634397                     0.019882451180
 164                    -0.948355615734                     0.021054599899
 165                    -0.247010567286                     0.021924474410
 166                     0.733838926684                     0.024742292548
 167                    -0.349433759536                     0.030964818441
 168                     0.631415734433                     0.033782636578
 169                    -0.451856951787                     0.040005162471
 170                     0.528992542183                     0.042822980609
 171                    -0.554280144037                     0.049045506501
 172                     0.426569349932                     0.051863324639
 173                    -0.656703336287                     0.058085850531
 174                     0.324146157681                     0.060903668669
 175                    -0.759126528539                     0.067126194549
 176                     0.221722965431                     0.069944012700
 177                    -0.861549967563                     0.076163742305
 178                     0.119299773180                     0.078984356730
 179                     0.016876580930                     0.088024700760
 180                    -0.085546611321                     0.097065044791
 181                     0.943364900111                     0.099419994511
 182                    -0.187969803571                     0.106105388821
 183                     0.792879690399                     0.108923206958
 184                    -0.290392995822                     0.115145732851
 185                     0.690456498148                     0.117963550989
 186                    -0.392816188072                     0.124186076881
 187                     0.588033305897                     0.127003895019
 188                    -0.495239380323                     0.133226420912
 189                     0.485610113646                     0.136044239049
 190                    -0.597662572574                     0.142266764942
 191                     0.383186921396                     0.145084583080
 192                    -0.937341256274                     0.145646968241
 193                    -0.700085764824                     0.151307108972
 194                     0.280763729145                     0.154124927110
 195                    -0.802508957076                     0.160347452989
 196                     0.178340536895                     0.163165271141
 197                     0.075917344644                     0.172205615171
 198                     0.872528729822                     0.173948345557
 199                    -0.026505847606                     0.181245959201
 200                    -0.128929039857                     0.190286303231
 201                    -0.231352232107                     0.199326647262
 202                     0.749497261862                     0.202144465399
 203                    -0.333775424358                     0.208366991292
 204                     0.647074069612                     0.211184809430
 205                    -0.436198616609                     0.217407335322
 206                     0.544650877361                     0.220225153460
 207                    -0.538621808859                     0.226447679353
 208                     0.442227685110                     0.229265497490
 209                    -0.878301902645                     0.229828871606
 210                    -0.641045001110                     0.235488023383
 211                     0.339804492860                     0.238305841521
 212                    -0.744729941107                     0.245422114599
 213                     0.237381300609                     0.247346185551
 214                     0.134958108359                     0.256386529581
 215                     0.032534916108                     0.265426873612
 216                     0.909369187963                     0.269943234874
 217                    -0.069888276142                     0.274467217642
 218                    -0.172311468393                     0.283507561672
 219                     0.807930397007                     0.286748288292
 220                    -0.274734660643                     0.292547905703
 221                     0.705507204758                     0.295788632322
 222                    -0.377157852894                     0.301588249733
 223                     0.603084012507                     0.304828976353
 224                    -0.479581045144                     0.310628593763
 225                     0.500660820257                     0.313869320383
 226                    -0.582004237395                     0.319668937794
 227                     0.398237628006                     0.322909664413
 228                    -0.684427429644                     0.328709281824
 229                     0.295814435755                     0.331950008443
 230                    -0.888541074305                     0.332139171647
 231                     0.193391243505                     0.340990352474
 232                    -0.786275953189                     0.342820142284
 233                     0.090968051254                     0.350030696504
 234                    -0.011455140996                     0.359071040534
 235                     0.871705274450                     0.368059951051
 236                    -0.113878333247                     0.368111384565
 237                    -0.216301525498                     0.377151728595
 238                     0.769868298492                     0.382265379892
 239                    -0.318724717748                     0.386192072626
 240                     0.662124776221                     0.389009890763
 241                    -0.421147909999                     0.395232416656
 242                     0.559701583971                     0.398050234794
 243                    -0.523571102249                     0.404272760687
 244                     0.457278391720                     0.407090578824
 245                    -0.626035162018                     0.413341782188
 246                     0.354855199470                     0.416130922854
 247                     0.252432007219                     0.425171266884
 248                    -0.847372244415                     0.426358944394
 249                     0.150008814969                     0.434211610915
 250                    -0.745107123297                     0.437039915031
 251                     0.047585622718                     0.443251954945
 252                    -0.054837569533                     0.452292298975
 253                    -0.157260761783                     0.461332643006
 254                     0.824227907409                     0.469542358812
 255                    -0.259683954034                     0.470372987036
 256                     0.721464022040                     0.472980671613
 257                    -0.362107146284                     0.479413331067
 258                     0.618967547593                     0.482442250768
 259                    -0.464530338535                     0.488453675097
 260                     0.516319155435                     0.491271493235
 261                    -0.566953530786                     0.497494019128
 262                     0.413895963184                     0.500311837265
 263                    -0.669372271886                     0.506584651802
 264                     0.311472770934                     0.509352181295
 265                     0.209049578683                     0.518392525325
 266                     0.106626386433                     0.527432869356
 267                    -0.785695595256                     0.531511149144
 268                     0.004203194182                     0.536473213386
 269                    -0.098219998069                     0.545513557416
 270                    -0.200643190319                     0.554553901447
 271                    -0.303066382570                     0.563594245477
 272                     0.759293793675                     0.568590014823
 273                    -0.405489574820                     0.572634589508
 274                     0.575176387969                     0.575580830258
 275                    -0.507912767071                     0.581674933538
 276                     0.473235214922                     0.589006006932
 277                    -0.610331508171                     0.590765566213
 278                     0.370513534648                     0.593533095706
 279                     0.268090342398                     0.602573439736
 280                    -0.712352082797                     0.603573395231
 281                     0.165667150147                     0.611613783766
 282                     0.668967680134                     0.617716701497
 283                     0.063243957897                     0.620654127797
 284                    -0.039179234354                     0.629694471827
 285                    -0.141602426605                     0.638734815857
 286                    -0.244025618855                     0.647775159888
 287                    -0.346448811106                     0.656815503918
 288                    -0.448872003356                     0.665855847949
 289                     0.531657817974                     0.673617103034
 290                    -0.551290744457                     0.674946480623
 291                     0.327131106112                     0.686754354146
 292                    -0.653311319082                     0.687754309641
 293                     0.429963692512                     0.689082853822
 294                     0.224707913861                     0.695794698177
 295                     0.122284721611                     0.704835042207
 296                     0.627180941020                     0.711664062105
 297                     0.019903956064                     0.714343826412
 298                    -0.082561662890                     0.722915730268
 299                    -0.184984855141                     0.731956074298
 300                    -0.389831239642                     0.750036762359
 301                    -0.287052822584                     0.760484370999
 302                     0.546469746405                     0.775366033776
 303                    -0.543472001288                     0.777470162698
 304                     0.369135516574                     0.780604594598
 305                     0.266712324323                     0.789644938628
 306                     0.079342609928                     0.798259948818
 307                    -0.100029874579                     0.824242428188
 308                     0.459337937037                     0.829958028860
 309                    -0.456130062822                     0.831725336791
 310                    -0.202453066829                     0.833282772218
 311                     0.174963536418                     0.836060432258
 312                    -0.354383668267                     0.846554676834
 313                    -0.003379655394                     0.859327656740
 314                     0.350049108083                     0.881638980536
 315                    -0.272415959318                     0.908631506817
 316                     0.252568777816                     0.914347134595
 317                    -0.164855626800                     0.929660046431
 318                     0.152120951486                     0.936312387075
 319                    -0.062661358608                     0.943756429586
 320                     0.049885816650                     0.947276662527
