   1                    -0.025615595118                    -0.952527743834
   2                     0.068616125680                    -0.950398384249
   3                    -0.183442125985                    -0.935047724932
   4                     0.245868661518                    -0.920605161168
   5                    -0.274924100554                    -0.912349713882
   6                     0.152531745672                    -0.907476127806
   7                    -0.098936913962                    -0.893298227715
   8                     0.335618349538                    -0.891810285285
   9                    -0.369885901772                    -0.878137658002
  10                     0.042669014617                    -0.859784374271
  11                    -0.203904532275                    -0.843039892084
  12                    -0.454856517193                    -0.837297116543
  13                     0.454998314639                    -0.837222667612
  14                     0.210570280014                    -0.833208504253
  15                    -0.295386506845                    -0.820341881033
  16                    -0.041933774275                    -0.818232966492
  17                     0.120250258536                    -0.806255858798
  18                     0.367176918380                    -0.802994700451
  19                     0.535486971139                    -0.788174451012
  20                    -0.129974182714                    -0.784572338770
  21                    -0.378495893840                    -0.775878624628
  22                    -0.554510633072                    -0.774908523180
  23                     0.279355522122                    -0.768766733290
  24                     0.035647469644                    -0.764704451019
  25                    -0.218177403249                    -0.749871031776
  26                     0.441400965808                    -0.743952825318
  27                    -0.466317290098                    -0.741650657467
  28                     0.189154690349                    -0.741417851700
  29                     0.611834640119                    -0.730385235365
  30                    -0.056803019780                    -0.725157422363
  31                    -0.305998799507                    -0.715643064615
  32                     0.353579569549                    -0.709724858157
  33                     0.104383789821                    -0.700210500409
  34                    -0.609443750673                    -0.698315416653
  35                     0.521889622307                    -0.694904608718
  36                    -0.144624416038                    -0.690929455202
  37                    -0.393820195765                    -0.681415097453
  38                     0.265758173291                    -0.675496890996
  39                     0.016562393563                    -0.665982533248
  40                     0.687964003345                    -0.659295678423
  41                    -0.232445812296                    -0.656701488040
  42                    -0.692764548549                    -0.654249602033
  43                     0.427132556760                    -0.650783281582
  44                    -0.481950294307                    -0.647968877821
  45                     0.177936777032                    -0.641268923834
  46                     0.596354242944                    -0.637119042612
  47                    -0.071259002695                    -0.631754566086
  48                    -0.320267208555                    -0.622473520879
  49                     0.339311160501                    -0.616555314421
  50                    -0.569462988282                    -0.612959163131
  51                     0.090115380774                    -0.607040956673
  52                     0.507621213259                    -0.601735064982
  53                    -0.159080398953                    -0.597526598925
  54                    -0.408088604813                    -0.588245553717
  55                     0.251489764243                    -0.582327347260
  56                     0.754750023304                    -0.581650809171
  57                    -0.760954147342                    -0.573510285113
  58                     0.002293984516                    -0.572812989511
  59                     0.661364653128                    -0.568870980775
  60                    -0.667229454283                    -0.563518624206
  61                    -0.246901795212                    -0.563298631763
  62                     0.412864147712                    -0.557613737846
  63                    -0.495910001071                    -0.554017586556
  64                     0.163668367985                    -0.548099380098
  65                    -0.085527411743                    -0.538585022350
  66                     0.573621252707                    -0.534443563514
  67                    -0.334723191470                    -0.529070664602
  68                     0.325042751454                    -0.523385770685
  69                    -0.583731397329                    -0.519789619394
  70                     0.075846971727                    -0.513871412937
  71                    -0.173348808001                    -0.504357055188
  72                     0.486417134923                    -0.498672161272
  73                    -0.813892105023                    -0.495524876135
  74                    -0.422544587728                    -0.494842697440
  75                     0.237221355196                    -0.489157803523
  76                     0.740533194046                    -0.488473380882
  77                    -0.716806167463                    -0.482736948082
  78                    -0.011974424532                    -0.479643445775
  79                     0.647174239917                    -0.475501986939
  80                    -0.261170204259                    -0.470129088027
  81                     0.831784545311                    -0.464865283354
  82                     0.398595738665                    -0.464444194110
  83                    -0.510365983987                    -0.460614730279
  84                     0.149399958938                    -0.454929836362
  85                    -0.099795820790                    -0.445415478614
  86                     0.559970122134                    -0.439730584697
  87                    -0.348991600517                    -0.435901120866
  88                     0.310774342407                    -0.430216226948
  89                    -0.598295647898                    -0.426665863123
  90                     0.061578562679                    -0.420701869200
  91                    -0.187617217048                    -0.411187511452
  92                    -0.779091115572                    -0.407928971493
  93                     0.472148725876                    -0.405502617535
  94                    -0.436812996776                    -0.401673153704
  95                     0.763720910963                    -0.397114302729
  96                     0.222952946149                    -0.395988259787
  97                    -0.686117044156                    -0.392437895961
  98                    -0.870908936685                    -0.386630166295
  99                    -0.026242833579                    -0.386473902039
 100                     0.634295747632                    -0.381496529225
 101                     0.873642231376                    -0.380413607858
 102                    -0.275438613307                    -0.376959544291
 103                     0.384327329618                    -0.371274650374
 104                    -0.524634393034                    -0.367445186543
 105                     0.135131549890                    -0.361760292625
 106                    -0.114064229837                    -0.352245934877
 107                     0.545701713087                    -0.346561040961
 108                    -0.363260009565                    -0.342731577129
 109                     0.296505933360                    -0.337046683212
 110                    -0.612564056946                    -0.333496319386
 111                     0.047310153632                    -0.327532325464
 112                     0.707260163024                    -0.321640232222
 113                    -0.201885626096                    -0.318017967716
 114                    -0.793359524620                    -0.314759427757
 115                     0.807248132696                    -0.313510879683
 116                     0.457880316829                    -0.312333073799
 117                    -0.451081405823                    -0.308503609968
 118                     0.208684537101                    -0.302818716051
 119                    -0.700385453204                    -0.299268352225
 120                    -0.904845857690                    -0.298695891013
 121                    -0.040511242627                    -0.293304358302
 122                     0.906951606000                    -0.292239706169
 123                     0.619324560950                    -0.287706749279
 124                    -0.289707022354                    -0.283790000554
 125                     0.370058920571                    -0.278105106638
 126                    -0.538902802082                    -0.274275642806
 127                     0.120863140843                    -0.268590748889
 128                    -0.128332638885                    -0.259076391141
 129                     0.531433304040                    -0.253391497225
 130                    -0.377528418612                    -0.249562033393
 131                     0.282237524312                    -0.243877139476
 132                    -0.626832465993                    -0.240326775651
 133                     0.033041744585                    -0.234362781728
 134                    -0.838324033488                    -0.231920159780
 135                     0.697953135464                    -0.227845079817
 136                     0.840557507319                    -0.225336977995
 137                    -0.216154035143                    -0.224848423979
 138                     0.443611907782                    -0.219163530063
 139                    -0.465349814871                    -0.215334066232
 140                     0.194416128054                    -0.209649172314
 141                    -0.743673536935                    -0.208473764512
 142                    -0.929929149693                    -0.207838971413
 143                    -0.054779651674                    -0.200134814566
 144                     0.931778222712                    -0.199332966885
 145                     0.605056151903                    -0.194537205543
 146                    -0.303975431401                    -0.190620456818
 147                     0.355790511523                    -0.184935562901
 148                    -0.553171211129                    -0.181106099070
 149                     0.106594731796                    -0.175421205153
 150                    -0.142601047932                    -0.165906847405
 151                     0.768171505209                    -0.164967962141
 152                     0.517275416253                    -0.160205094836
 153                    -0.391796827660                    -0.156392489657
 154                     0.267969115265                    -0.150707595740
 155                    -0.641100875041                    -0.147157231914
 156                     0.018773335537                    -0.141193237991
 157                    -0.820428076459                    -0.139378892776
 158                     0.678609139113                    -0.135595628967
 159                     0.856645607595                    -0.132464353361
 160                    -0.230422444190                    -0.131678880243
 161                     0.429454019995                    -0.125977127674
 162                    -0.479618223918                    -0.122164522495
 163                     0.180147719007                    -0.116479628578
 164                    -0.945913380657                    -0.114948413566
 165                    -0.729516427333                    -0.114494692368
 166                    -0.069048060721                    -0.106965270830
 167                     0.946999679626                    -0.105626077630
 168                     0.590828403464                    -0.101263518261
 169                    -0.318243840449                    -0.097450913082
 170                     0.341632623737                    -0.091749160512
 171                    -0.567711791946                    -0.087977832563
 172                     0.092326322748                    -0.082251661417
 173                    -0.156869456979                    -0.072737303668
 174                     0.773934070566                    -0.070876496039
 175                     0.503007007206                    -0.067035551099
 176                    -0.406065236707                    -0.063222945920
 177                    -0.869933279594                    -0.059170500202
 178                     0.253811227478                    -0.057521193351
 179                    -0.657022062188                    -0.054255847767
 180                     0.004504926490                    -0.048023694255
 181                     0.665287681763                    -0.042285982356
 182                    -0.244690853238                    -0.038509336507
 183                     0.862448048260                    -0.038387347355
 184                    -0.779021630468                    -0.034286299794
 185                     0.415185610948                    -0.032807583938
 186                    -0.493886632965                    -0.028994978759
 187                     0.165989831220                    -0.023293226189
 188                    -0.952766379537                    -0.014194629663
 189                    -0.083316469768                    -0.013795727094
 190                     0.952802120291                    -0.011549071624
 191                     0.577506946113                    -0.007953871649
 192                    -0.332512249496                    -0.004281369345
 193                     0.327364214689                     0.001420383224
 194                    -0.581708029224                     0.005232988402
 195                     0.078168434962                     0.010934740973
 196                     0.738840668974                     0.016655594219
 197                    -0.171137866027                     0.020432240068
 198                     0.489685549855                     0.026274095513
 199                    -0.420333645754                     0.029946597816
 200                    -0.852829732331                     0.033520492067
 201                     0.239542818431                     0.035648350386
 202                    -0.669649910449                     0.039150194999
 203                    -0.009652961296                     0.045162708134
 204                     0.827341439858                     0.049086519733
 205                     0.651059933325                     0.050987704926
 206                    -0.258959262285                     0.054660207229
 207                    -0.761918083205                     0.058404692475
 208                     0.401864153597                     0.060502062674
 209                    -0.508155042013                     0.064174564977
 210                     0.151721422173                     0.069876317547
 211                    -0.097474357555                     0.079390675296
 212                    -0.949507501131                     0.080004792247
 213                     0.949281695173                     0.082640938376
 214                     0.563238537066                     0.085215672087
 215                    -0.346780658543                     0.088888174391
 216                     0.314042757339                     0.094730029836
 217                    -0.595976438271                     0.098402532139
 218                     0.063900025915                     0.104104284709
 219                     0.733242966834                     0.110802622463
 220                    -0.185295753812                     0.113618642457
 221                     0.475417140808                     0.119443639249
 222                    -0.434602054802                     0.123116141552
 223                    -0.867582644181                     0.126614546489
 224                     0.226221361080                     0.128957996998
 225                    -0.683918319497                     0.132319738735
 226                     0.869767726246                     0.133253981380
 227                    -0.023921370344                     0.138332251870
 228                     0.636791524277                     0.144157248662
 229                    -0.273117150071                     0.147846609619
 230                    -0.776670995055                     0.151498746897
 231                     0.387595744550                     0.153671606411
 232                    -0.522423451060                     0.157344108714
 233                     0.138399964822                     0.163185964159
 234                    -0.111742766602                     0.172560219032
 235                     0.548970128019                     0.178385215824
 236                    -0.360938546329                     0.182074576780
 237                     0.299774348292                     0.187899573572
 238                    -0.610558325187                     0.191524979617
 239                    -0.932769855015                     0.194693757123
 240                     0.050578568564                     0.197413931321
 241                     0.804583808171                     0.201336344743
 242                     0.710344511488                     0.203098825237
 243                     0.930481751418                     0.205350850411
 244                    -0.199564162860                     0.206788186193
 245                     0.461148731761                     0.212613182985
 246                    -0.448759942587                     0.216302543942
 247                    -0.841858205888                     0.219577957531
 248                    -0.713792563967                     0.221715940523
 249                     0.211952952033                     0.222127540734
 250                    -0.037242827694                     0.231641898482
 251                     0.622523115230                     0.237326792398
 252                    -0.287385559118                     0.241016153355
 253                     0.373327335502                     0.246841150147
 254                    -0.536581338845                     0.250530511103
 255                     0.124131555775                     0.256355507895
 256                    -0.125064223952                     0.265869865644
 257                     0.534701718972                     0.271554759560
 258                    -0.375206955376                     0.275244120517
 259                     0.285505939244                     0.281069117309
 260                    -0.624402735104                     0.284758478263
 261                    -0.908971366384                     0.285895639317
 262                     0.036310159517                     0.290583475057
 263                     0.811390370558                     0.295346036187
 264                     0.905641573528                     0.296274537859
 265                     0.716431097487                     0.298881323414
 266                    -0.212885620211                     0.300097832805
 267                     0.446880322713                     0.305782726722
 268                    -0.809264366349                     0.308018858707
 269                    -0.463028351635                     0.309472087678
 270                     0.197684542986                     0.315297084470
 271                    -0.713340650198                     0.315970633512
 272                    -0.051511236741                     0.324811442218
 273                     0.608254706183                     0.330496336135
 274                    -0.300707016468                     0.334325799967
 275                     0.359058926455                     0.340010693883
 276                    -0.550849747893                     0.343700054839
 277                     0.109863146728                     0.349525051632
 278                    -0.139332633000                     0.359039409380
 279                     0.520433309924                     0.364724303296
 280                    -0.388528412727                     0.368553767129
 281                     0.271237530197                     0.374238661045
 282                    -0.876278881961                     0.374300123586
 283                    -0.642274538652                     0.379676920526
 284                     0.777688777839                     0.383370771488
 285                     0.022041750469                     0.383753018793
 286                     0.871939980810                     0.384299273161
 287                     0.683512650626                     0.387244844264
 288                    -0.767997771697                     0.392760935284
 289                    -0.227154029258                     0.393267376542
 290                     0.432611913666                     0.398952270458
 291                    -0.476349808985                     0.402781734290
 292                     0.183416133939                     0.408466628206
 293                    -0.065779645789                     0.417980985955
 294                     0.596738028737                     0.424045881924
 295                    -0.314975425516                     0.427495343703
 296                     0.344790517408                     0.433180237620
 297                    -0.564171205243                     0.437009701451
 298                     0.095594737680                     0.442694595368
 299                    -0.153601042047                     0.452208953117
 300                     0.506164900877                     0.457893847033
 301                    -0.835012287308                     0.459042200163
 302                    -0.402796821774                     0.461723310865
 303                     0.733955759672                     0.466866726473
 304                     0.256969121150                     0.467408204781
 305                     0.828797638664                     0.470112353026
 306                    -0.650230622535                     0.475453531542
 307                     0.007773341422                     0.476922562530
 308                    -0.744103770322                     0.483937840666
 309                    -0.241422438305                     0.486436920279
 310                     0.418343504619                     0.492121814194
 311                    -0.490618218032                     0.495951278027
 312                     0.169147724891                     0.501636171943
 313                    -0.080048054836                     0.511150529692
 314                     0.579775969850                     0.516762870308
 315                    -0.329243834563                     0.520664887440
 316                     0.330522108361                     0.526349781356
 317                    -0.576677635324                     0.534395108117
 318                     0.081326328633                     0.535864139105
 319                     0.675789968920                     0.541034726061
 320                    -0.167869451094                     0.545378496853
 321                     0.777961421043                     0.550219309781
 322                     0.492919018429                     0.553479449103
 323                    -0.418313590191                     0.556483225506
 324                     0.242700712102                     0.560577748517
 325                    -0.664294412582                     0.569143514121
 326                    -0.006495067625                     0.570092106266
 327                    -0.758211060772                     0.577131916298
 328                    -0.255690847352                     0.579606464015
 329                     0.404075095571                     0.585291357930
 330                     0.154879315844                     0.594805715679
 331                    -0.508515885961                     0.599496009036
 332                    -0.094316463883                     0.604320073428
 333                     0.608126900664                     0.606653782523
 334                    -0.343512243611                     0.613834431177
 335                     0.316253699313                     0.619519325092
 336                     0.719795630290                     0.624387309370
 337                     0.067057919586                     0.629033682841
 338                    -0.596132663218                     0.634244415041
 339                    -0.182137860141                     0.638548040590
 340                     0.475836466712                     0.646401561569
 341                    -0.429910933535                     0.651509592174
 342                     0.228684121907                     0.654386528483
 343                    -0.686592571905                     0.660723771096
 344                    -0.020763476672                     0.663261650003
 345                    -0.269959256400                     0.672776007752
 346                     0.388015070454                     0.680629528730
 347                     0.560438125055                     0.687955271179
 348                     0.140610906797                     0.687975259416
 349                     0.654586868170                     0.692445877673
 350                    -0.524812768040                     0.695869279572
 351                    -0.108584872930                     0.697489617164
 352                    -0.356357946324                     0.710451168749
 353                     0.052789510539                     0.722203226577
 354                     0.305603307799                     0.726372864342
 355                    -0.614729354872                     0.726698629821
 356                    -0.192611254118                     0.740194636088
 357                     0.460597477923                     0.740762261104
 358                    -0.444179342582                     0.744679135910
 359                     0.213734151050                     0.747449140461
 360                    -0.040053395295                     0.762201192248
 361                    -0.282396287792                     0.768879111070
 362                     0.545800949672                     0.781067592993
 363                     0.125912754792                     0.781677107623
 364                     0.378209131687                     0.786547758603
 365                    -0.533152618441                     0.789755371578
 366                    -0.124079776482                     0.804906211172
 367                     0.037845240818                     0.815266754231
 368                     0.289826342570                     0.819298849647
 369                    -0.359555015892                     0.823014885330
 370                    -0.213864810156                     0.833590686154
 371                     0.459054708765                     0.835005410670
 372                    -0.452519192983                     0.838565227915
 373                     0.198343322513                     0.841992646553
 374                    -0.046181140369                     0.857971773154
 375                     0.110275808539                     0.875582293161
 376                     0.364779620089                     0.880262105036
 377                    -0.307799241001                     0.901789825140
 378                    -0.124581718677                     0.910292903663
 379                     0.274882072849                     0.912362377300
 380                    -0.217199710007                     0.927787447350
 381                     0.183399052792                     0.935056174206
 382                     0.054183184004                     0.951330354849
 383                    -0.040070001348                     0.952029230895
