   1                     0.047348456600                    -0.950094707161
   2                    -0.050103855277                    -0.949953384437
   3                     0.144303855923                    -0.940264976527
   4                    -0.181584768470                    -0.933781987820
   5                     0.269839740243                    -0.912199727857
   6                    -0.276166827628                    -0.910304186652
   7                     0.361750616857                    -0.879805842287
   8                    -0.374246851997                    -0.874557973806
   9                    -0.107118097122                    -0.870919535429
  10                     0.068978669154                    -0.855073093997
  11                     0.191098204312                    -0.854782451873
  12                    -0.202423047777                    -0.838583567782
  13                     0.449864993316                    -0.838178570894
  14                    -0.464001872310                    -0.830436085084
  15                    -0.022745078892                    -0.822153083262
  16                    -0.297005106935                    -0.815105766613
  17                     0.265564955765                    -0.791920094375
  18                     0.362546986082                    -0.782356681909
  19                     0.543182000049                    -0.780945032471
  20                     0.129857673735                    -0.778976314411
  21                    -0.127956376430                    -0.775721115391
  22                    -0.385043306814                    -0.773317629249
  23                     0.038133925690                    -0.746056303676
  24                    -0.219630192818                    -0.742662312464
  25                     0.454368824341                    -0.740830286018
  26                    -0.501969330116                    -0.740683953020
  27                    -0.599401028029                    -0.738674648621
  28                     0.626122724064                    -0.716150743636
  29                     0.204324599044                    -0.716113816463
  30                    -0.053489705081                    -0.712858663000
  31                    -0.311304009207                    -0.709603509536
  32                     0.374085235300                    -0.685589735759
  33                     0.533515801689                    -0.683973192890
  34                     0.112650782655                    -0.683055013535
  35                    -0.145163521471                    -0.679799860073
  36                    -0.403104353095                    -0.676879056061
  37                    -0.671829274966                    -0.673474018962
  38                     0.279018912041                    -0.653520056156
  39                     0.020976966266                    -0.649996210609
  40                     0.696093774511                    -0.648237925565
  41                    -0.236837337859                    -0.646741057146
  42                    -0.494733168636                    -0.643500564371
  43                     0.453232212648                    -0.628732642631
  44                     0.187117454004                    -0.620192561145
  45                    -0.589971367449                    -0.618185384948
  46                    -0.070696850122                    -0.616937407681
  47                     0.602613955833                    -0.615253340182
  48                    -0.328592680899                    -0.613696914907
  49                     0.353257941741                    -0.590388911680
  50                     0.095443637614                    -0.587133758217
  51                    -0.162370666511                    -0.583878604754
  52                    -0.420266497288                    -0.580638111980
  53                    -0.678993711378                    -0.576285316362
  54                     0.522330366792                    -0.560012789923
  55                     0.261584125351                    -0.557330108753
  56                     0.003769821226                    -0.554074955290
  57                    -0.773725160395                    -0.553417749164
  58                     0.677080627181                    -0.552390887791
  59                     0.774532985722                    -0.552286594936
  60                    -0.254126009551                    -0.550834462516
  61                    -0.511940313677                    -0.547579309053
  62                     0.429517655380                    -0.529592454586
  63                     0.169910308963                    -0.524271305826
  64                    -0.087903995163                    -0.521016152363
  65                    -0.345799825940                    -0.517775659589
  66                    -0.603614130066                    -0.514520506126
  67                     0.596797038140                    -0.497150337532
  68                     0.336050796700                    -0.494467656362
  69                     0.078236492574                    -0.491212502899
  70                    -0.179659338203                    -0.487972010125
  71                    -0.437473642329                    -0.484716856662
  72                    -0.706555541771                    -0.482811691377
  73                    -0.826285090653                    -0.471354195783
  74                     0.502191284437                    -0.464664006899
  75                     0.244376980311                    -0.461408853435
  76                    -0.013437323815                    -0.458153699972
  77                     0.791613634993                    -0.456342733836
  78                    -0.271333154592                    -0.454913207198
  79                    -0.529147458718                    -0.451658053735
  80                     0.682975003889                    -0.450482076557
  81                     0.410517468048                    -0.431605203972
  82                     0.152703163922                    -0.428350050508
  83                    -0.105192666855                    -0.425109557734
  84                    -0.363006970981                    -0.421854404271
  85                    -0.620821275107                    -0.418599250808
  86                     0.576657955785                    -0.401801554508
  87                     0.318843651659                    -0.398546401044
  88                     0.061029347533                    -0.395291247581
  89                     0.866080306341                    -0.393480281445
  90                    -0.196866483244                    -0.392050754807
  91                    -0.454680787370                    -0.388795601344
  92                    -0.712495091496                    -0.385540447881
  93                    -0.809415654386                    -0.375372972711
  94                     0.742798443522                    -0.371997905044
  95                     0.484984139396                    -0.368742751581
  96                     0.227169835270                    -0.365487598117
  97                    -0.030725995508                    -0.362247105343
  98                    -0.288540299633                    -0.358991951880
  99                    -0.546354603759                    -0.355736798417
 100                     0.651124627133                    -0.338939102117
 101                     0.393310323007                    -0.335683948653
 102                     0.135496018881                    -0.332428795190
 103                    -0.122399811896                    -0.329188302416
 104                    -0.893579772850                    -0.326246867375
 105                    -0.380214116022                    -0.325933148953
 106                    -0.638028420148                    -0.322677995490
 107                     0.817265114870                    -0.309135452653
 108                     0.559450810744                    -0.305880299190
 109                     0.301636506618                    -0.302625145726
 110                     0.043740675841                    -0.299384652952
 111                    -0.214073628285                    -0.296129499489
 112                    -0.471887932411                    -0.292874346026
 113                    -0.729702236537                    -0.289619192563
 114                     0.909681156790                    -0.278212188624
 115                     0.725591298482                    -0.276076649726
 116                     0.467776994355                    -0.272821496262
 117                     0.209962690229                    -0.269566342799
 118                    -0.047933140548                    -0.266325850025
 119                    -0.305747444674                    -0.263070696562
 120                    -0.563561748800                    -0.259815543099
 121                    -0.822432362322                    -0.259650928779
 122                     0.633917482093                    -0.243017846799
 123                     0.376103177966                    -0.239762693335
 124                     0.118207347188                    -0.236522200561
 125                    -0.139606956937                    -0.233267047098
 126                    -0.922269004969                    -0.233113087130
 127                    -0.397421261063                    -0.230011893635
 128                    -0.655235565189                    -0.226756740172
 129                     0.800057969830                    -0.213214197335
 130                     0.542243665704                    -0.209959043871
 131                     0.284429361577                    -0.206703890408
 132                     0.026533530800                    -0.203463397634
 133                    -0.231280773326                    -0.200208244171
 134                    -0.489095077452                    -0.196953090708
 135                    -0.748681085794                    -0.194032082353
 136                     0.892474011749                    -0.182290933306
 137                     0.708384153441                    -0.180155394407
 138                     0.450569849314                    -0.176900240944
 139                     0.192674018537                    -0.173659748170
 140                    -0.065140285589                    -0.170404594707
 141                    -0.322954589715                    -0.167149441244
 142                    -0.851121594441                    -0.166517148535
 143                    -0.580768893841                    -0.163894287781
 144                     0.616710337052                    -0.147096591481
 145                     0.358896032925                    -0.143841438017
 146                     0.101000202148                    -0.140600945243
 147                    -0.156814101978                    -0.137345791779
 148                    -0.414628406104                    -0.134090638316
 149                    -0.942094153156                    -0.131555137719
 150                    -0.672442710230                    -0.130835484853
 151                     0.788292106873                    -0.116474662856
 152                     0.525036520663                    -0.114037788553
 153                     0.267140689884                    -0.110797295779
 154                     0.009326385759                    -0.107542142315
 155                    -0.248487918367                    -0.104286988852
 156                    -0.506302222493                    -0.101031835389
 157                     0.945918125085                    -0.100800444216
 158                    -0.764116526619                    -0.097776681926
 159                     0.691177008400                    -0.084234139089
 160                     0.433362704273                    -0.080978985626
 161                     0.175466873496                    -0.077738492851
 162                    -0.082347430630                    -0.074483339388
 163                    -0.340161734756                    -0.071228185925
 164                    -0.857303594808                    -0.069261012822
 165                    -0.597976038882                    -0.067973032462
 166                     0.861486581239                    -0.052135390366
 167                     0.599503192011                    -0.051175336163
 168                     0.341607361233                    -0.047934843388
 169                     0.083793057107                    -0.044679689924
 170                    -0.174021247019                    -0.041424536461
 171                    -0.431835551145                    -0.038169382998
 172                    -0.689649855270                    -0.034914229535
 173                    -0.950641746727                    -0.034461399242
 174                     0.765867217168                    -0.021637447672
 175                     0.507829375621                    -0.018116533235
 176                     0.249933544844                    -0.014876040460
 177                    -0.007880759282                    -0.011620886997
 178                    -0.265695063408                    -0.008365733534
 179                    -0.523509367534                    -0.005110580071
 180                     0.951267372625                    -0.003494953002
 181                    -0.781322600489                    -0.001852456347
 182                     0.673969863359                     0.011687116229
 183                     0.416074032580                     0.014927609003
 184                     0.158259728455                     0.018182762467
 185                    -0.099554575671                     0.021437915930
 186                    -0.357368879797                     0.024693069393
 187                    -0.874510568114                     0.026660273303
 188                    -0.615183183922                     0.027948222856
 189                     0.841001941324                     0.043139751144
 190                     0.582296046970                     0.044745919156
 191                     0.324400216192                     0.047986411931
 192                     0.066585912066                     0.051241565394
 193                    -0.191228392060                     0.054496718857
 194                    -0.449042696186                     0.057751872320
 195                    -0.707189452576                     0.061402973797
 196                     0.748660072127                     0.074283807647
 197                     0.490540703928                     0.077790061394
 198                     0.232726399803                     0.081045214858
 199                    -0.025087904323                     0.084300368321
 200                    -0.282902208449                     0.087555521784
 201                     0.926089346149                     0.090648767155
 202                    -0.540716512575                     0.090810675247
 203                    -0.946814715607                     0.091998495789
 204                     0.657086359526                     0.107666649437
 205                     0.398866887540                     0.110848864322
 206                     0.141052583414                     0.114104017785
 207                    -0.116761720712                     0.117359171248
 208                    -0.374576024838                     0.120614324711
 209                    -0.854614708241                     0.123560049996
 210                    -0.632390328963                     0.123869478174
 211                     0.565007375276                     0.140652513785
 212                     0.843174533852                     0.142606798440
 213                    -0.759279928186                     0.143765315999
 214                     0.307193071151                     0.143907667249
 215                     0.049378767025                     0.147162820712
 216                    -0.208435537101                     0.150417974175
 217                    -0.466249841227                     0.153673127638
 218                     0.750173800032                     0.171724464921
 219                     0.473333558888                     0.173711316713
 220                     0.215519254762                     0.176966470176
 221                    -0.042295049364                     0.180221623639
 222                    -0.300109353490                     0.183476777102
 223                    -0.557923657615                     0.186731930565
 224                     0.932534175565                     0.187887839735
 225                    -0.932434066582                     0.188384023727
 226                     0.639474046624                     0.203514966176
 227                     0.381659742499                     0.206770119640
 228                     0.123845438373                     0.210025273103
 229                    -0.133968865753                     0.213280426566
 230                    -0.391783169878                     0.216535580029
 231                    -0.649597474004                     0.219790733492
 232                    -0.840234122529                     0.219945762889
 233                     0.547800230236                     0.236573769104
 234                     0.821623247272                     0.237996250406
 235                     0.289985926110                     0.239828922567
 236                    -0.744899304066                     0.240150847666
 237                     0.032171621984                     0.243084076030
 238                    -0.225642682142                     0.246339229493
 239                    -0.483456986267                     0.249594382956
 240                     0.716524016351                     0.263183008101
 241                     0.456126413847                     0.269632572031
 242                     0.198312109721                     0.272887725494
 243                    -0.059502194405                     0.276142878957
 244                    -0.317316498531                     0.279398032420
 245                     0.908418057161                     0.282309160925
 246                    -0.575130802656                     0.282653185884
 247                    -0.905144856906                     0.292633929910
 248                     0.622395321422                     0.299631168348
 249                     0.364452597458                     0.302691374958
 250                     0.106638293332                     0.305946528421
 251                    -0.151176010794                     0.309201681885
 252                    -0.408990314919                     0.312456835347
 253                    -0.677057437877                     0.313483252442
 254                    -0.792547891817                     0.325160171552
 255                     0.787973463592                     0.329454793586
 256                     0.530593085195                     0.332495024422
 257                     0.272778781069                     0.335750177885
 258                     0.014964476943                     0.339005331349
 259                    -0.242849827183                     0.342260484812
 260                    -0.500664131308                     0.345515638275
 261                     0.438919268806                     0.365553827350
 262                     0.698209611421                     0.367394534041
 263                     0.181104964680                     0.368808980813
 264                    -0.076709339446                     0.372064134276
 265                     0.874768273479                     0.373767704104
 266                    -0.334523643571                     0.375319287739
 267                    -0.592337947697                     0.378574441202
 268                    -0.870455925528                     0.383703414932
 269                     0.604908811323                     0.395535851767
 270                     0.347245452417                     0.398612630277
 271                     0.089431148291                     0.401867783740
 272                    -0.168383155834                     0.405122937203
 273                    -0.426197459960                     0.408378090666
 274                    -0.683844419090                     0.412093670838
 275                    -0.780801972685                     0.421902129595
 276                     0.513234994934                     0.428594654694
 277                     0.255571636028                     0.431671433204
 278                    -0.002242668098                     0.434926586667
 279                    -0.260056972223                     0.438181740130
 280                    -0.517871276349                     0.441436893593
 281                     0.734547894408                     0.457818547732
 282                     0.831937972251                     0.461303630209
 283                     0.421561178546                     0.461653457621
 284                     0.163897819639                     0.464730236131
 285                    -0.093916484487                     0.467985389594
 286                    -0.351730788612                     0.471240543057
 287                    -0.609377747742                     0.474956123229
 288                     0.587701666282                     0.491457107085
 289                     0.329887362157                     0.494712260548
 290                     0.072224003250                     0.497789039058
 291                    -0.185590300875                     0.501044192521
 292                    -0.701015097439                     0.508115875985
 293                    -0.797982329459                     0.517828186553
 294                    -0.458955053833                     0.519063253721
 295                     0.496027849893                     0.524515910012
 296                     0.238213545768                     0.527771063475
 297                    -0.019449813139                     0.530847841985
 298                    -0.277264117264                     0.534102995448
 299                     0.674931114521                     0.534908187880
 300                     0.780376648896                     0.543998267255
 301                    -0.551888187851                     0.553644899849
 302                     0.404354033505                     0.557574712939
 303                     0.146539729379                     0.560829866402
 304                    -0.111123629527                     0.563906644912
 305                    -0.373657621921                     0.566194147745
 306                    -0.643525537548                     0.586804652605
 307                     0.593795531112                     0.588889605386
 308                     0.312680217116                     0.590633515866
 309                     0.054865912990                     0.593888669329
 310                    -0.202797445916                     0.596965447839
 311                    -0.740416797039                     0.597247683613
 312                    -0.476162198874                     0.614984509039
 313                     0.478820704853                     0.620437165330
 314                     0.720625429158                     0.620983751614
 315                     0.221006400727                     0.623692318793
 316                    -0.036807903399                     0.626947472256
 317                    -0.299190950573                     0.629056600136
 318                    -0.570460087123                     0.651290410850
 319                     0.387146888464                     0.653495968257
 320                     0.129332584338                     0.656751121720
 321                    -0.128481719788                     0.660006275183
 322                    -0.390864766962                     0.662115403063
 323                     0.556646238259                     0.679090037487
 324                    -0.662839117158                     0.682324067934
 325                     0.295473072075                     0.686554771185
 326                     0.037658767949                     0.689809924647
 327                     0.653311390102                     0.691452136073
 328                    -0.224724279225                     0.691919052527
 329                    -0.493369343915                     0.710905764357
 330                     0.203799255686                     0.719613574112
 331                     0.466761390554                     0.723520833978
 332                    -0.316398095614                     0.724977855454
 333                    -0.056939808460                     0.726178837170
 334                    -0.584105889021                     0.747840153683
 335                     0.369939743423                     0.749417223576
 336                     0.112125439297                     0.752672377038
 337                    -0.150408553096                     0.754959879872
 338                    -0.408071912003                     0.758036658381
 339                     0.549797933242                     0.776301527449
 340                     0.020242949292                     0.785693511996
 341                     0.283451758634                     0.798233359367
 342                    -0.502109161385                     0.807965481299
 343                     0.186592110645                     0.815534829430
 344                    -0.325137913084                     0.822037572396
 345                    -0.227437253637                     0.824356903765
 346                     0.467489787275                     0.828477596385
 347                     0.371785302280                     0.846852160712
 348                     0.094709620640                     0.848555964387
 349                    -0.133577094725                     0.850947770104
 350                    -0.416811729473                     0.855096375323
 351                    -0.037072857551                     0.864508937822
 352                     0.293484734700                     0.904869349363
 353                    -0.280880642773                     0.908860766803
 354                     0.196331473396                     0.912499348072
 355                    -0.186421524120                     0.932828410943
 356                     0.104637209021                     0.945501392599
 357                    -0.090005948969                     0.947006208041
 358                     0.007354220561                     0.951245364960
