   1                    -0.038254122185                    -0.955883529984
   2                     0.051657301777                    -0.955663530170
   3                    -0.129299582520                    -0.948284175595
   4                     0.137120457592                    -0.947184902664
   5                    -0.213788601021                    -0.932874961502
   6                     0.277972766676                    -0.915801507266
   7                    -0.351677341342                    -0.890103537410
   8                     0.358951252789                    -0.887195163335
   9                     0.197416337432                    -0.886027360196
  10                     0.007521739935                    -0.881989312785
  11                    -0.078314762887                    -0.879172770651
  12                     0.092984895751                    -0.873510685279
  13                    -0.268947486080                    -0.867046885992
  14                    -0.162803781388                    -0.863763556558
  15                    -0.430055359052                    -0.854993361304
  16                     0.482819126261                    -0.826345539735
  17                     0.311185322201                    -0.811028661742
  18                     0.398340760534                    -0.810878030226
  19                    -0.033802903600                    -0.805725289352
  20                     0.224860205517                    -0.804647557844
  21                     0.139053743504                    -0.801029657465
  22                     0.051747359221                    -0.798176073664
  23                    -0.118291922102                    -0.790316075260
  24                    -0.205376256209                    -0.788783555968
  25                    -0.378532675198                    -0.784720434245
  26                    -0.291720518357                    -0.784238510044
  27                    -0.550228130492                    -0.783077431764
  28                    -0.464607918590                    -0.776367928042
  29                     0.528856078520                    -0.753844249037
  30                     0.444377712793                    -0.738376739528
  31                     0.356703092173                    -0.735763832502
  32                     0.612697303093                    -0.735230082699
  33                     0.270896630160                    -0.732145932122
  34                    -0.618212294558                    -0.730598945100
  35                     0.185090168147                    -0.728528031743
  36                     0.099283706134                    -0.724910131363
  37                     0.013477275256                    -0.721291492637
  38                    -0.072333004102                    -0.717765293165
  39                    -0.159951320998                    -0.715213927421
  40                    -0.245761600356                    -0.711687727950
  41                    -0.331571879715                    -0.708161528478
  42                    -0.513228625212                    -0.705573401319
  43                    -0.417382159073                    -0.704635329007
  44                     0.500012151825                    -0.672950083493
  45                     0.685198710908                    -0.668164581023
  46                     0.402740044433                    -0.663262541803
  47                     0.316933054804                    -0.659644306400
  48                     0.231126592790                    -0.656026406020
  49                     0.145320130777                    -0.652408505641
  50                     0.600430366288                    -0.650227962798
  51                     0.059513699899                    -0.648789866915
  52                    -0.026374086102                    -0.645214511071
  53                    -0.626543877229                    -0.645121328986
  54                    -0.113992402997                    -0.642663145326
  55                    -0.712228392811                    -0.639290212812
  56                    -0.199802682356                    -0.639136945855
  57                    -0.285612961714                    -0.635610746384
  58                    -0.371423241073                    -0.632084546912
  59                    -0.457233520432                    -0.628558347440
  60                    -0.543043799790                    -0.625032147969
  61                     0.742003336035                    -0.603320300215
  62                     0.535049646214                    -0.594539547764
  63                     0.448776996692                    -0.590761251105
  64                     0.362970007064                    -0.587143015701
  65                     0.277163017434                    -0.583524780298
  66                     0.191356555421                    -0.579906879919
  67                     0.646466790931                    -0.577726337076
  68                     0.105550124542                    -0.576288241193
  69                     0.019662338541                    -0.572712885349
  70                    -0.068033484997                    -0.570112363232
  71                    -0.153843764355                    -0.566586163760
  72                    -0.667013644313                    -0.566273333637
  73                    -0.752855490833                    -0.563624652400
  74                    -0.239654043714                    -0.563059964289
  75                    -0.325464323072                    -0.559533764817
  76                    -0.411274602431                    -0.556007565346
  77                    -0.497084881790                    -0.552481365874
  78                    -0.582895161148                    -0.548955166403
  79                     0.796849856848                    -0.530086375381
  80                     0.581086070858                    -0.522037922042
  81                     0.711396215158                    -0.521512388666
  82                     0.495161521667                    -0.518481835161
  83                     0.409006959323                    -0.514641725003
  84                     0.323199969694                    -0.511023489600
  85                     0.237392980064                    -0.507405254197
  86                     0.151509073980                    -0.503737479013
  87                    -0.814014614236                    -0.503330376129
  88                     0.065698763184                    -0.500211259627
  89                    -0.021997060353                    -0.497610737510
  90                    -0.107884846355                    -0.494035381666
  91                    -0.193695125713                    -0.490509182194
  92                    -0.706865005671                    -0.490196352071
  93                    -0.279505405072                    -0.486982982723
  94                    -0.365315684431                    -0.483456783251
  95                    -0.451125963789                    -0.479930583780
  96                    -0.536936243148                    -0.476404384308
  97                    -0.622746522507                    -0.472878184837
  98                     0.647945253779                    -0.459428669186
  99                     0.833370429001                    -0.452355519629
 100                     0.541197946311                    -0.445980209439
 101                     0.455391484298                    -0.442362309059
 102                     0.369236921954                    -0.438522198901
 103                     0.733155727632                    -0.438431935229
 104                     0.283429932324                    -0.434903963498
 105                     0.197623496642                    -0.431285438678
 106                    -0.768567285444                    -0.430458032733
 107                     0.111657712622                    -0.427660497447
 108                    -0.855354945888                    -0.426641784283
 109                     0.024039364290                    -0.425109111787
 110                    -0.061848421712                    -0.421533755943
 111                    -0.147736207713                    -0.417958400100
 112                    -0.233546487072                    -0.414432200628
 113                    -0.319356766430                    -0.410906001157
 114                    -0.405167045789                    -0.407379801685
 115                    -0.678327047014                    -0.405938513915
 116                    -0.490977325147                    -0.403853602214
 117                    -0.576787604506                    -0.400327402742
 118                     0.878653207908                    -0.379380811265
 119                     0.673040832967                    -0.377096484096
 120                     0.792813867178                    -0.376652128559
 121                     0.587234370954                    -0.373478583717
 122                     0.501427908941                    -0.369860683337
 123                     0.415621446928                    -0.366242782958
 124                     0.329466884584                    -0.362402672800
 125                     0.243660448902                    -0.358784147979
 126                     0.157772135284                    -0.355208457111
 127                     0.069998313728                    -0.352558349607
 128                    -0.015811997068                    -0.349032130221
 129                    -0.888326169633                    -0.347090729582
 130                    -0.784507470588                    -0.346067579341
 131                    -0.101699783070                    -0.345456774377
 132                    -0.187587569071                    -0.341881418534
 133                    -0.273397848430                    -0.338355219062
 134                    -0.359208127788                    -0.334829019591
 135                    -0.445018407147                    -0.331302820119
 136                    -0.530828686506                    -0.327776620648
 137                    -0.616638965864                    -0.324250421176
 138                    -0.702449245223                    -0.320724221705
 139                     0.733754206821                    -0.312969722248
 140                     0.633270795597                    -0.300976957994
 141                     0.909125366592                    -0.299085819694
 142                     0.547464333584                    -0.297359057615
 143                     0.823286025862                    -0.296357136988
 144                     0.461657871571                    -0.293741157235
 145                     0.375851409559                    -0.290123256856
 146                     0.289619366903                    -0.286233365885
 147                     0.203809087544                    -0.282707166413
 148                     0.116112736390                    -0.280106309272
 149                    -0.837058301424                    -0.278139320827
 150                     0.030146952369                    -0.276481368041
 151                    -0.055663358426                    -0.272955148655
 152                    -0.141551144428                    -0.269379792811
 153                    -0.227438930429                    -0.265804436967
 154                    -0.313249209788                    -0.262278237496
 155                    -0.921030253951                    -0.260124068535
 156                    -0.399059489147                    -0.258752038024
 157                    -0.484869768505                    -0.255225838553
 158                    -0.570680047864                    -0.251699639081
 159                    -0.656490327222                    -0.248173439610
 160                    -0.746346654169                    -0.246880864779
 161                     0.765811366811                    -0.232540981563
 162                     0.680004904798                    -0.228923081183
 163                     0.593500758228                    -0.224857431893
 164                     0.871376272540                    -0.221944105787
 165                     0.507694296215                    -0.221239531513
 166                     0.421887834202                    -0.217621631134
 167                     0.336081372189                    -0.214003730755
 168                     0.249768005545                    -0.210156384319
 169                     0.162149688650                    -0.207605018573
 170                     0.076261375032                    -0.204029327706
 171                    -0.009704408989                    -0.200404386475
 172                    -0.095514719785                    -0.196878167089
 173                    -0.863442611547                    -0.196409850587
 174                    -0.181402505786                    -0.193302811245
 175                    -0.267290291787                    -0.189727455401
 176                    -0.353100571146                    -0.186201255930
 177                    -0.438910850505                    -0.182675056458
 178                    -0.524721129863                    -0.179148856987
 179                    -0.610531409222                    -0.175622657515
 180                     0.941428574824                    -0.172259972797
 181                    -0.696341688580                    -0.172096458044
 182                    -0.782156762692                    -0.168688939668
 183                    -0.942924270987                    -0.163875193082
 184                     0.811847791454                    -0.160039355841
 185                     0.726041329441                    -0.156421455461
 186                     0.640234867429                    -0.152803555081
 187                     0.553730720858                    -0.148737905791
 188                     0.467924258845                    -0.145120005411
 189                     0.382117796832                    -0.141502105032
 190                     0.296230010831                    -0.137926749188
 191                     0.208108606652                    -0.135054236479
 192                     0.122298327292                    -0.131528037007
 193                     0.036410013674                    -0.127952346140
 194                    -0.049555770347                    -0.124327404909
 195                    -0.135366081143                    -0.120801185523
 196                    -0.221253867144                    -0.117225829679
 197                    -0.307141653146                    -0.113650473835
 198                    -0.392951932504                    -0.110124274364
 199                    -0.478762211863                    -0.106598074892
 200                    -0.564572491221                    -0.103071875421
 201                    -0.650382770580                    -0.099545675949
 202                    -0.832425763161                    -0.097705291045
 203                    -0.736298228159                    -0.096074664647
 204                     0.867523860031                    -0.094648121610
 205                     0.953080485983                    -0.087171365494
 206                     0.772077754085                    -0.083919829739
 207                    -0.917750817529                    -0.081764686036
 208                     0.686271292072                    -0.080301929359
 209                     0.600464830059                    -0.076684028980
 210                     0.513960683489                    -0.072618379689
 211                     0.428076714833                    -0.068951322938
 212                     0.342266435474                    -0.065425123466
 213                     0.254570611937                    -0.062824601349
 214                     0.168257245293                    -0.058977254913
 215                     0.082446965934                    -0.055451055441
 216                    -0.003441347684                    -0.051875364573
 217                    -0.089407131705                    -0.048250423343
 218                    -0.175217442501                    -0.044724203957
 219                    -0.261105228503                    -0.041148848113
 220                    -0.346993014504                    -0.037573492269
 221                    -0.432803293862                    -0.034047292798
 222                    -0.518613573221                    -0.030521093326
 223                    -0.604423852580                    -0.026994893855
 224                    -0.690339310159                    -0.023523882553
 225                    -0.776149589517                    -0.019997683081
 226                     0.903827112272                    -0.016815532016
 227                    -0.861959867085                    -0.016471440023
 228                     0.818114178728                    -0.011418204017
 229                     0.732307716715                    -0.007800303637
 230                    -0.957043429225                    -0.005397619886
 231                     0.646501254702                    -0.004182403257
 232                     0.560694792689                    -0.000564502878
 233                     0.474190545799                     0.003501093998
 234                     0.388225353475                     0.007125658628
 235                     0.300607036580                     0.009677024374
 236                     0.214719250579                     0.013252380218
 237                     0.128405883935                     0.017099726653
 238                     0.042595604575                     0.020625926125
 239                    -0.043292709042                     0.024201616993
 240                    -0.129258493063                     0.027826558223
 241                    -0.215068803860                     0.031352777609
 242                    -0.300956589861                     0.034928133453
 243                    -0.386844375862                     0.038503489297
 244                    -0.472654655221                     0.042029688769
 245                    -0.558464934579                     0.045555888240
 246                    -0.644380392158                     0.049026899542
 247                     0.955663408787                     0.051659547319
 248                    -0.730190671517                     0.052553099014
 249                    -0.816000949085                     0.056079342071
 250                    -0.901777852588                     0.060340908887
 251                     0.866242570069                     0.060477650441
 252                     0.778344141359                     0.064701322085
 253                     0.692537679346                     0.068319222465
 254                     0.606731217332                     0.071937122844
 255                     0.520924655000                     0.075554970809
 256                     0.434339184441                     0.079578075564
 257                     0.346565954581                     0.082227806468
 258                     0.260755675222                     0.085754005940
 259                     0.174867889221                     0.089329361784
 260                     0.088554522577                     0.093176708219
 261                     0.002744243217                     0.096702907691
 262                    -0.083144070400                     0.100278598559
 263                    -0.169109854422                     0.103903539789
 264                    -0.254920165218                     0.107429759176
 265                    -0.340807951219                     0.111005115020
 266                    -0.426695737220                     0.114580470863
 267                    -0.512506016579                     0.118106670335
 268                    -0.598421474158                     0.121577681637
 269                    -0.684231753609                     0.125103881166
 270                    -0.770060475793                     0.128641805095
 271                    -0.947792398566                     0.132856422294
 272                    -0.861984848797                     0.136448431351
 273                     0.947184580466                     0.137122683212
 274                     0.824380566002                     0.137202947808
 275                     0.738574103989                     0.140820848189
 276                     0.652767641976                     0.144438748566
 277                     0.566961079643                     0.148056596532
 278                     0.481073293642                     0.151631952376
 279                     0.392679785548                     0.154680223405
 280                     0.306714593223                     0.158304788034
 281                     0.220904313864                     0.161830987506
 282                     0.135016527863                     0.165406343350
 283                     0.048703161219                     0.169253689785
 284                    -0.037107118140                     0.172779889257
 285                    -0.122995431760                     0.176355580125
 286                    -0.208961215780                     0.179980521356
 287                    -0.294771526575                     0.183506740742
 288                    -0.380659312577                     0.187082096586
 289                    -0.466547098578                     0.190657452429
 290                    -0.552462556158                     0.194128463731
 291                     0.885821819825                     0.197209701218
 292                    -0.638272835516                     0.197654663203
 293                    -0.724083113347                     0.201180899856
 294                    -0.809892493400                     0.204728916377
 295                     0.785863323120                     0.214064612662
 296                     0.698804066618                     0.216940374290
 297                    -0.932066309053                     0.217287034248
 298                     0.612997504287                     0.220558222254
 299                     0.527109718284                     0.224133578098
 300                     0.439413894749                     0.226734100216
 301                     0.352828424189                     0.230757204971
 302                     0.266863231865                     0.234381769600
 303                     0.181052952506                     0.237907969072
 304                     0.095165166505                     0.241483324916
 305                     0.008851799861                     0.245330671352
 306                    -0.076958479500                     0.248856870823
 307                    -0.162846793117                     0.252432561691
 308                    -0.248812577138                     0.256057502922
 309                    -0.334622887934                     0.259583722308
 310                    -0.420510673935                     0.263159078152
 311                    -0.506503638157                     0.266679245825
 312                    -0.592313917516                     0.270205445297
 313                    -0.864840299487                     0.270733285418
 314                    -0.678124195346                     0.273731681951
 315                     0.915898277915                     0.277653748823
 316                    -0.765009604181                     0.277950254672
 317                     0.830631183684                     0.287918288152
 318                     0.744762889061                     0.289491216917
 319                     0.658956422287                     0.293109004349
 320                     0.573146142928                     0.296635203820
 321                     0.485450319391                     0.299235725938
 322                     0.399562533391                     0.302811081782
 323                     0.312977062831                     0.306834186537
 324                     0.227011870507                     0.310458751167
 325                     0.141201591148                     0.313984950638
 326                     0.055313805147                     0.317560306482
 327                    -0.030999561499                     0.321407652917
 328                    -0.116809840857                     0.324933852390
 329                    -0.202698154475                     0.328509543257
 330                    -0.288663938496                     0.332134484488
 331                    -0.374474249292                     0.335660703874
 332                    -0.460467213514                     0.339180871548
 333                    -0.546354966551                     0.342756244660
 334                    -0.632165245909                     0.346282444131
 335                    -0.717975523740                     0.349808680785
 336                    -0.889590827924                     0.352972263211
 337                    -0.803723786450                     0.354612176234
 338                     0.887320142943                     0.358642194467
 339                     0.802053048711                     0.368906733796
 340                     0.619105060928                     0.369185985914
 341                     0.716184754088                     0.370479662560
 342                     0.531486744035                     0.371737351660
 343                     0.445598958033                     0.375312707504
 344                     0.359711172032                     0.378888063348
 345                     0.273125701473                     0.382911168103
 346                     0.187160509148                     0.386535732733
 347                     0.101350229790                     0.390061932205
 348                     0.015462443787                     0.393637288047
 349                    -0.070850922856                     0.397484634484
 350                    -0.156661202215                     0.401010833956
 351                    -0.242549515834                     0.404586524823
 352                    -0.328515299854                     0.408211466054
 353                    -0.414430788871                     0.411682497270
 354                    -0.500318541908                     0.415257870382
 355                    -0.586206327909                     0.418833226226
 356                    -0.682751327748                     0.428135522563
 357                    -0.854366631932                     0.431299104990
 358                    -0.768499590458                     0.432939018012
 359                     0.666700889035                     0.440673574160
 360                     0.847952618859                     0.441765623756
 361                     0.760679718792                     0.444166854030
 362                     0.577445662036                     0.444288133755
 363                     0.491635382677                     0.447814333226
 364                     0.405747596675                     0.451389689071
 365                     0.319859810674                     0.454965044914
 366                     0.233274340115                     0.458988149669
 367                     0.147390388806                     0.462655233062
 368                     0.061498868430                     0.466138913770
 369                    -0.024388917570                     0.469714269614
 370                    -0.110702284214                     0.473561616050
 371                    -0.196512563574                     0.477087815522
 372                    -0.282400877191                     0.480663506390
 373                    -0.368471839434                     0.484233259450
 374                    -0.454282117265                     0.487759496104
 375                    -0.540169903266                     0.491334851948
 376                    -0.627680888174                     0.494037607595
 377                    -0.722785428241                     0.505644268849
 378                    -0.809306421727                     0.510345963890
 379                     0.711020806301                     0.514237036965
 380                     0.625041490142                     0.515775722000
 381                     0.804890387255                     0.517796025697
 382                     0.537594300678                     0.520365115321
 383                     0.451784021319                     0.523891314792
 384                     0.365896235316                     0.527466670637
 385                     0.280008449316                     0.531042026480
 386                     0.193504302744                     0.535107675770
 387                     0.107457786432                     0.538689695864
 388                     0.021647507073                     0.542215895337
 389                    -0.064240278927                     0.545791251181
 390                    -0.150553645573                     0.549638597616
 391                    -0.236363924931                     0.553164797088
 392                    -0.322357416771                     0.556685299785
 393                    -0.408323199263                     0.560310278198
 394                    -0.494133478623                     0.563836477670
 395                    -0.581644463532                     0.566539233317
 396                    -0.667396287922                     0.571278720633
 397                    -0.758374431708                     0.583806030334
 398                     0.755231474763                     0.587866208632
 399                     0.669361407408                     0.589339184805
 400                     0.583553218678                     0.592915897415
 401                     0.497742939319                     0.596442096887
 402                     0.411932659961                     0.599968296358
 403                     0.326044873958                     0.603543652203
 404                     0.240238411945                     0.607161552581
 405                     0.153571712766                     0.611142052100
 406                     0.067606425074                     0.614766677431
 407                    -0.018203854284                     0.618292876903
 408                    -0.104091640286                     0.621868232747
 409                    -0.190387246789                     0.625724880014
 410                    -0.276320464512                     0.629186590484
 411                    -0.362208745246                     0.632762298577
 412                    -0.449741854014                     0.637356691156
 413                    -0.535608038888                     0.639040859040
 414                    -0.702985291389                     0.649440482118
 415                    -0.618144796924                     0.662779471030
 416                     0.543701857320                     0.668992878981
 417                     0.457891577961                     0.672519078453
 418                     0.678774762125                     0.674704440497
 419                     0.372081298603                     0.676045277924
 420                     0.286178702532                     0.681568812461
 421                     0.200305821967                     0.683195928911
 422                     0.113720351410                     0.687219033668
 423                    -0.058055215644                     0.694369858469
 424                     0.028195347802                     0.696023097846
 425                    -0.143861677657                     0.697987758848
 426                    -0.230361515151                     0.701737352713
 427                    -0.316171792986                     0.705263589276
 428                    -0.402103991836                     0.708816275631
 429                    -0.499230498420                     0.716838755385
 430                     0.615557459400                     0.732837140094
 431                    -0.598932683213                     0.746485700267
 432                     0.532354292711                     0.754122608828
 433                     0.434874539463                     0.755259963540
 434                     0.349064260104                     0.758786163012
 435                     0.230021840354                     0.763773819039
 436                     0.144220165410                     0.767503524525
 437                    -0.017308352934                     0.769970991434
 438                    -0.183899323611                     0.773966868034
 439                    -0.356067039577                     0.781317566330
 440                    -0.444845698172                     0.783307782972
 441                    -0.269886208325                     0.792248426731
 442                    -0.100104454213                     0.792788610486
 443                    -0.529601964751                     0.797171887773
 444                     0.063901594460                     0.797913478271
 445                     0.292132659851                     0.823087259572
 446                     0.484439378784                     0.825396721588
 447                     0.398916744915                     0.833252752550
 448                     0.210539096938                     0.849888912833
 449                    -0.038945765821                     0.853083328002
 450                    -0.205276087831                     0.857146625654
 451                     0.125060282853                     0.858208195788
 452                    -0.327456816493                     0.862294681995
 453                    -0.413334735891                     0.863200820105
 454                    -0.121589839492                     0.876445588454
 455                     0.042264181573                     0.881025814839
 456                     0.339167953336                     0.894944891685
 457                    -0.263827597718                     0.919976227088
 458                     0.257574390423                     0.921746544947
 459                     0.172095576338                     0.930065827902
 460                    -0.179788498478                     0.939712930928
 461                     0.089299475058                     0.952883446954
 462                    -0.083482021627                     0.953410725652
 463                     0.002323289044                     0.957055830164
