   1                     0.031682713387                    -0.954774801890
   2                    -0.107218830535                    -0.949264367302
   3                     0.148549065310                    -0.943679973215
   4                    -0.195486519532                    -0.935084882421
   5                     0.236113747067                    -0.925661393328
   6                    -0.288081782616                    -0.910827976720
   7                     0.325829932490                    -0.897894801496
   8                    -0.035539283973                    -0.895838855446
   9                     0.083742846917                    -0.882097534403
  10                    -0.386877631631                    -0.873455445226
  11                     0.413959912225                    -0.860950583786
  12                    -0.117646907732                    -0.860475303120
  13                     0.168410206739                    -0.853397693061
  14                    -0.222648874010                    -0.849911827928
  15                     0.256582539157                    -0.838636849302
  16                    -0.471253752391                    -0.830974498711
  17                    -0.311958825930                    -0.824676194876
  18                     0.016434007366                    -0.823099459657
  19                     0.492628864105                    -0.818483670517
  20                     0.341018031571                    -0.809261854270
  21                     0.101101367189                    -0.794399618315
  22                    -0.394932742315                    -0.784419733828
  23                    -0.162924220952                    -0.783389587064
  24                    -0.073306343277                    -0.781929847810
  25                    -0.555772419670                    -0.776932474640
  26                     0.419686983451                    -0.766794941001
  27                     0.185768727011                    -0.765699776972
  28                    -0.249420416647                    -0.760792002177
  29                     0.273829559973                    -0.750287690463
  30                    -0.473410856410                    -0.741601182701
  31                     0.533626540949                    -0.739039141405
  32                     0.031307960787                    -0.734946137417
  33                     0.621935250368                    -0.725117411873
  34                    -0.625974559113                    -0.721330637240
  35                     0.352498511852                    -0.707820777195
  36                     0.115975320610                    -0.706246296074
  37                    -0.120547870634                    -0.704671814953
  38                    -0.356934253748                    -0.703497811093
  39                     0.437165891089                    -0.679120939722
  40                     0.200642680432                    -0.677546454731
  41                    -0.035880510812                    -0.675971973610
  42                    -0.272403702055                    -0.674397492489
  43                    -0.524869236640                    -0.668496615016
  44                     0.686995834344                    -0.663803766368
  45                    -0.692656765691                    -0.657894612832
  46                    -0.431205171301                    -0.652520669632
  47                     0.521833244557                    -0.650421079631
  48                     0.285310040255                    -0.648846613389
  49                     0.048786849011                    -0.647272132268
  50                    -0.187736342233                    -0.645697651147
  51                    -0.606844052417                    -0.632826287141
  52                     0.607172925526                    -0.623392640423
  53                     0.369977400077                    -0.620146772046
  54                     0.133454208833                    -0.618572290925
  55                    -0.103068982410                    -0.616997809804
  56                    -0.339870593071                    -0.615742046630
  57                     0.454644759900                    -0.591446930703
  58                     0.737427653853                    -0.589987275708
  59                     0.218121568656                    -0.589872449582
  60                    -0.018401622588                    -0.588297968461
  61                    -0.254924813831                    -0.586723487341
  62                    -0.491726424494                    -0.585467724168
  63                    -0.738951514497                    -0.581415602997
  64                     0.539350519994                    -0.562754736183
  65                     0.302788928479                    -0.561172608239
  66                     0.066265737235                    -0.559598127119
  67                    -0.170257454009                    -0.558023645998
  68                    -0.407059064672                    -0.556767882825
  69                    -0.648933205295                    -0.553954581679
  70                     0.624557802592                    -0.535699945392
  71                     0.387456288301                    -0.532472766897
  72                     0.150933097057                    -0.530898285776
  73                    -0.561526691318                    -0.529504099646
  74                    -0.085590094186                    -0.529323804655
  75                    -0.322391704848                    -0.528068041480
  76                     0.798378226443                    -0.524586431575
  77                    -0.802391661793                    -0.518426791106
  78                     0.708646839367                    -0.505347406675
  79                     0.472123648124                    -0.503772925554
  80                     0.235600456880                    -0.502198444433
  81                    -0.000922734364                    -0.500623963312
  82                    -0.237445925608                    -0.499049482192
  83                    -0.474247536270                    -0.497793719019
  84                    -0.716121676893                    -0.494980417873
  85                     0.556791007946                    -0.475073084211
  86                     0.320267816702                    -0.473498603091
  87                     0.083744625458                    -0.471924121970
  88                    -0.152778565785                    -0.470349640849
  89                    -0.389580176448                    -0.469093877676
  90                    -0.626103367691                    -0.467519396555
  91                     0.641458367769                    -0.446373242869
  92                     0.404935176525                    -0.444798761748
  93                     0.168411985281                    -0.443224280627
  94                    -0.068111205963                    -0.441649799506
  95                    -0.304912816624                    -0.440394036332
  96                    -0.541436007869                    -0.438819555212
  97                     0.813524656241                    -0.436479517108
  98                    -0.779561824190                    -0.431991605982
  99                     0.726125727591                    -0.417673401526
 100                     0.489602536347                    -0.416098920405
 101                     0.253079345104                    -0.414524439284
 102                     0.016556153860                    -0.412949958163
 103                    -0.219967037384                    -0.411375477043
 104                    -0.456768648046                    -0.410119713869
 105                    -0.693291839290                    -0.408545232749
 106                    -0.864954417702                    -0.405527523047
 107                     0.574269896170                    -0.387399079062
 108                     0.337746704926                    -0.385824597942
 109                     0.101223513682                    -0.384250116821
 110                    -0.135299677561                    -0.382675635700
 111                    -0.372101288224                    -0.381419872527
 112                    -0.608624479467                    -0.379845391406
 113                     0.878560665487                    -0.375139805553
 114                     0.658937255992                    -0.358699237720
 115                     0.422414064749                    -0.357124756599
 116                     0.185890873505                    -0.355550275478
 117                    -0.050632317739                    -0.353975794357
 118                    -0.287433928400                    -0.352720031183
 119                    -0.523957119645                    -0.351145550063
 120                    -0.794683231966                    -0.343347653389
 121                     0.743783302331                    -0.330034830476
 122                     0.507081424571                    -0.328424915256
 123                     0.270558233327                    -0.326850434135
 124                     0.034035042084                    -0.325275953014
 125                    -0.202488149160                    -0.323701471894
 126                    -0.899075614375                    -0.322895890787
 127                    -0.439289759822                    -0.322445708721
 128                    -0.675812951066                    -0.320871227600
 129                     0.828431214199                    -0.301117641130
 130                     0.591748784394                    -0.299725073913
 131                     0.355225593150                    -0.298150592793
 132                     0.118702401906                    -0.296576111672
 133                    -0.117820789338                    -0.295001630551
 134                    -0.354622400000                    -0.293745867378
 135                    -0.591145591244                    -0.292171386257
 136                     0.914391872621                    -0.276561421633
 137                     0.676416144216                    -0.271025232571
 138                     0.439892952972                    -0.269450751450
 139                     0.203369761729                    -0.267876270329
 140                    -0.033153429515                    -0.266301789208
 141                    -0.269955040176                    -0.265046026034
 142                    -0.506478231421                    -0.263471544914
 143                    -0.744021820648                    -0.263080286936
 144                    -0.833417054415                    -0.262223028514
 145                     0.761083504039                    -0.242325391227
 146                     0.524560312795                    -0.240750910107
 147                     0.288037121551                    -0.239176428986
 148                     0.051513930308                    -0.237601947865
 149                    -0.925322999267                    -0.237436441346
 150                    -0.185009260936                    -0.236027466745
 151                    -0.421810871599                    -0.234771703572
 152                    -0.658334062842                    -0.233197222451
 153                     0.850145233505                    -0.214395417461
 154                     0.609227672618                    -0.212051068764
 155                     0.372704481374                    -0.210476587644
 156                     0.136181290130                    -0.208902106523
 157                    -0.100341901114                    -0.207327625402
 158                    -0.337143511776                    -0.206071862229
 159                    -0.573666703020                    -0.204497381108
 160                     0.936612934713                    -0.184637698376
 161                     0.693895032440                    -0.183351227422
 162                     0.457371841196                    -0.181776746301
 163                     0.220848649953                    -0.180202265180
 164                    -0.015674541291                    -0.178627784059
 165                    -0.252476151953                    -0.177372020885
 166                    -0.858050194200                    -0.176284380999
 167                    -0.488999343197                    -0.175797539765
 168                    -0.726542932424                    -0.175406281787
 169                     0.782797523344                    -0.155603167559
 170                     0.542039201019                    -0.153076904958
 171                     0.305516009775                    -0.151502423837
 172                     0.068992818532                    -0.149927942717
 173                    -0.943466706318                    -0.149897600784
 174                    -0.167530372712                    -0.148353461596
 175                    -0.404331983375                    -0.147097698423
 176                    -0.640855174619                    -0.145523217302
 177                     0.867491209781                    -0.126695019404
 178                     0.626706560841                    -0.124377063615
 179                     0.390183369598                    -0.122802582494
 180                     0.153660178354                    -0.121228101374
 181                    -0.082863012890                    -0.119653620253
 182                    -0.319664623552                    -0.118397857080
 183                    -0.556187814796                    -0.116823375959
 184                    -0.792700979958                    -0.115278455792
 185                     0.711373920664                    -0.095677222273
 186                     0.474850729420                    -0.094102741152
 187                     0.950671000747                    -0.093932768455
 188                     0.238327538177                    -0.092528260031
 189                     0.001804346933                    -0.090953778910
 190                    -0.234997263729                    -0.089698015736
 191                    -0.878117492076                    -0.088891675578
 192                    -0.471520454974                    -0.088123534616
 193                    -0.708043646217                    -0.086549053496
 194                     0.796116957025                    -0.067201609887
 195                     0.559518089243                    -0.065402899809
 196                     0.322994897999                    -0.063828418688
 197                     0.086471706755                    -0.062253937567
 198                    -0.150051484488                    -0.060679456447
 199                    -0.386853095151                    -0.059423693274
 200                    -0.623376286395                    -0.057849212153
 201                    -0.954386539781                    -0.041533213205
 202                     0.880708163657                    -0.038278081871
 203                     0.644185449065                    -0.036703058466
 204                     0.407662257822                    -0.035128577346
 205                     0.171139066578                    -0.033554096225
 206                    -0.065384124666                    -0.031979615104
 207                    -0.302185735328                    -0.030723851931
 208                    -0.538708926572                    -0.029149370810
 209                    -0.775232117816                    -0.027574889689
 210                     0.728859007469                    -0.008004453016
 211                     0.492329617644                    -0.006428736003
 212                     0.255806426400                    -0.004854254882
 213                     0.019283235157                    -0.003279773761
 214                    -0.217518375505                    -0.002024010587
 215                    -0.860656646931                    -0.001214075250
 216                    -0.454041566750                    -0.000449529467
 217                    -0.690564757993                     0.001124951653
 218                     0.955235877340                     0.011096634388
 219                     0.813524337919                     0.020701374481
 220                     0.576996977467                     0.022271105340
 221                     0.340473786223                     0.023845586461
 222                     0.103950594979                     0.025420067582
 223                    -0.132572596264                     0.026994548702
 224                    -0.369374206927                     0.028250311875
 225                    -0.605897398171                     0.029824792996
 226                    -0.953655008727                     0.047884117933
 227                     0.661664337289                     0.050970946683
 228                     0.425141146045                     0.052545427804
 229                     0.188617954802                     0.054119908924
 230                    -0.047905236442                     0.055694390045
 231                    -0.284706847104                     0.056950153218
 232                    -0.521230038348                     0.058524634339
 233                    -0.776213228822                     0.062638259411
 234                     0.746331697112                     0.079670788025
 235                     0.509808505868                     0.081245269146
 236                     0.273285314624                     0.082819750267
 237                     0.036762123381                     0.084394231388
 238                    -0.200039487281                     0.085649994562
 239                    -0.436562678526                     0.087224475682
 240                    -0.873002954015                     0.087328634296
 241                    -0.673085869770                     0.088798956802
 242                     0.919035778589                     0.092838885169
 243                     0.830997027691                     0.108376615140
 244                     0.594475865691                     0.109945110489
 245                     0.357952674447                     0.111519591610
 246                     0.121429483203                     0.113094072730
 247                    -0.115093708041                     0.114668553851
 248                    -0.351895318703                     0.115924317025
 249                    -0.588418509947                     0.117498798145
 250                     0.679143225513                     0.138644951832
 251                     0.442620034269                     0.140219432952
 252                    -0.944922118854                     0.140431143101
 253                     0.206096843026                     0.141793914073
 254                    -0.030426348218                     0.143368395194
 255                    -0.267227958881                     0.144624158367
 256                    -0.503751150124                     0.146198639488
 257                    -0.740274341368                     0.147773120609
 258                    -0.828072543922                     0.164617061381
 259                     0.764271019012                     0.167873526642
 260                     0.527287394092                     0.168919274295
 261                     0.290764202848                     0.170493755416
 262                     0.054241011604                     0.172068236537
 263                    -0.182560599057                     0.173323999711
 264                    -0.419083790302                     0.174898480831
 265                    -0.655606981546                     0.176472961951
 266                     0.938156522406                     0.180169520506
 267                     0.849836798268                     0.195989484102
 268                     0.611954753914                     0.197619115638
 269                     0.375431562671                     0.199193596759
 270                     0.138908371427                     0.200768077880
 271                    -0.097614819817                     0.202342559000
 272                    -0.334416430479                     0.203598322173
 273                    -0.570939621723                     0.205172803294
 274                     0.696622113737                     0.226318956981
 275                     0.460098922493                     0.227893438102
 276                    -0.927656962751                     0.228147487627
 277                     0.223575731250                     0.229467919222
 278                    -0.012947459994                     0.231042400343
 279                    -0.249749070657                     0.232298163516
 280                    -0.486272261900                     0.233872644637
 281                    -0.735348318348                     0.238032399275
 282                    -0.841770166527                     0.252960809589
 283                     0.782878805314                     0.255314895578
 284                     0.544766282316                     0.256593279444
 285                     0.308243091072                     0.258167760565
 286                     0.071719899828                     0.259742241686
 287                    -0.165081710834                     0.260998004859
 288                    -0.401604902078                     0.262572485980
 289                    -0.638128093322                     0.264146967100
 290                     0.917206250333                     0.267079409543
 291                     0.629433642138                     0.285293120787
 292                     0.392910450894                     0.286867601908
 293                     0.156387259651                     0.288442083029
 294                    -0.080135931593                     0.290016564149
 295                    -0.316937542255                     0.291272327323
 296                    -0.553460733499                     0.292846808443
 297                     0.714780328700                     0.313854789311
 298                     0.477577810717                     0.315567443250
 299                     0.241054619473                     0.317141924371
 300                     0.004531428230                     0.318716405492
 301                    -0.232270182433                     0.319972168665
 302                    -0.899751402215                     0.321007991900
 303                    -0.468793373677                     0.321546649786
 304                    -0.705659587529                     0.322728022080
 305                    -0.794835217007                     0.329048609044
 306                     0.799223609725                     0.343207387186
 307                     0.562245170540                     0.344267284593
 308                     0.325721979296                     0.345841765714
 309                     0.089198788052                     0.347416246835
 310                    -0.147602822610                     0.348672010008
 311                    -0.384126013854                     0.350246491129
 312                     0.888223384266                     0.351650303987
 313                    -0.620649205098                     0.351820972249
 314                     0.646912530362                     0.372967125936
 315                     0.410389339118                     0.374541607057
 316                     0.173866147875                     0.376116088177
 317                    -0.062657043369                     0.377690569298
 318                    -0.299458654032                     0.378946332471
 319                    -0.535981845275                     0.380520813592
 320                     0.731581873785                     0.401661114796
 321                     0.495056698941                     0.403241448399
 322                    -0.865803727065                     0.403711063574
 323                     0.258533507697                     0.404815929520
 324                     0.022010316453                     0.406390410641
 325                    -0.214791294209                     0.407646173814
 326                    -0.451314485453                     0.409220654935
 327                    -0.688180699305                     0.410402027229
 328                    -0.777356328783                     0.416722614193
 329                     0.579724058764                     0.431941289742
 330                     0.851461746720                     0.433141559452
 331                     0.343200867520                     0.433515770863
 332                     0.106677676276                     0.435090251984
 333                    -0.130123934386                     0.436346015157
 334                    -0.366647125630                     0.437920496278
 335                    -0.603682270408                     0.439595489278
 336                     0.427868227342                     0.462215612206
 337                     0.191345036099                     0.463790093327
 338                     0.667745609099                     0.464379853998
 339                    -0.045178155145                     0.465364574447
 340                    -0.281979765807                     0.466620337621
 341                    -0.518502957052                     0.468194818741
 342                     0.775156407865                     0.479722005722
 343                     0.512535587165                     0.490915453548
 344                    -0.725363271246                     0.491702082925
 345                     0.276012395921                     0.492489934669
 346                     0.039489204677                     0.494064415790
 347                    -0.197312405985                     0.495320178963
 348                    -0.433835597229                     0.496894660084
 349                    -0.815479673280                     0.497585790711
 350                     0.597202946987                     0.519615294891
 351                     0.360679755744                     0.521189776012
 352                     0.124156564500                     0.522764257133
 353                    -0.112645046162                     0.524020020306
 354                    -0.349168237406                     0.525594501427
 355                    -0.585693740056                     0.527166349090
 356                     0.208823924323                     0.551464098476
 357                    -0.027699266921                     0.553038579596
 358                    -0.264500877584                     0.554294342769
 359                     0.449779262576                     0.554585591263
 360                     0.679116060515                     0.555427088262
 361                    -0.501027505172                     0.555869508897
 362                    -0.668575048701                     0.560748013237
 363                     0.767510483570                     0.568793788875
 364                    -0.765394527037                     0.571637940162
 365                     0.293491284145                     0.580163939818
 366                     0.056968092901                     0.581738420939
 367                    -0.179833517761                     0.582994184112
 368                    -0.416356709005                     0.584568665233
 369                     0.539787984028                     0.588140945132
 370                     0.378665025623                     0.608761305516
 371                     0.141635452724                     0.610438262282
 372                    -0.095166157939                     0.611694025455
 373                    -0.331689349182                     0.613268506576
 374                    -0.598063451974                     0.615705791936
 375                     0.621701097557                     0.623952738502
 376                     0.226302812547                     0.639138103625
 377                     0.709753532955                     0.639412729862
 378                    -0.708606304493                     0.640683870473
 379                    -0.010220378697                     0.640712584745
 380                    -0.247021989360                     0.641968347919
 381                     0.468444699456                     0.642014672114
 382                    -0.483545180708                     0.643542828920
 383                     0.311476554024                     0.667735469323
 384                     0.074446981125                     0.669412426088
 385                    -0.162354629537                     0.670668189261
 386                    -0.398877820781                     0.672242670382
 387                     0.552968329492                     0.681119593467
 388                    -0.556684192877                     0.694952240619
 389                     0.396143913847                     0.696435310665
 390                     0.159114340948                     0.698112267431
 391                    -0.077687269715                     0.699368030604
 392                    -0.645612338427                     0.704118899848
 393                    -0.316044542081                     0.706143722265
 394                     0.636842662178                     0.712060489201
 395                     0.244288082426                     0.726709633129
 396                     0.007258509527                     0.728386589894
 397                    -0.229543101136                     0.729642353067
 398                     0.478662857420                     0.730828139337
 399                    -0.473079935407                     0.732327519904
 400                     0.328955442248                     0.755409474472
 401                     0.091925869349                     0.757086431237
 402                    -0.388412575631                     0.761027361384
 403                    -0.147475467157                     0.766305060681
 404                     0.565734420475                     0.769672793158
 405                    -0.546218947577                     0.783736931604
 406                     0.177099610827                     0.785683796935
 407                    -0.060208381491                     0.787042035752
 408                     0.402836349733                     0.805746878275
 409                    -0.319539315897                     0.818024877172
 410                    -0.230145731585                     0.819039665941
 411                     0.491195519852                     0.819344663697
 412                    -0.465127584967                     0.821372468300
 413                     0.272962069066                     0.825101546274
 414                     0.015595985969                     0.837195049654
 415                     0.109911139229                     0.844657960742
 416                    -0.153911358475                     0.865736165477
 417                    -0.391141099422                     0.871554563406
 418                     0.197328174200                     0.872764494775
 419                    -0.065138975847                     0.876305309005
 420                     0.360693269019                     0.884589781953
 421                    -0.301942185281                     0.906145484158
 422                     0.276422445855                     0.914433894866
 423                     0.058505314058                     0.917799493751
 424                    -0.215469013462                     0.930602972796
 425                     0.143853265495                     0.944407197483
 426                    -0.118678313952                     0.947899875751
 427                    -0.022773331511                     0.955028843556
