   1                     0.018072803131                    -0.956937091814
   2                     0.103683267908                    -0.951475172486
   3                    -0.124013129839                    -0.949039497349
   4                     0.195130415350                    -0.936913466889
   5                    -0.208490925603                    -0.934123523867
   6                     0.280037967190                    -0.915223448582
   7                    -0.050310742330                    -0.905142546230
   8                    -0.337094246068                    -0.895780493854
   9                     0.360861212080                    -0.886473016802
  10                     0.049740074645                    -0.877211511496
  11                     0.135350539422                    -0.871749592169
  12                    -0.257521268949                    -0.863731694274
  13                    -0.172044984630                    -0.856466086177
  14                     0.219393247291                    -0.854550537076
  15                    -0.395715919241                    -0.833150759090
  16                    -0.090633681260                    -0.829425673354
  17                    -0.481299877070                    -0.827288131326
  18                     0.300216492182                    -0.825800105298
  19                     0.489611397439                    -0.822396439316
  20                     0.404393316030                    -0.812554547069
  21                    -0.006541402668                    -0.812470646862
  22                    -0.317272910687                    -0.798427875408
  23                     0.077550875924                    -0.795515620371
  24                     0.163143575707                    -0.789782036332
  25                    -0.233180632096                    -0.781472848916
  26                    -0.556617935451                    -0.778607532917
  27                     0.561281230203                    -0.775253896813
  28                    -0.148744676868                    -0.766321819022
  29                     0.243966820597                    -0.761031604553
  30                    -0.065039638136                    -0.747548147752
  31                     0.328131465901                    -0.744431631032
  32                    -0.385329298192                    -0.743303842050
  33                    -0.477617892776                    -0.741582663393
  34                     0.019052640456                    -0.730593121260
  35                     0.412151377783                    -0.727121551570
  36                    -0.628284331531                    -0.722020791013
  37                    -0.289953818279                    -0.717109664458
  38                     0.498489324114                    -0.715153181811
  39                     0.103144919047                    -0.713638094769
  40                    -0.205861539687                    -0.700154637966
  41                     0.187237197639                    -0.696683068277
  42                    -0.547819903022                    -0.692280919007
  43                     0.581741042211                    -0.691944951707
  44                     0.667326103772                    -0.686098458769
  45                    -0.121769261095                    -0.683199611475
  46                     0.271329476231                    -0.679728041785
  47                    -0.430775719830                    -0.669716154672
  48                    -0.037676982504                    -0.666244584983
  49                    -0.690409639568                    -0.662864807855
  50                     0.355421754823                    -0.662773015294
  51                    -0.346683441238                    -0.652761128181
  52                     0.046415296088                    -0.649289558492
  53                     0.439514033416                    -0.645817988802
  54                    -0.262591162646                    -0.635806101690
  55                     0.130507574680                    -0.632334532000
  56                     0.523606312007                    -0.628862962310
  57                     0.726078149155                    -0.623591007970
  58                    -0.178498884055                    -0.618851075198
  59                    -0.499711439475                    -0.617350304001
  60                    -0.586460307112                    -0.615691732996
  61                     0.214599853272                    -0.615379505508
  62                     0.619470361585                    -0.614902867741
  63                    -0.094406605463                    -0.601896048707
  64                     0.298692131864                    -0.598424479017
  65                    -0.749485312575                    -0.595253719128
  66                    -0.403413064197                    -0.588412591904
  67                    -0.010314326871                    -0.584941022215
  68                     0.382784410456                    -0.581469452525
  69                    -0.664899839115                    -0.580960996448
  70                    -0.319320785606                    -0.571457565413
  71                     0.073777951721                    -0.567985995723
  72                     0.466876689048                    -0.564514426033
  73                    -0.235228507014                    -0.554502538921
  74                     0.157870230313                    -0.551030969232
  75                     0.550993378421                    -0.547567610903
  76                    -0.544234965748                    -0.541019082120
  77                     0.720577464714                    -0.537983025207
  78                    -0.151136228422                    -0.537547512430
  79                     0.241962508904                    -0.534075942740
  80                     0.635114970328                    -0.530556970039
  81                    -0.460142687157                    -0.524064055627
  82                    -0.793041054520                    -0.521349175386
  83                    -0.067043949830                    -0.520592485938
  84                     0.804219051009                    -0.518928648173
  85                     0.326054787496                    -0.517120916249
  86                    -0.376050408565                    -0.507109029136
  87                    -0.708455581060                    -0.507056452706
  88                    -0.622674497752                    -0.506288345573
  89                     0.017048328761                    -0.503637459446
  90                     0.410147066088                    -0.500165889757
  91                    -0.291958129973                    -0.490154002644
  92                     0.101140607353                    -0.486682432955
  93                     0.494239344680                    -0.483210863265
  94                    -0.207865851381                    -0.473198976153
  95                     0.185232885945                    -0.469727406463
  96                     0.578331623272                    -0.466255836774
  97                    -0.516872310116                    -0.459715519351
  98                    -0.123773572790                    -0.456243949661
  99                     0.748129540726                    -0.454021398360
 100                     0.269325164537                    -0.452772379972
 101                    -0.843620315546                    -0.452061928390
 102                     0.662477625960                    -0.449253407270
 103                     0.847453048072                    -0.444835424866
 104                    -0.432780031524                    -0.442760492859
 105                    -0.039681294198                    -0.439288923170
 106                    -0.759034842085                    -0.437769205711
 107                     0.353417443129                    -0.435817353480
 108                    -0.653622653736                    -0.426280871652
 109                    -0.348687752933                    -0.425805466367
 110                     0.044410984394                    -0.422333896678
 111                     0.437509721720                    -0.418862326989
 112                    -0.264595474341                    -0.408850439876
 113                     0.128503262986                    -0.405378870187
 114                     0.521602000312                    -0.401907300497
 115                    -0.573601933076                    -0.395366983074
 116                    -0.180503195749                    -0.391895413384
 117                     0.212595541577                    -0.388423843695
 118                     0.605694278904                    -0.384952274005
 119                     0.791363537789                    -0.379928175053
 120                    -0.489509654484                    -0.378411956582
 121                    -0.096410917158                    -0.374940386893
 122                    -0.880708880776                    -0.374709342323
 123                     0.702429858664                    -0.372309054482
 124                     0.296687820169                    -0.371468817204
 125                     0.875619620158                    -0.363806859168
 126                    -0.710352276695                    -0.361932335375
 127                    -0.405417375892                    -0.361456930091
 128                    -0.796123407316                    -0.360416619644
 129                    -0.012318638566                    -0.357985360401
 130                     0.380780098761                    -0.354513790712
 131                    -0.321325097300                    -0.344501903599
 132                     0.071773640026                    -0.341030333910
 133                     0.464872377353                    -0.337558764220
 134                    -0.630331556035                    -0.331018446797
 135                    -0.237232818709                    -0.327546877108
 136                     0.155865918618                    -0.324075307418
 137                     0.548964655945                    -0.320603737729
 138                    -0.546239277443                    -0.314063420305
 139                    -0.153140540117                    -0.310591850616
 140                     0.239958197210                    -0.307120280927
 141                     0.633056934536                    -0.303648711237
 142                    -0.462146998852                    -0.297108393814
 143                     0.802542697938                    -0.294875187919
 144                    -0.069048261525                    -0.293636824124
 145                     0.324050475801                    -0.290165254435
 146                    -0.881118876776                    -0.288925799931
 147                     0.717149213128                    -0.286693684746
 148                     0.913166125483                    -0.286675515475
 149                    -0.378054720260                    -0.280153367322
 150                     0.015044017067                    -0.276681797633
 151                    -0.789546256425                    -0.274884606174
 152                     0.408142754393                    -0.273210227944
 153                    -0.694940555721                    -0.273103564933
 154                    -0.293962441668                    -0.263198340831
 155                     0.099136295658                    -0.259726771141
 156                     0.492235032985                    -0.256255201452
 157                    -0.602968900403                    -0.249714884029
 158                    -0.209870163076                    -0.246243314339
 159                     0.183228574250                    -0.242771744650
 160                     0.576327311577                    -0.239300174960
 161                    -0.518876621811                    -0.232759857537
 162                    -0.125777884484                    -0.229288287848
 163                     0.267320852842                    -0.225816718158
 164                     0.853016889087                    -0.225511362549
 165                     0.660419590169                    -0.222345148469
 166                    -0.931584875685                    -0.219556014028
 167                    -0.434784343219                    -0.215804831045
 168                    -0.041685605893                    -0.212333261356
 169                     0.760683984465                    -0.212258462907
 170                    -0.846275879384                    -0.210536069897
 171                     0.351413131434                    -0.208861691667
 172                    -0.743790801954                    -0.202321374243
 173                    -0.350692064627                    -0.198849804554
 174                     0.934768412893                    -0.198284406845
 175                     0.042406672699                    -0.195378234864
 176                     0.435505410026                    -0.191906665175
 177                    -0.659698523362                    -0.185366347752
 178                    -0.266599786036                    -0.181894778062
 179                     0.126498951291                    -0.178423208373
 180                     0.519597688617                    -0.174951638684
 181                    -0.575606244770                    -0.168411321260
 182                    -0.182507507444                    -0.164939751571
 183                     0.210591229883                    -0.161468181881
 184                     0.603689967209                    -0.157996612192
 185                    -0.491513966179                    -0.151456294769
 186                    -0.098415228852                    -0.147984725079
 187                     0.294683508474                    -0.144513155390
 188                     0.687782245801                    -0.141041585700
 189                     0.856210178342                    -0.139786295353
 190                    -0.800520424913                    -0.137972837967
 191                    -0.913499224470                    -0.135699628092
 192                    -0.407421687587                    -0.134501268277
 193                    -0.014322950260                    -0.131029698588
 194                     0.378775787066                    -0.127558128898
 195                     0.771874524393                    -0.124086559209
 196                    -0.716428146322                    -0.121017811475
 197                    -0.323329408995                    -0.117546241786
 198                     0.069769328331                    -0.114074672096
 199                     0.950212645997                    -0.112853210605
 200                     0.462868065658                    -0.110603102407
 201                    -0.632335867730                    -0.104062784983
 202                    -0.239237130403                    -0.100591215294
 203                     0.153861606923                    -0.097119645605
 204                     0.546960344250                    -0.093648075915
 205                    -0.548243589138                    -0.087107758492
 206                    -0.155144851812                    -0.083636188802
 207                     0.237953885515                    -0.080164619113
 208                     0.631052622842                    -0.076693049424
 209                    -0.857831352637                    -0.070430398837
 210                    -0.464151310546                    -0.070152732000
 211                    -0.071052573220                    -0.066681162311
 212                     0.322046164107                    -0.063209592622
 213                    -0.955179632290                    -0.060721445626
 214                     0.715144901433                    -0.059738022932
 215                     0.883572833974                    -0.058482732585
 216                    -0.773157769281                    -0.056669275198
 217                    -0.380059031954                    -0.053197705509
 218                     0.013039705372                    -0.049726135819
 219                     0.406138442699                    -0.046254566130
 220                     0.799237180025                    -0.042782996441
 221                    -0.689065490689                    -0.039714248707
 222                    -0.295966753363                    -0.036242679017
 223                     0.097131983964                    -0.032771109328
 224                     0.490230721290                    -0.029299539638
 225                    -0.604973212098                    -0.022759222215
 226                    -0.211874474771                    -0.019287652526
 227                     0.181224262555                    -0.015816082836
 228                     0.957003393130                    -0.014132566586
 229                     0.574322999882                    -0.012344513147
 230                    -0.520880933506                    -0.005804195724
 231                    -0.127782196179                    -0.002332626034
 232                     0.265316541147                     0.001138943655
 233                     0.658415278474                     0.004610513345
 234                    -0.830468697004                     0.010873163931
 235                    -0.436788654914                     0.011150830768
 236                    -0.043689917588                     0.014622400457
 237                     0.349408819739                     0.018093970147
 238                     0.742507557066                     0.021565539836
 239                    -0.745795113649                     0.024634287570
 240                    -0.956779919388                     0.025048148773
 241                    -0.352696376322                     0.028105857260
 242                     0.040402361004                     0.031577426949
 243                     0.433501098331                     0.035048996638
 244                     0.835532294547                     0.035226143192
 245                    -0.661702835057                     0.041589314061
 246                    -0.268604097731                     0.045060883751
 247                     0.124494639596                     0.048532453440
 248                     0.517593376923                     0.052004023130
 249                    -0.577610556465                     0.058544340553
 250                    -0.184511819139                     0.062015910243
 251                     0.918849850906                     0.062700313471
 252                     0.208586918188                     0.065487479932
 253                     0.601685655514                     0.068959049621
 254                    -0.887198319964                     0.075221700208
 255                    -0.493518277873                     0.075499367045
 256                    -0.100419540547                     0.078970936734
 257                     0.292679196780                     0.082442506424
 258                     0.685777934106                     0.085914076113
 259                    -0.803106041372                     0.092176726700
 260                    -0.409425999282                     0.092454393536
 261                    -0.016327261955                     0.095925963226
 262                     0.376771475371                     0.099397532915
 263                     0.769870212698                     0.102869102605
 264                    -0.718432458016                     0.105937850339
 265                    -0.325333720690                     0.109409420028
 266                     0.067765016637                     0.112880989717
 267                     0.460863753963                     0.116352559407
 268                     0.854124526051                     0.118999661287
 269                    -0.634340179425                     0.122892876830
 270                    -0.241241442098                     0.126364446519
 271                     0.151857295228                     0.129836016209
 272                     0.544956032555                     0.133307585898
 273                    -0.947339397845                     0.136393875201
 274                    -0.550247900833                     0.139847903322
 275                    -0.157149163506                     0.143319473011
 276                     0.946212506538                     0.144003876239
 277                     0.235949573820                     0.146791042700
 278                     0.629048311147                     0.150262612390
 279                    -0.859835664332                     0.156525262976
 280                    -0.466155622241                     0.156802929813
 281                    -0.073056884915                     0.160274499502
 282                     0.320041852412                     0.163746069192
 283                     0.713140589738                     0.167217638881
 284                    -0.775743385740                     0.173480289468
 285                    -0.382063343649                     0.173757956305
 286                     0.011035393677                     0.177229525994
 287                     0.404134131004                     0.180701095684
 288                     0.797232868330                     0.184172665373
 289                    -0.691069802384                     0.187241413107
 290                    -0.297971065058                     0.190712982796
 291                     0.095127672269                     0.194184552486
 292                     0.488226409595                     0.197656122175
 293                     0.881487181684                     0.200303224055
 294                    -0.606977523792                     0.204196439598
 295                    -0.213878786466                     0.207668009288
 296                     0.179219950861                     0.211139578977
 297                     0.572318688187                     0.214611148667
 298                    -0.931321695264                     0.220669716616
 299                    -0.522885245201                     0.221151466090
 300                    -0.129786507874                     0.224623035779
 301                     0.263312229453                     0.228094605469
 302                     0.656410966779                     0.231566175158
 303                    -0.438792966609                     0.238106492582
 304                    -0.848105616399                     0.241504026309
 305                    -0.045694229282                     0.241578062271
 306                     0.347404508044                     0.245049631960
 307                     0.740503245371                     0.248521201650
 308                    -0.354700688017                     0.255061519073
 309                    -0.764013337808                     0.258459052801
 310                     0.038398049310                     0.258533088763
 311                     0.431496786636                     0.262004658452
 312                     0.828732016836                     0.268114215225
 313                    -0.663707146752                     0.268544975875
 314                    -0.270608409425                     0.272016545565
 315                     0.122490327901                     0.275488115254
 316                     0.515589065228                     0.278959684943
 317                     0.915526620546                     0.279045213134
 318                    -0.579614868160                     0.285500002367
 319                    -0.186516130833                     0.288971572056
 320                     0.206582606493                     0.292443141746
 321                     0.599681343820                     0.295914711435
 322                    -0.495522589568                     0.302455028858
 323                    -0.907141887621                     0.304379175322
 324                    -0.102423852242                     0.305926598548
 325                     0.290674885085                     0.309398168237
 326                     0.683773622411                     0.312869737927
 327                    -0.411430310976                     0.319410055350
 328                    -0.018331573650                     0.322881625039
 329                    -0.821052987363                     0.322911271099
 330                     0.374767163677                     0.326353194729
 331                     0.767865901003                     0.329824764418
 332                    -0.720804834621                     0.332567146114
 333                    -0.327338032385                     0.336365081841
 334                     0.065760704942                     0.339836651531
 335                     0.458859442268                     0.343308221220
 336                    -0.636344491120                     0.349848538643
 337                    -0.243245753793                     0.353320108333
 338                     0.149852983534                     0.356791678022
 339                     0.886863861092                     0.359899591262
 340                     0.542951720860                     0.360263247712
 341                    -0.552252212528                     0.366803565135
 342                    -0.159153475201                     0.370275134824
 343                     0.233945262126                     0.373746704514
 344                     0.627043999452                     0.377218274203
 345                    -0.468159933936                     0.383758591627
 346                    -0.075061196609                     0.387230161316
 347                    -0.873790725450                     0.390570085925
 348                     0.318037540717                     0.390701731005
 349                     0.711478324821                     0.394473242215
 350                    -0.777587465359                     0.396868911942
 351                    -0.384067655344                     0.400713618118
 352                     0.812677957730                     0.402974363282
 353                     0.009031081983                     0.404185187808
 354                     0.402129819309                     0.407656757497
 355                    -0.693442178989                     0.413870708882
 356                    -0.299975376752                     0.417668644610
 357                     0.093123360574                     0.421140214299
 358                     0.486222097900                     0.424611783989
 359                    -0.609048843773                     0.431174622270
 360                    -0.215883098161                     0.434623671101
 361                     0.177215639166                     0.438095240791
 362                     0.570314376492                     0.441566810480
 363                    -0.524889556895                     0.448107127903
 364                    -0.131790819569                     0.451578697593
 365                     0.261307917758                     0.455050267282
 366                     0.654406655083                     0.458521836972
 367                    -0.440797278304                     0.465062154395
 368                    -0.835309795254                     0.467239520861
 369                    -0.047698540977                     0.468533724084
 370                     0.345400196350                     0.472005293774
 371                     0.738319539246                     0.476343512360
 372                    -0.750224809726                     0.478172474710
 373                    -0.356704999712                     0.482017180886
 374                     0.036393737615                     0.485488750576
 375                     0.823294734704                     0.488099378928
 376                     0.429492474941                     0.488960320265
 377                    -0.666146531642                     0.495196792508
 378                    -0.272612721120                     0.498972207378
 379                     0.120486016207                     0.502443777068
 380                     0.513584753533                     0.505915346757
 381                    -0.581619230289                     0.512455619718
 382                    -0.188520442528                     0.515927233869
 383                     0.204578294798                     0.519398803559
 384                    -0.497526901263                     0.529410690672
 385                     0.607395888838                     0.530278175362
 386                    -0.104428163936                     0.532882260361
 387                     0.288670573390                     0.536353830051
 388                    -0.413434622671                     0.546365717163
 389                     0.691308773001                     0.548099850750
 390                    -0.020335885345                     0.549837286853
 391                     0.372762851982                     0.553308856542
 392                     0.776283968460                     0.559855717318
 393                    -0.776239545616                     0.559917307933
 394                    -0.329342344079                     0.563320743655
 395                     0.063756393247                     0.566792313344
 396                     0.456855130574                     0.570263883034
 397                    -0.638716918158                     0.576477789957
 398                    -0.245250065487                     0.580275770146
 399                     0.147848671839                     0.583747339836
 400                     0.542697710170                     0.586608716980
 401                    -0.554256574656                     0.593759182486
 402                    -0.161157786896                     0.597230796638
 403                     0.231940950431                     0.600702366328
 404                    -0.470164245631                     0.610714253440
 405                     0.634787855090                     0.612631781456
 406                    -0.077065508304                     0.614185823130
 407                     0.316033229023                     0.617657392819
 408                    -0.722987289004                     0.627171909320
 409                     0.720635978802                     0.629082004347
 410                    -0.386706814772                     0.630646251149
 411                     0.007026770288                     0.631140849621
 412                     0.400125507614                     0.634612419311
 413                    -0.301979688446                     0.644624306423
 414                     0.091119048880                     0.648095876113
 415                     0.485968087210                     0.650957253257
 416                    -0.217887409855                     0.661579332915
 417                    -0.644617242560                     0.662059157170
 418                     0.175211327471                     0.665050902604
 419                     0.569890715085                     0.668732988761
 420                    -0.546603843411                     0.679201677455
 421                    -0.133966877188                     0.679409613191
 422                     0.259303606063                     0.682005929096
 423                     0.657747313229                     0.695286772376
 424                    -0.049702852672                     0.695489385898
 425                    -0.462511574876                     0.696156753827
 426                     0.344799477402                     0.700171664448
 427                     0.034389425920                     0.712444412390
 428                     0.429238464251                     0.715305789534
 429                    -0.346698065124                     0.717831212036
 430                     0.118481704512                     0.729399438881
 431                    -0.262605786532                     0.734786238528
 432                    -0.607650582937                     0.739470075769
 433                     0.202573983104                     0.746354465373
 434                     0.507065651064                     0.751387824326
 435                     0.592850173224                     0.751387979682
 436                    -0.105533739033                     0.760619228291
 437                    -0.524933249189                     0.762203903860
 438                     0.286709547487                     0.763294911232
 439                    -0.416075682799                     0.768286443754
 440                    -0.189263516339                     0.779282256832
 441                     0.380933316184                     0.786197234097
 442                    -0.024305147363                     0.790637323832
 443                     0.061752081552                     0.793747975157
 444                    -0.339730314548                     0.807406374592
 445                     0.143768215533                     0.823030588464
 446                     0.229979924528                     0.827643447509
 447                     0.474966455346                     0.830940485352
 448                    -0.474199728162                     0.831378278351
 449                    -0.257378266449                     0.831429788504
 450                     0.317106638252                     0.843513369925
 451                    -0.094430026915                     0.845682098095
 452                    -0.178159804222                     0.864345126636
 453                     0.398657206892                     0.870130826540
 454                    -0.397854359911                     0.870498209189
 455                     0.068349422427                     0.879278433682
 456                    -0.017340140934                     0.883313650301
 457                    -0.318312891809                     0.902625130832
 458                     0.188721177576                     0.902854484213
 459                     0.273287196593                     0.917261866688
 460                    -0.236214307614                     0.927500956754
 461                    -0.149811699174                     0.945310361041
 462                     0.117006505444                     0.949928787639
 463                    -0.064567941877                     0.954927329582
 464                     0.028721627173                     0.956370310170
