   1                     0.003607962392                    -0.955581422540
   2                    -0.085134542648                    -0.951788307421
   3                     0.092504114321                    -0.951108705326
   4                     0.180398990930                    -0.938414079490
   5                    -0.193987828109                    -0.935699472619
   6                     0.266735828889                    -0.917614722038
   7                    -0.280013979933                    -0.913650344254
   8                     0.350768969203                    -0.888890269245
   9                    -0.363621755683                    -0.883710359398
  10                     0.045412830223                    -0.875815453164
  11                    -0.129424293178                    -0.874722322667
  12                    -0.041907997806                    -0.859637200739
  13                     0.431772649050                    -0.852488803473
  14                     0.206877472230                    -0.852012587947
  15                    -0.444089066256                    -0.846138098507
  16                    -0.208482462966                    -0.834269032949
  17                     0.121035860725                    -0.829255597958
  18                    -0.296823963807                    -0.825189270382
  19                     0.363343980497                    -0.795883325123
  20                     0.530111996402                    -0.795076129553
  21                     0.274547827619                    -0.794502711745
  22                    -0.133919801509                    -0.786029294395
  23                    -0.554912170140                    -0.777969963395
  24                    -0.375382611352                    -0.771622317290
  25                    -0.046403506137                    -0.770944172467
  26                     0.042935361432                    -0.769773973422
  27                     0.446580097018                    -0.764925098983
  28                    -0.467827989018                    -0.760562831021
  29                     0.601632162574                    -0.742430819316
  30                     0.128629084606                    -0.740773928612
  31                    -0.277072416696                    -0.738606712982
  32                     0.216434394396                    -0.727349899708
  33                    -0.624737223525                    -0.723096246745
  34                    -0.190742048004                    -0.717780520322
  35                     0.303661675349                    -0.710603684757
  36                    -0.103225752632                    -0.702695398394
  37                     0.391177970721                    -0.695518562829
  38                    -0.526445098421                    -0.693849284088
  39                     0.499687570589                    -0.693395169068
  40                    -0.015709457260                    -0.687610276466
  41                    -0.421521993599                    -0.684784089627
  42                     0.667956256654                    -0.683373411621
  43                     0.071806838112                    -0.672525154539
  44                    -0.333894663190                    -0.670357938908
  45                    -0.689166655043                    -0.661977418112
  46                     0.159323133483                    -0.657440032611
  47                     0.583631239223                    -0.655467438415
  48                    -0.247564294498                    -0.649531746248
  49                     0.246839428856                    -0.642354910684
  50                    -0.596270151806                    -0.638975567438
  51                    -0.160047999126                    -0.634446624321
  52                     0.334355724227                    -0.627269788756
  53                    -0.072531703754                    -0.619361502393
  54                     0.728511462234                    -0.618413963222
  55                    -0.480139103002                    -0.618070542693
  56                     0.421872019599                    -0.612184666828
  57                     0.510405500324                    -0.605221503038
  58                     0.014984591617                    -0.604276380465
  59                    -0.390877469938                    -0.601431968905
  60                    -0.747644011779                    -0.595141337973
  61                     0.102500886989                    -0.589191258538
  62                     0.640212705954                    -0.587018914094
  63                    -0.304386540993                    -0.581282972175
  64                     0.190017182361                    -0.574106136610
  65                    -0.216870245621                    -0.566197850247
  66                    -0.636036938882                    -0.559569865472
  67                    -0.546889906397                    -0.559495862963
  68                     0.277533477733                    -0.559021014683
  69                    -0.129353950249                    -0.551112728320
  70                     0.365049773105                    -0.543935892755
  71                    -0.041837654877                    -0.536027606392
  72                    -0.449494579341                    -0.534718421971
  73                     0.709634921937                    -0.531636436836
  74                     0.452566068477                    -0.528850770828
  75                     0.798220155699                    -0.525365932992
  76                    -0.799664246662                    -0.523165244568
  77                     0.541099549201                    -0.521887607037
  78                     0.045678640495                    -0.520942484464
  79                    -0.363003622479                    -0.514569398493
  80                    -0.711474873824                    -0.512710705953
  81                     0.133194935867                    -0.505857362537
  82                     0.626961181716                    -0.499206272837
  83                    -0.273692492115                    -0.497949076174
  84                     0.220711231239                    -0.490772240609
  85                    -0.186176196743                    -0.482863954246
  86                    -0.591527184411                    -0.482722324092
  87                     0.308227526610                    -0.475687118682
  88                    -0.098659901371                    -0.467778832319
  89                    -0.504506200075                    -0.465001964493
  90                     0.395743821982                    -0.460601996754
  91                    -0.011143606000                    -0.452693710391
  92                     0.843544522100                    -0.448996013066
  93                     0.740702747553                    -0.448441166113
  94                     0.483260117354                    -0.445516874827
  95                    -0.418031033982                    -0.444785424028
  96                    -0.829886939935                    -0.439659246756
  97                     0.076372689372                    -0.437608588463
  98                     0.570776412726                    -0.430431752899
  99                    -0.330514738610                    -0.429700302101
 100                    -0.738395045964                    -0.428082299427
 101                     0.163888984744                    -0.422523466536
 102                    -0.650383958156                    -0.416220120793
 103                     0.658292708098                    -0.415346630971
 104                    -0.242998443238                    -0.414615180173
 105                     0.251405280116                    -0.407438344608
 106                    -0.155482147866                    -0.399530058245
 107                    -0.563362973819                    -0.398499761195
 108                     0.338921575488                    -0.392353222681
 109                    -0.067965852494                    -0.384444936318
 110                    -0.476570061482                    -0.378003351748
 111                     0.426437870860                    -0.377268100753
 112                     0.792514264869                    -0.376314683234
 113                     0.019550442878                    -0.369359814390
 114                     0.881734175357                    -0.368258622455
 115                    -0.882000205852                    -0.367750482516
 116                     0.513954166232                    -0.362182978826
 117                    -0.387336985104                    -0.361451528027
 118                    -0.793668756306                    -0.358573452477
 119                     0.107066738250                    -0.354274692462
 120                     0.601470461603                    -0.347097856898
 121                    -0.299820689732                    -0.346366406100
 122                    -0.705635144056                    -0.344998093594
 123                     0.194583033622                    -0.339189570535
 124                     0.709297498554                    -0.337487125589
 125                    -0.212304394360                    -0.331281284172
 126                    -0.618130343584                    -0.328591263370
 127                     0.282099328993                    -0.324104448607
 128                    -0.124788098988                    -0.316196162244
 129                     0.369615624365                    -0.309019326680
 130                    -0.531675526971                    -0.308287875882
 131                    -0.037271803617                    -0.301111040317
 132                     0.457131919737                    -0.293934204752
 133                    -0.444159231599                    -0.293202753954
 134                     0.799418071494                    -0.287776554085
 135                     0.050244491755                    -0.286025918389
 136                    -0.850800334995                    -0.284604641263
 137                     0.906474820735                    -0.281895304395
 138                     0.544648215109                    -0.278849082825
 139                    -0.356642936227                    -0.278117632026
 140                    -0.762468885449                    -0.275427611224
 141                     0.137760787127                    -0.270940796462
 142                     0.632164510481                    -0.263763960897
 143                    -0.269126640855                    -0.263032510099
 144                    -0.674952590078                    -0.260342489296
 145                     0.225277082499                    -0.255855674534
 146                     0.719680805853                    -0.248678838970
 147                    -0.181610345483                    -0.247947388171
 148                     0.312793377871                    -0.240770552606
 149                    -0.588497773464                    -0.240039101808
 150                    -0.925749110915                    -0.236967010684
 151                    -0.094094050111                    -0.232862266243
 152                     0.400309673243                    -0.225685430679
 153                    -0.500981478093                    -0.224953979880
 154                    -0.006577754739                    -0.217777144316
 155                     0.847455439139                    -0.213083353800
 156                     0.487825968615                    -0.210600308751
 157                    -0.413465182721                    -0.209868857953
 158                     0.080938540633                    -0.202692022388
 159                     0.934920885165                    -0.197706143040
 160                    -0.842591497103                    -0.195649907375
 161                     0.575342263987                    -0.195515186824
 162                    -0.325948887349                    -0.194783736025
 163                    -0.731774836573                    -0.192093715223
 164                     0.168454836005                    -0.187606900461
 165                     0.662858559359                    -0.180430064896
 166                    -0.238432591977                    -0.179698614098
 167                     0.767718173498                    -0.173985638684
 168                     0.255971131377                    -0.172521778533
 169                    -0.645320019959                    -0.171790327735
 170                    -0.150916296605                    -0.164613492170
 171                     0.343487426748                    -0.157436656605
 172                    -0.557803724587                    -0.156705205807
 173                    -0.063400001233                    -0.149528370242
 174                    -0.923153960008                    -0.148198051859
 175                     0.431003722120                    -0.142351534678
 176                    -0.470287429215                    -0.141620083879
 177                     0.024116294138                    -0.134443248315
 178                     0.518520017492                    -0.127266412750
 179                    -0.382771133844                    -0.126534961952
 180                     0.861436381864                    -0.125383889151
 181                    -0.788597083067                    -0.123844941149
 182                     0.111632589510                    -0.119358126387
 183                     0.606036312864                    -0.112181290823
 184                    -0.295254838472                    -0.111449840024
 185                     0.949237271722                    -0.110060812674
 186                     0.199148884882                    -0.104273004460
 187                    -0.702142266453                    -0.103541553661
 188                     0.693552608236                    -0.097096168895
 189                    -0.207738543100                    -0.096364718097
 190                     0.286665180254                    -0.089187882532
 191                    -0.614625971082                    -0.088456431734
 192                     0.781699116223                    -0.086286174035
 193                    -0.120222247728                    -0.081279596169
 194                    -0.865968927969                    -0.080252963957
 195                     0.374181475626                    -0.074102760604
 196                    -0.527109675710                    -0.073371309806
 197                    -0.032705952356                    -0.066194474241
 198                    -0.953403616174                    -0.064701817447
 199                     0.461697770998                    -0.059017638677
 200                    -0.439593380338                    -0.058286187878
 201                     0.054810343016                    -0.051109352314
 202                     0.549214066369                    -0.043932516749
 203                    -0.352077084966                    -0.043201065951
 204                     0.892130430740                    -0.042049993150
 205                    -0.768479045452                    -0.037216276880
 206                     0.142326638388                    -0.036024230386
 207                     0.636730361742                    -0.028847394822
 208                    -0.264560789594                    -0.028115944023
 209                     0.229842933760                    -0.020939108459
 210                    -0.671448217576                    -0.020207657660
 211                     0.724246657113                    -0.013762272894
 212                    -0.177044494222                    -0.013030822096
 213                     0.317359229132                    -0.005853986531
 214                    -0.583931922204                    -0.005122535733
 215                     0.812393165100                    -0.002952278034
 216                    -0.089528198850                     0.002054299832
 217                    -0.896218584135                     0.003243270455
 218                     0.404875524503                     0.009231135397
 219                    -0.496415626832                     0.009962586195
 220                    -0.002011903478                     0.017139421759
 221                     0.955381171934                     0.020287849270
 222                     0.492391819875                     0.024316257324
 223                    -0.408899331461                     0.025047708123
 224                     0.085504391893                     0.032224543687
 225                     0.579908115247                     0.039401379252
 226                    -0.321383036088                     0.040132830050
 227                    -0.816949748055                     0.043282182598
 228                     0.173020687265                     0.047309665615
 229                    -0.728270464070                     0.048041116414
 230                     0.667424410619                     0.054486501179
 231                    -0.233866740717                     0.055217951978
 232                     0.875643906293                     0.059385564386
 233                     0.260536982637                     0.062394787542
 234                    -0.640754168698                     0.063126238341
 235                    -0.146350445345                     0.070303073905
 236                    -0.952910360223                     0.071600460151
 237                     0.766897798027                     0.074420338570
 238                     0.348053278009                     0.077479909470
 239                    -0.553237873327                     0.078211360268
 240                    -0.058834149973                     0.085388195833
 241                     0.435569573381                     0.092565031398
 242                    -0.465721577955                     0.093296482196
 243                     0.028682145399                     0.100473317760
 244                     0.523085868753                     0.107650153325
 245                    -0.378205282583                     0.108381604124
 246                     0.949372153634                     0.108891204502
 247                    -0.873854270509                     0.112057814713
 248                     0.116198440771                     0.115558439688
 249                     0.610602164124                     0.122735275253
 250                    -0.290688987211                     0.123466726051
 251                    -0.786248341960                     0.126613368375
 252                     0.203714736143                     0.130643561616
 253                    -0.697569512215                     0.131380759073
 254                     0.698118459496                     0.137820397180
 255                    -0.203172691839                     0.138551847979
 256                     0.291231031515                     0.145728683543
 257                    -0.610197828474                     0.147282071579
 258                     0.869634887993                     0.147988919618
 259                    -0.115656396467                     0.153636969906
 260                     0.378747326887                     0.160813805471
 261                    -0.522543824449                     0.161545256269
 262                     0.782544956158                     0.165367257630
 263                    -0.028140101096                     0.168722091834
 264                    -0.940144280019                     0.171153478668
 265                     0.466263622258                     0.175898927399
 266                    -0.435027529077                     0.176630378197
 267                     0.059376194277                     0.183807213761
 268                     0.553779917630                     0.190984049326
 269                    -0.347511233706                     0.191715500124
 270                     0.146892489648                     0.198892335689
 271                    -0.855820929026                     0.199014478944
 272                     0.641296213002                     0.206069171254
 273                    -0.259994938334                     0.206800622052
 274                     0.931951603909                     0.211260475443
 275                    -0.768215000478                     0.213570032605
 276                     0.234408785020                     0.213977457617
 277                    -0.679536170732                     0.218337423304
 278                    -0.172478642962                     0.221885743980
 279                     0.321925080392                     0.229062579544
 280                    -0.586940971104                     0.232989605930
 281                     0.845998471269                     0.233592556594
 282                    -0.084962347590                     0.236970865907
 283                     0.409441375764                     0.244147701472
 284                    -0.491849775572                     0.244879152271
 285                     0.750694915976                     0.248266219020
 286                     0.002553947782                     0.252055987835
 287                     0.496957671136                     0.259232823400
 288                    -0.404333480200                     0.259964274198
 289                    -0.918133901116                     0.264266440604
 290                     0.090070243154                     0.267141109762
 291                     0.584473966508                     0.274317945327
 292                    -0.316817184828                     0.275049396125
 293                     0.177586538526                     0.282226231690
 294                    -0.831332541789                     0.284378298855
 295                     0.671990261880                     0.289403067255
 296                    -0.229300889456                     0.290134518053
 297                     0.908315187185                     0.296864112420
 298                    -0.737939512092                     0.297056903802
 299                     0.265102833898                     0.297311353618
 300                    -0.645027693209                     0.300165461520
 301                    -0.141784594084                     0.305219639980
 302                     0.352619129270                     0.312396475545
 303                    -0.548672022066                     0.313127926344
 304                     0.809695830162                     0.314640573891
 305                    -0.054268298712                     0.320304761908
 306                     0.440135424641                     0.327481597473
 307                    -0.461155726694                     0.328213048271
 308                     0.033247996659                     0.335389883836
 309                     0.527651720013                     0.342566719401
 310                    -0.373639431323                     0.343298170199
 311                     0.120764292031                     0.350475005763
 312                    -0.888154788284                     0.352627072928
 313                     0.615168015385                     0.357651841329
 314                    -0.286123135951                     0.358383292126
 315                    -0.794761758586                     0.365305677875
 316                     0.208280587403                     0.365560127691
 317                     0.705753921138                     0.372833374231
 318                    -0.198606840579                     0.373468414054
 319                    -0.694013916168                     0.374239835088
 320                     0.876833991726                     0.379903845028
 321                     0.295796882775                     0.380645249619
 322                    -0.605494268561                     0.381376700417
 323                    -0.111090545207                     0.388553535982
 324                     0.383313178147                     0.395730371546
 325                    -0.517977973189                     0.396461822345
 326                     0.790664056363                     0.401384187173
 327                    -0.023574249835                     0.403638657909
 328                     0.470829473519                     0.410815493474
 329                    -0.430461677817                     0.411546944272
 330                     0.063942045537                     0.418723779837
 331                     0.558345768891                     0.425900615402
 332                    -0.342945382445                     0.426632066200
 333                    -0.851584005081                     0.433554451948
 334                     0.151458340909                     0.433808901764
 335                     0.645862064262                     0.440985737330
 336                    -0.255429087073                     0.441717188127
 337                    -0.750836162662                     0.442488609161
 338                     0.238974636281                     0.448894023692
 339                    -0.167912791701                     0.456802310055
 340                    -0.663319867290                     0.457573731089
 341                     0.326490931652                     0.463979145619
 342                    -0.574800219683                     0.464710596418
 343                     0.730783663519                     0.466966207667
 344                    -0.080396496329                     0.471887431982
 345                     0.414007227024                     0.479064267547
 346                    -0.487283924311                     0.479795718346
 347                     0.824180146925                     0.483623682141
 348                     0.007119799042                     0.486972553910
 349                     0.501523522396                     0.494149389475
 350                    -0.399767628940                     0.494880840273
 351                     0.094636094414                     0.502057675838
 352                    -0.312251333568                     0.509965962201
 353                    -0.807658409156                     0.510737383234
 354                     0.593650553320                     0.513053650992
 355                     0.182152389786                     0.517142797765
 356                    -0.224735038196                     0.525051084128
 357                    -0.720142113784                     0.525822505162
 358                     0.269668685158                     0.532227919693
 359                    -0.137218742824                     0.540136206056
 360                    -0.632625818413                     0.540907627090
 361                     0.687919887512                     0.544743836619
 362                     0.357184980530                     0.547313041621
 363                    -0.544106170806                     0.548044492419
 364                    -0.049702447452                     0.555221327983
 365                     0.775724809230                     0.558046414609
 366                     0.444701275901                     0.562398163548
 367                    -0.456589875434                     0.563129614346
 368                     0.037813847920                     0.570306449911
 369                     0.532217571273                     0.577483285476
 370                    -0.369073580062                     0.578214736274
 371                     0.125330143291                     0.585391571839
 372                    -0.281557284690                     0.593299858202
 373                     0.618190493736                     0.599739059165
 374                     0.212846438663                     0.600476693766
 375                    -0.194040989318                     0.608384980129
 376                    -0.732423134437                     0.613776125843
 377                     0.300362734035                     0.615561815694
 378                    -0.106524693946                     0.623470102056
 379                    -0.601931769536                     0.624241523091
 380                     0.719319266392                     0.628995618374
 381                     0.387879029407                     0.630646937622
 382                    -0.513412121929                     0.631378388420
 383                    -0.019008398575                     0.638555223984
 384                     0.475395324778                     0.645732059549
 385                    -0.425895826557                     0.646463510348
 386                     0.068507896797                     0.653640345912
 387                    -0.338379531185                     0.661548632275
 388                     0.561368247241                     0.667987833237
 389                     0.156024192169                     0.668725467840
 390                    -0.250863235813                     0.676633754203
 391                    -0.672281581701                     0.679118734405
 392                     0.243540487541                     0.683810589767
 393                    -0.163346940441                     0.691718876130
 394                     0.656663768809                     0.694217132711
 395                     0.331056782912                     0.698895711695
 396                    -0.075830645069                     0.706803998058
 397                    -0.589876822237                     0.712226414435
 398                     0.418573078284                     0.713980833623
 399                    -0.483032632758                     0.715301713450
 400                     0.011685650303                     0.721889119986
 401                    -0.395201777679                     0.729797406348
 402                     0.099201945675                     0.736974241913
 403                    -0.307685482308                     0.744882528276
 404                     0.500519486977                     0.748207270212
 405                     0.186718241046                     0.752059363841
 406                     0.589231532067                     0.752310429365
 407                    -0.218639810878                     0.761212482584
 408                     0.274234536418                     0.767144485769
 409                     0.366889029431                     0.786361159733
 410                    -0.541998169828                     0.787021451052
 411                    -0.133913285520                     0.787822231926
 412                    -0.045136596192                     0.790137894058
 413                     0.042082430577                     0.806856294730
 414                    -0.379383840610                     0.817184223009
 415                     0.129895994552                     0.820308137914
 416                    -0.276944597349                     0.828199158376
 417                     0.470451717423                     0.831769175966
 418                    -0.466596036796                     0.833938198525
 419                     0.216963497989                     0.838359244033
 420                     0.305015685820                     0.850446248659
 421                    -0.192444160810                     0.855518365610
 422                    -0.105150438004                     0.871842238246
 423                     0.391204475820                     0.871850812130
 424                    -0.016373748675                     0.874157900378
 425                    -0.335897962740                     0.894615749437
 426                     0.087594243395                     0.898392865667
 427                     0.252076874211                     0.921749439925
 428                    -0.251397526201                     0.921934956672
 429                    -0.162377332500                     0.939951295951
 430                     0.165419499664                     0.941170106646
 431                    -0.069278853236                     0.953081959229
 432                     0.019497836093                     0.955397621360
