   1                     0.026893510284                    -0.955968059895
   2                    -0.058695304552                    -0.955403383230
   3                     0.112331725098                    -0.950590525411
   4                    -0.166281981955                    -0.942651083881
   5                     0.218955357718                    -0.931825796375
   6                    -0.325956873102                    -0.899996044626
   7                    -0.240366448729                    -0.899787861096
   8                     0.290329812434                    -0.884587556582
   9                    -0.104688524510                    -0.883220367204
  10                     0.375815176292                    -0.880342954043
  11                    -0.018117349960                    -0.880042958033
  12                     0.067441698924                    -0.877716321232
  13                     0.154152123189                    -0.875912426961
  14                    -0.405048552422                    -0.867281058045
  15                     0.447564853788                    -0.833676607882
  16                    -0.480901683257                    -0.827631762625
  17                    -0.327274891335                    -0.814415515808
  18                    -0.237989204438                    -0.814230203377
  19                    -0.152388219820                    -0.811961978381
  20                    -0.064110569918                    -0.807859942007
  21                     0.022647247907                    -0.804783329775
  22                     0.109262097015                    -0.803038222781
  23                     0.196685539923                    -0.801638120867
  24                     0.526105011640                    -0.799658852381
  25                     0.282246409819                    -0.799379442609
  26                     0.371275773763                    -0.794872737538
  27                    -0.552909785120                    -0.781365172619
  28                     0.595433641224                    -0.749466171593
  29                    -0.459244208326                    -0.744826461681
  30                    -0.373685156561                    -0.742499930805
  31                    -0.282783612663                    -0.741297185639
  32                    -0.197181503898                    -0.738993937778
  33                    -0.111622453649                    -0.736667351178
  34                    -0.023345972051                    -0.732600313750
  35                     0.064467645998                    -0.730105231325
  36                     0.151795513749                    -0.728763916687
  37                     0.237506149647                    -0.726408858566
  38                     0.323067019543                    -0.724150180307
  39                     0.413826171285                    -0.720608158124
  40                     0.499386928408                    -0.718345211993
  41                    -0.582516995364                    -0.701058403376
  42                    -0.666887831915                    -0.686659583132
  43                    -0.502409067649                    -0.670917335017
  44                    -0.329193877889                    -0.669381600636
  45                    -0.416849967087                    -0.668590775642
  46                     0.620231893197                    -0.667546633119
  47                    -0.241975912122                    -0.666060920039
  48                    -0.156416861874                    -0.663734333439
  49                    -0.070857813051                    -0.661407694403
  50                     0.018474426040                    -0.657922215299
  51                     0.107001062732                    -0.655830925231
  52                     0.192616123474                    -0.653534654386
  53                     0.278330236903                    -0.651181483332
  54                     0.365617417064                    -0.649885600894
  55                     0.703750345538                    -0.648826798630
  56                     0.452918508924                    -0.644466492641
  57                     0.538479266048                    -0.642203546510
  58                    -0.725559661316                    -0.624342807546
  59                    -0.632153868434                    -0.608433526952
  60                    -0.547203427138                    -0.597984287345
  61                    -0.461644375334                    -0.595657757917
  62                    -0.372358688415                    -0.595472445472
  63                    -0.286799636602                    -0.593145916038
  64                    -0.201211270098                    -0.590801315700
  65                    -0.115652221275                    -0.588474676664
  66                    -0.029037414960                    -0.586729595952
  67                     0.061007842774                    -0.583647909205
  68                     0.758895285005                    -0.583368416921
  69                     0.147821672456                    -0.580601662930
  70                     0.233440210723                    -0.578307279149
  71                     0.319147522842                    -0.575950417587
  72                     0.404709754704                    -0.573743935410
  73                     0.664701301373                    -0.572662921138
  74                     0.493739118649                    -0.569237230339
  75                     0.579299875772                    -0.566974284208
  76                    -0.778430309281                    -0.557034125577
  77                    -0.690825697835                    -0.546116751366
  78                    -0.592589875385                    -0.525418218137
  79                    -0.506438734824                    -0.522724710245
  80                    -0.417153096662                    -0.522539427747
  81                    -0.331593996101                    -0.520212868372
  82                    -0.246034945846                    -0.517886281741
  83                    -0.160446674197                    -0.515541686378
  84                    -0.073831823185                    -0.513796578213
  85                     0.807972509474                    -0.513245737828
  86                     0.013496001774                    -0.512455289858
  87                     0.101828452498                    -0.508418646904
  88                     0.719846240840                    -0.507204539430
  89                     0.188645759705                    -0.505374287693
  90                     0.274257496669                    -0.503076213407
  91                     0.359968132567                    -0.500721155285
  92                     0.445530364428                    -0.498514673109
  93                     0.534559728373                    -0.494007968038
  94                     0.620468396775                    -0.491879131529
  95                    -0.743696345800                    -0.478808069396
  96                    -0.829961397387                    -0.476867713710
  97                    -0.655997936004                    -0.467927506424
  98                    -0.551178882312                    -0.449758394130
  99                    -0.461947456151                    -0.449606380075
 100                    -0.376388404348                    -0.447279850647
 101                    -0.290829354100                    -0.444953264020
 102                    -0.205270305277                    -0.442626624961
 103                    -0.118626276107                    -0.440863587926
 104                    -0.031298406451                    -0.439522272119
 105                     0.054316611498                    -0.437226027557
 106                     0.768923465308                    -0.437081860337
 107                     0.142652539747                    -0.433191271667
 108                     0.854819179460                    -0.430340659071
 109                     0.679947362113                    -0.430331793664
 110                     0.229463045651                    -0.430143221951
 111                     0.315078106393                    -0.427846951105
 112                     0.400788742291                    -0.425491892984
 113                     0.486350974153                    -0.423285410808
 114                     0.575380338098                    -0.418778705736
 115                    -0.785136352528                    -0.403918217433
 116                    -0.870524280788                    -0.398030451124
 117                    -0.700060477876                    -0.394544870277
 118                    -0.614502620630                    -0.392174817912
 119                    -0.506687603640                    -0.376640063960
 120                    -0.421128551836                    -0.374313534532
 121                    -0.335569501588                    -0.371986947905
 122                    -0.250010452766                    -0.369660308846
 123                    -0.163449907188                    -0.367948526509
 124                    -0.076092859373                    -0.366589281833
 125                     0.009522203273                    -0.364293009818
 126                     0.095140698747                    -0.361998652320
 127                     0.805729892994                    -0.359809284569
 128                     0.183469825693                    -0.357960205925
 129                     0.634722983839                    -0.357100391224
 130                     0.270283655376                    -0.354913959649
 131                     0.720283740963                    -0.354837445093
 132                     0.355898716118                    -0.352617688804
 133                     0.890793490165                    -0.350325165159
 134                     0.441609352016                    -0.350262630682
 135                     0.527171583877                    -0.348056148506
 136                    -0.817211461256                    -0.324564884265
 137                    -0.902599389516                    -0.318677117956
 138                    -0.732135586604                    -0.315191537109
 139                    -0.646577729358                    -0.312821484744
 140                    -0.561018421314                    -0.310504397822
 141                    -0.465868699235                    -0.301347218362
 142                    -0.380309648987                    -0.299020631735
 143                    -0.294750600164                    -0.296693992676
 144                    -0.208190054676                    -0.294982210394
 145                    -0.120916490454                    -0.293674220416
 146                    -0.035272249649                    -0.291360019531
 147                     0.050346290522                    -0.289065634581
 148                     0.135957984693                    -0.286767586578
 149                     0.224290435417                    -0.282730943623
 150                     0.311104265100                    -0.279684697348
 151                     0.833462557387                    -0.278836058066
 152                     0.576894891109                    -0.278390110851
 153                     0.396719325842                    -0.277388426502
 154                     0.662455648233                    -0.276127164721
 155                     0.482429961740                    -0.275033368381
 156                     0.748016405356                    -0.273864218589
 157                     0.918526154558                    -0.269351938655
 158                    -0.782791080685                    -0.246200341989
 159                    -0.691402918675                    -0.239907381256
 160                    -0.873248067971                    -0.238276471141
 161                    -0.605804731473                    -0.237566406987
 162                    -0.520245424190                    -0.235249292011
 163                    -0.425049796385                    -0.226054315565
 164                    -0.339490747563                    -0.223727676506
 165                    -0.252930202075                    -0.222015894224
 166                    -0.165656637943                    -0.220707904301
 167                    -0.080095880729                    -0.218444958114
 168                     0.005551837600                    -0.216132644294
 169                     0.091163576468                    -0.213834568839
 170                     0.176778594418                    -0.211538324276
 171                     0.265111045142                    -0.207501681322
 172                     0.532196500863                    -0.205398207231
 173                     0.351924874825                    -0.204455435046
 174                     0.617757257986                    -0.203135261100
 175                     0.437539935567                    -0.202159164201
 176                     0.703318015110                    -0.200872314969
 177                     0.788880053039                    -0.198658325317
 178                     0.874429285382                    -0.195995069764
 179                    -0.939367812704                    -0.183926278491
 180                    -0.821687997436                    -0.169958660791
 181                    -0.736150372832                    -0.166945545814
 182                    -0.650591065548                    -0.164628430837
 183                    -0.565031758264                    -0.162311315861
 184                    -0.479472450981                    -0.159994200885
 185                    -0.384230894961                    -0.150761360336
 186                    -0.297670349474                    -0.149049578054
 187                     0.945618783199                    -0.148478551737
 188                    -0.210396785342                    -0.147741588131
 189                    -0.124836028218                    -0.145478641999
 190                    -0.039272736734                    -0.143217071004
 191                     0.046369123546                    -0.140901578552
 192                     0.131984186193                    -0.138605306537
 193                     0.217599204142                    -0.136309061975
 194                     0.487306474690                    -0.132524003051
 195                     0.305931654866                    -0.132272419021
 196                     0.573017110588                    -0.130168944930
 197                     0.392745484549                    -0.129226172745
 198                     0.658577867712                    -0.127905998798
 199                     0.744138624835                    -0.125643052667
 200                     0.829689363018                    -0.123028615612
 201                    -0.952042225209                    -0.099279226845
 202                    -0.866481239841                    -0.097024927035
 203                    -0.780944318145                    -0.093965656655
 204                    -0.695377399623                    -0.091690454687
 205                    -0.609818092339                    -0.089373339711
 206                    -0.524258785055                    -0.087056224735
 207                    -0.438699477772                    -0.084739109758
 208                    -0.342410496873                    -0.076083261884
 209                    -0.255136932741                    -0.074775271960
 210                    -0.169576175617                    -0.072512325829
 211                    -0.084015264576                    -0.070249463216
 212                     0.001545492548                    -0.067986517085
 213                     0.087189733271                    -0.065672316251
 214                     0.955101734642                    -0.063414824352
 215                     0.172804795917                    -0.063376044236
 216                     0.258419813867                    -0.061079799673
 217                     0.442512023672                    -0.059591011595
 218                     0.528127084415                    -0.057294740749
 219                     0.346752264591                    -0.057043156719
 220                     0.613837720313                    -0.054939682628
 221                     0.699398477436                    -0.052676736496
 222                     0.784949215619                    -0.050062299442
 223                     0.870509972742                    -0.047799353310
 224                    -0.911214013428                    -0.024054090039
 225                    -0.825678304145                    -0.020987084650
 226                    -0.740117547021                    -0.018724138517
 227                    -0.654558239738                    -0.016407023540
 228                    -0.568998932454                    -0.014089908564
 229                    -0.483439625170                    -0.011772793588
 230                    -0.396879079683                    -0.010061011306
 231                    -0.299877080139                    -0.001808955790
 232                    -0.214316323016                     0.000453990341
 233                    -0.128755411975                     0.002716852954
 234                    -0.043194654851                     0.004979799085
 235                     0.042366102272                     0.007242745217
 236                     0.128010342995                     0.009556946051
 237                     0.213625405642                     0.011853218066
 238                     0.396518803714                     0.012592004431
 239                     0.299240423591                     0.014149462629
 240                     0.483332633397                     0.015638250707
 241                     0.926238975088                     0.017162499975
 242                     0.568947694140                     0.017934521552
 243                     0.654503619327                     0.020373322505
 244                     0.740059544514                     0.022812123457
 245                     0.825850795510                     0.025216548894
 246                    -0.955954160825                     0.048912226132
 247                    -0.870418451542                     0.051979231522
 248                    -0.784857694419                     0.054242177654
 249                    -0.699298387135                     0.056559292631
 250                    -0.613739079851                     0.058876407607
 251                    -0.528179772567                     0.061193522582
 252                    -0.441619227081                     0.062905304864
 253                    -0.354345662950                     0.064213294788
 254                    -0.259056470414                     0.073420306511
 255                    -0.173495559374                     0.075683169124
 256                    -0.087934802250                     0.077946115255
 257                    -0.002374045127                     0.080209061387
 258                     0.083186711997                     0.082472007518
 259                     0.349006962715                     0.083784623779
 260                     0.168830952720                     0.084786208352
 261                     0.254446015366                     0.087082480368
 262                     0.437339413439                     0.087821266733
 263                     0.524153243122                     0.090867513008
 264                     0.609709168309                     0.093306313961
 265                     0.695265093496                     0.095745114913
 266                     0.780880458168                     0.098041220840
 267                     0.952096874843                     0.098753756277
 268                     0.866521324207                     0.100556365887
 269                    -0.829597841818                     0.127208493824
 270                    -0.744038534534                     0.129525608801
 271                    -0.658479227250                     0.131842723777
 272                    -0.947763288415                     0.134110076421
 273                    -0.572919919966                     0.134159838752
 274                    -0.486359374480                     0.135871621035
 275                    -0.399085810348                     0.137179610958
 276                    -0.313525053225                     0.139442557089
 277                    -0.218235706772                     0.148649485294
 278                    -0.132674949649                     0.150912431426
 279                    -0.047114192526                     0.153175377557
 280                     0.038446564598                     0.155438323688
 281                     0.304212554490                     0.156717641517
 282                     0.124007321721                     0.157701269820
 283                     0.389827572439                     0.159013886080
 284                     0.209651562444                     0.160015470654
 285                     0.478160023163                     0.163050529034
 286                     0.564819142136                     0.166180518141
 287                     0.650375067323                     0.168619319093
 288                     0.735930992510                     0.171058120045
 289                     0.821490045530                     0.173384604751
 290                     0.939469183051                     0.183407790350
 291                    -0.885075394315                     0.192385217074
 292                    -0.788824868609                     0.202463584950
 293                    -0.703265561325                     0.204780699927
 294                    -0.617673558209                     0.207122218312
 295                    -0.531099521879                     0.208837937205
 296                    -0.443825957747                     0.210145927128
 297                    -0.358265200623                     0.212408873259
 298                    -0.272704289583                     0.214671735872
 299                    -0.177415097048                     0.223878747596
 300                    -0.091854339924                     0.226141693727
 301                    -0.006293582801                     0.228404639858
 302                     0.259418101568                     0.229650631804
 303                     0.079267174322                     0.230667585990
 304                     0.345033164215                     0.231946903819
 305                     0.164827931446                     0.232930532121
 306                     0.430648182164                     0.234243148382
 307                     0.518825922177                     0.238363534167
 308                     0.875246978547                     0.239987579438
 309                     0.605485041150                     0.241493523273
 310                     0.691040966337                     0.243932324226
 311                     0.776695724105                     0.246317675869
 312                    -0.917915719263                     0.271424935837
 313                    -0.832452831927                     0.276100293877
 314                    -0.746893524643                     0.278417408853
 315                    -0.575839519990                     0.281804344912
 316                    -0.661422613637                     0.282943716015
 317                    -0.488566105145                     0.283112243299
 318                    -0.403005348022                     0.285375189430
 319                    -0.317444436981                     0.287638052042
 320                    -0.231883679858                     0.289900998174
 321                    -0.136594487323                     0.299108009897
 322                    -0.051033730200                     0.301370956029
 323                     0.214594470569                     0.302565693271
 324                     0.034527026923                     0.303633902160
 325                     0.300238711293                     0.304879894105
 326                     0.120087784047                     0.305896848292
 327                     0.385853773939                     0.307176166120
 328                     0.471409561741                     0.309619781946
 329                     0.559491821191                     0.313676539299
 330                     0.644899405860                     0.319271945067
 331                     0.730487845257                     0.319890917079
 332                     0.901629601501                     0.321410679912
 333                     0.816043834212                     0.322327479945
 334                    -0.890000318717                     0.352335346150
 335                    -0.533306103257                     0.356078651006
 336                    -0.804537431381                     0.357010704190
 337                    -0.447745346133                     0.358341597137
 338                    -0.718978124097                     0.359327819166
 339                    -0.362184584380                     0.360604368213
 340                    -0.276623827257                     0.362867314344
 341                    -0.633507213091                     0.363854126328
 342                    -0.191063070133                     0.365130260475
 343                    -0.095773877599                     0.374337272199
 344                     0.169854323170                     0.375532009441
 345                    -0.010213120475                     0.376600218330
 346                     0.255415080294                     0.377794955573
 347                     0.075347636648                     0.378863164462
 348                     0.341059321017                     0.380109156407
 349                     0.426615108819                     0.382552772233
 350                     0.512170901856                     0.384996204736
 351                     0.612110991143                     0.398333212101
 352                     0.698172430099                     0.399146693069
 353                     0.869314186343                     0.400666455903
 354                     0.783728419055                     0.401583255936
 355                    -0.578046250656                     0.429044967176
 356                    -0.492485493532                     0.431307913307
 357                    -0.853739189026                     0.432751780830
 358                    -0.406924736408                     0.433570859439
 359                    -0.768129320837                     0.434471749699
 360                    -0.680387031091                     0.435724753825
 361                    -0.321363974655                     0.435833630514
 362                    -0.235803217532                     0.438096576645
 363                    -0.150242460409                     0.440359522777
 364                     0.125114175772                     0.448498325611
 365                    -0.054953267874                     0.449566534500
 366                     0.210674932895                     0.450761271743
 367                     0.030607489249                     0.451829480632
 368                     0.296235690019                     0.453024217874
 369                     0.381791477820                     0.455467833700
 370                     0.467347270858                     0.457911266203
 371                     0.552991511581                     0.460225467037
 372                     0.654442400140                     0.472722834341
 373                     0.743138677653                     0.476937333315
 374                     0.829661812781                     0.477037869267
 375                    -0.624753258902                     0.500768181447
 376                    -0.537225640931                     0.504274229477
 377                    -0.451664883808                     0.506537175609
 378                    -0.725307534871                     0.508580175208
 379                    -0.810898206979                     0.508610716936
 380                    -0.366104126684                     0.508800121740
 381                    -0.280543364931                     0.511062892816
 382                    -0.194982607808                     0.513325838947
 383                    -0.109421850684                     0.515588785078
 384                     0.080374028373                     0.521464641781
 385                     0.165934785496                     0.523727587913
 386                    -0.014132658150                     0.524795796802
 387                     0.251495542620                     0.525990534045
 388                     0.337051330422                     0.528434149871
 389                     0.422607123459                     0.530877582374
 390                     0.508167880583                     0.533140528505
 391                     0.595322920578                     0.534615089277
 392                     0.695317473295                     0.547922518378
 393                     0.780703049031                     0.553844303660
 394                    -0.669673762682                     0.573623602830
 395                    -0.583932649177                     0.575997443748
 396                    -0.498475772710                     0.580781411671
 397                    -0.412910125432                     0.582851216178
 398                    -0.327349368309                     0.585114162309
 399                    -0.239722755207                     0.586292155117
 400                    -0.154161998083                     0.588555101249
 401                    -0.754503696276                     0.589037295738
 402                    -0.068601240960                     0.590818047380
 403                     0.035633880974                     0.594430957952
 404                     0.121194638097                     0.596693904083
 405                     0.206875151946                     0.599030145358
 406                     0.293793732282                     0.602289036560
 407                     0.379349525320                     0.604732469063
 408                     0.464910282443                     0.606995415194
 409                     0.550499289580                     0.607530150745
 410                     0.636197993734                     0.609814773314
 411                     0.721040600476                     0.629556364378
 412                    -0.698869924087                     0.654080723359
 413                    -0.457771157556                     0.656073498838
 414                    -0.613310363085                     0.656388450772
 415                    -0.372205510279                     0.658143303345
 416                    -0.284524382284                     0.659220738648
 417                    -0.018834701836                     0.660453208530
 418                    -0.198965562745                     0.661555794063
 419                    -0.113404805622                     0.663818740194
 420                     0.076454490698                     0.669660220253
 421                     0.162015481363                     0.671923039661
 422                     0.247572414876                     0.674326206840
 423                     0.335372492080                     0.678161241572
 424                     0.420933249203                     0.680424187703
 425                     0.576362130292                     0.689119840994
 426                     0.661921120914                     0.691448619314
 427                    -0.535466712546                     0.691978440274
 428                     0.496659141647                     0.720315957510
 429                    -0.329268156856                     0.732184830651
 430                    -0.063583117179                     0.733414454469
 431                     0.021985907888                     0.735682470831
 432                    -0.158228846307                     0.736830517698
 433                    -0.243819080054                     0.737106147384
 434                    -0.605208922236                     0.741594851593
 435                    -0.463043280538                     0.741652152318
 436                     0.117275333964                     0.744889355831
 437                     0.288267282841                     0.749623562743
 438                     0.202681204631                     0.750510862775
 439                     0.422815808807                     0.768179353340
 440                     0.563527265372                     0.773742712177
 441                    -0.392295238292                     0.790092956941
 442                    -0.536544342302                     0.792692205214
 443                    -0.108334289267                     0.806374009576
 444                    -0.022762507454                     0.808643716771
 445                     0.062806751154                     0.810911606409
 446                     0.347749468704                     0.811167316689
 447                     0.492157616169                     0.820988212041
 448                    -0.226949890130                     0.821017973225
 449                    -0.312540455716                     0.821156420060
 450                     0.180883695070                     0.833279411522
 451                    -0.463589844881                     0.837451621998
 452                     0.266362186649                     0.837660229032
 453                     0.416852941663                     0.861669535548
 454                    -0.160134130706                     0.874510200485
 455                    -0.386928734558                     0.875515229929
 456                    -0.067513679543                     0.881603271877
 457                     0.110500596326                     0.881982424734
 458                     0.018058335812                     0.883872852348
 459                     0.336681270626                     0.896039332548
 460                    -0.307173951982                     0.906578693048
 461                     0.255293988571                     0.922532244891
 462                    -0.224963173127                     0.930393644755
 463                     0.171865514280                     0.941649089876
 464                    -0.119313520982                     0.949739462787
 465                     0.065752180984                     0.954943670674
 466                    -0.026692836277                     0.956832407455
