   1                     0.034625509297                    -0.954066577771
   2                    -0.056794324546                    -0.952993392507
   3                     0.124918532676                    -0.946486830816
   4                    -0.159067538020                    -0.941349817582
   5                    -0.247594478527                    -0.922029790688
   6                     0.271561601712                    -0.915257481362
   7                     0.357108219880                    -0.885390128704
   8                     0.187638871925                    -0.881092322795
   9                    -0.009473869713                    -0.874911493248
  10                    -0.100054761468                    -0.872591001140
  11                     0.080819153666                    -0.867331746294
  12                    -0.399601935418                    -0.867041091254
  13                    -0.309664373556                    -0.856017589044
  14                    -0.188581701975                    -0.853270974247
  15                    -0.480000770065                    -0.825252216871
  16                     0.492797592427                    -0.817675053803
  17                     0.402801034040                    -0.807144046573
  18                     0.311927802460                    -0.805768819367
  19                     0.221524914963                    -0.797056504706
  20                    -0.052270213072                    -0.795044380932
  21                     0.131059723065                    -0.791925063425
  22                     0.038022810306                    -0.787464633977
  23                    -0.140903561057                    -0.776218540715
  24                    -0.232051639915                    -0.772771157333
  25                     0.568096593489                    -0.767273237627
  26                    -0.322568873087                    -0.766330597085
  27                    -0.548803838942                    -0.766291040256
  28                    -0.413151642706                    -0.764084604475
  29                     0.456919433022                    -0.734470244372
  30                     0.361666668378                    -0.726408387807
  31                     0.271201469419                    -0.721277071004
  32                    -0.626776869592                    -0.720133818437
  33                     0.180736277521                    -0.716145629723
  34                     0.089669936351                    -0.711316692732
  35                    -0.000758424853                    -0.705572641485
  36                    -0.091223623811                    -0.700441324680
  37                    -0.182427223942                    -0.695682411833
  38                    -0.272892422901                    -0.690551095030
  39                    -0.363905077029                    -0.685698091987
  40                    -0.454487846649                    -0.683452099377
  41                     0.589337977959                    -0.679187562171
  42                    -0.544772233585                    -0.675770165354
  43                     0.679538265984                    -0.670574161280
  44                     0.501808317522                    -0.655760202553
  45                     0.411343118563                    -0.650628885752
  46                     0.320877919605                    -0.645497568949
  47                     0.230412727707                    -0.640366127669
  48                    -0.665373630922                    -0.638154719579
  49                     0.139894047904                    -0.635261793794
  50                     0.049428848945                    -0.630130476991
  51                    -0.041547173625                    -0.624661822626
  52                    -0.132747286697                    -0.619905195798
  53                    -0.223215972716                    -0.614771592975
  54                    -0.314228626843                    -0.609918589932
  55                    -0.404778222825                    -0.604829874575
  56                     0.740050486764                    -0.603131194478
  57                    -0.495253926194                    -0.599887230066
  58                    -0.745670101195                    -0.596169490076
  59                    -0.585729629562                    -0.594944585557
  60                     0.641718753501                    -0.588233605596
  61                     0.551484767707                    -0.579980700498
  62                     0.461019568749                    -0.574849383695
  63                     0.370554369790                    -0.569718066893
  64                     0.280089177892                    -0.564586625613
  65                     0.189570498090                    -0.559482291739
  66                     0.099105299130                    -0.554350974936
  67                     0.008640100172                    -0.549219658132
  68                    -0.083070836509                    -0.544125693743
  69                    -0.173536035470                    -0.538994376940
  70                    -0.264552176658                    -0.534139087877
  71                    -0.355101772640                    -0.529050372520
  72                     0.795300891017                    -0.528146242494
  73                    -0.445735618803                    -0.524004294778
  74                     0.702230974281                    -0.520790638795
  75                    -0.536211322172                    -0.519061650269
  76                    -0.628300767859                    -0.514886214370
  77                    -0.719081402102                    -0.509547762343
  78                    -0.809619487510                    -0.505923162305
  79                     0.605734142236                    -0.505052622240
  80                     0.510696018934                    -0.499069881640
  81                     0.420230819975                    -0.493938564838
  82                     0.329765628077                    -0.488807123558
  83                     0.239246948275                    -0.483702789683
  84                     0.148781749316                    -0.478571472881
  85                     0.058316550358                    -0.473440156078
  86                    -0.032883562713                    -0.468683529249
  87                    -0.123859585283                    -0.463214874886
  88                    -0.214872239413                    -0.458361871842
  89                    -0.305425322455                    -0.453270870464
  90                    -0.396059168618                    -0.448224792723
  91                     0.754884653996                    -0.447048706034
  92                     0.845425952096                    -0.443505265172
  93                    -0.486693014781                    -0.443178714981
  94                    -0.578722544869                    -0.439042411460
  95                     0.664899036309                    -0.436424618109
  96                    -0.669187743827                    -0.433911094657
  97                    -0.761211449094                    -0.429327180351
  98                    -0.853989436612                    -0.425924081444
  99                     0.563058547640                    -0.425120924769
 100                     0.469907270160                    -0.418159062782
 101                     0.379442078262                    -0.413027621502
 102                     0.288923398460                    -0.407923287628
 103                     0.198458199501                    -0.402791970826
 104                     0.107993000543                    -0.397660654022
 105                     0.016792887474                    -0.392904027194
 106                    -0.073672311487                    -0.387772710391
 107                    -0.165195789225                    -0.382582369787
 108                    -0.255745385209                    -0.377493654429
 109                    -0.346382718432                    -0.372445290667
 110                    -0.437016564595                    -0.367399212926
 111                     0.793122759305                    -0.364901704037
 112                    -0.529204237477                    -0.363159476172
 113                     0.883664057405                    -0.361358263174
 114                    -0.619669436436                    -0.358028159370
 115                     0.703137650098                    -0.354273310188
 116                    -0.710142433424                    -0.353034299037
 117                     0.612663909383                    -0.349294869082
 118                    -0.800634999677                    -0.347742461842
 119                     0.522198914027                    -0.344159964028
 120                    -0.891100198635                    -0.342611145039
 121                     0.429118528447                    -0.337248119447
 122                     0.338599848645                    -0.332143785572
 123                     0.248134649686                    -0.327012468770
 124                     0.157669450727                    -0.321881151967
 125                     0.066469337659                    -0.317124525139
 126                    -0.023995861300                    -0.311993208337
 127                    -0.115008515429                    -0.307140205293
 128                    -0.206068935022                    -0.301714152375
 129                    -0.296702781187                    -0.296668074632
 130                    -0.387340114410                    -0.291619710871
 131                    -0.479527787292                    -0.287379974117
 132                    -0.569992986251                    -0.282248657315
 133                     0.753089246055                    -0.278624003091
 134                    -0.660458185211                    -0.277117340512
 135                     0.857610857622                    -0.274573970725
 136                     0.662349115471                    -0.273362383375
 137                    -0.750923384169                    -0.271986023710
 138                     0.571875572102                    -0.268380357172
 139                    -0.841423748450                    -0.266831642984
 140                     0.481410272183                    -0.263249091265
 141                     0.388276298831                    -0.256364283517
 142                     0.297811099871                    -0.251232966715
 143                     0.207345900913                    -0.246101649912
 144                     0.116145787844                    -0.241345023084
 145                     0.025680588885                    -0.236213706281
 146                    -0.925692342103                    -0.233528688783
 147                    -0.065332065242                    -0.231360703238
 148                    -0.155881661225                    -0.226271987880
 149                    -0.247026331000                    -0.220888572578
 150                     0.929223005991                    -0.219058361742
 151                    -0.337660177164                    -0.215842494835
 152                    -0.429851337107                    -0.211600472061
 153                    -0.520316536066                    -0.206469155259
 154                     0.802494036247                    -0.202654441832
 155                    -0.610781735026                    -0.201337838457
 156                     0.712025471098                    -0.197582819333
 157                    -0.701246933984                    -0.196206521654
 158                     0.621560265737                    -0.192451615413
 159                    -0.791712132943                    -0.191075204852
 160                     0.531086722368                    -0.187469589210
 161                     0.440568042567                    -0.182365255336
 162                     0.347487550057                    -0.175453464659
 163                     0.257022351097                    -0.170322147857
 164                     0.165822238030                    -0.165565521028
 165                     0.075357039071                    -0.160434204226
 166                    -0.875980726596                    -0.157772250651
 167                    -0.015655615057                    -0.155581201183
 168                    -0.106205211039                    -0.150492485826
 169                    -0.196839057203                    -0.145446408084
 170                    -0.287983726977                    -0.140062992781
 171                    -0.378617573143                    -0.135016915039
 172                    -0.470640085881                    -0.130689653204
 173                     0.945805307071                    -0.129978005178
 174                     0.855145131801                    -0.128431714002
 175                    -0.561105284840                    -0.125558336402
 176                     0.761651907595                    -0.121770554920
 177                    -0.651570483799                    -0.120427019599
 178                     0.671186702233                    -0.116639351000
 179                    -0.742035682758                    -0.115295702796
 180                     0.580718036121                    -0.111567779483
 181                     0.490244492752                    -0.106585753280
 182                    -0.948999908628                    -0.104120767073
 183                     0.399779293793                    -0.101454436478
 184                     0.306698801283                    -0.094542645802
 185                     0.215498688215                    -0.089786018973
 186                     0.125033489256                    -0.084654702170
 187                     0.034020835128                    -0.079801699128
 188                    -0.056528760853                    -0.074712983770
 189                    -0.147162607016                    -0.069666906029
 190                    -0.237796453181                    -0.064620828287
 191                    -0.869602252602                    -0.060459630439
 192                    -0.328941122955                    -0.059237412985
 193                    -0.420963635696                    -0.054910151148
 194                     0.901813111064                    -0.050763301206
 195                    -0.511428834655                    -0.049778834346
 196                     0.811328263222                    -0.045990990879
 197                    -0.601894033614                    -0.044647517544
 198                     0.720863057861                    -0.040859786959
 199                    -0.692359232573                    -0.039516200741
 200                     0.630397852499                    -0.035728583038
 201                    -0.782824431531                    -0.034384883939
 202                     0.539929287346                    -0.030656960626
 203                     0.449455743978                    -0.025674934422
 204                     0.358990545018                    -0.020543617621
 205                     0.265175138400                    -0.014006516918
 206                    -0.950532654388                    -0.013523121821
 207                     0.174709939441                    -0.008875200115
 208                     0.083697285314                    -0.004022197072
 209                    -0.006852310668                     0.001066518285
 210                    -0.097486156831                     0.006112596026
 211                    -0.188120002994                     0.011158673768
 212                    -0.278753849159                     0.016204751510
 213                    -0.371287185509                     0.020869350905
 214                     0.954417266176                     0.023013968327
 215                    -0.461752384470                     0.026000667709
 216                    -0.848794734933                     0.027729540343
 217                    -0.552217583429                     0.031131984512
 218                     0.864222198983                     0.031681868232
 219                     0.770539413489                     0.034919777083
 220                    -0.642682782387                     0.036263301314
 221                     0.680074208127                     0.040050981003
 222                    -0.733147981346                     0.041394618117
 223                     0.589612936627                     0.045251076520
 224                     0.499140538572                     0.050253858232
 225                     0.408666995203                     0.055235884435
 226                     0.317466882137                     0.059992511264
 227                     0.224386389626                     0.066904301940
 228                     0.133373735499                     0.071757304983
 229                     0.042824139517                     0.076846020340
 230                    -0.951577852454                     0.077081459717
 231                    -0.047809706646                     0.081892098082
 232                    -0.138443552809                     0.086938175823
 233                    -0.229077398972                     0.091984253565
 234                    -0.321099911712                     0.096311515400
 235                    -0.412075934283                     0.101780169763
 236                    -0.502541133244                     0.106911486567
 237                     0.820059424862                     0.110801600390
 238                    -0.593006332202                     0.112042803370
 239                     0.947936755977                     0.113392536706
 240                     0.729594219500                     0.115932804310
 241                    -0.864391167236                     0.116987783291
 242                    -0.683471531161                     0.117174120172
 243                     0.639132948001                     0.121132899827
 244                    -0.773936730120                     0.122305436975
 245                     0.548660549945                     0.126135681538
 246                     0.458187006576                     0.131117707741
 247                     0.367143332322                     0.135772013319
 248                     0.276678133363                     0.140903330122
 249                     0.183050185684                     0.147536807039
 250                     0.092500589703                     0.152625522396
 251                     0.001866743539                     0.157671600137
 252                    -0.088767102624                     0.162717677879
 253                    -0.939984336428                     0.166947320982
 254                    -0.179400948787                     0.167763755620
 255                    -0.271423461526                     0.172091017455
 256                     0.882697781769                     0.176274639717
 257                    -0.361888660487                     0.177222334258
 258                    -0.452864683056                     0.182690988621
 259                    -0.543329882017                     0.187822305425
 260                     0.779270575128                     0.191712368351
 261                    -0.633795080976                     0.192953622228
 262                     0.688690209412                     0.196990400947
 263                    -0.724260279935                     0.198084939030
 264                     0.598217802276                     0.201993188591
 265                    -0.814725478893                     0.203216255833
 266                     0.507738339515                     0.206979081568
 267                     0.416830259066                     0.211739677887
 268                     0.326354583548                     0.216682832177
 269                     0.235341929421                     0.221535835220
 270                     0.142177039888                     0.228405024451
 271                     0.051543193725                     0.233451102192
 272                    -0.039090652438                     0.238497179934
 273                    -0.129724498602                     0.243543257675
 274                    -0.894854795969                     0.245519626617
 275                    -0.221747011341                     0.247870519510
 276                    -0.312212210300                     0.253001836313
 277                    -0.403188232871                     0.258470490676
 278                     0.918780928923                     0.259390758047
 279                    -0.493653431830                     0.263601807479
 280                     0.828556407894                     0.267746500972
 281                    -0.584118630791                     0.268733124283
 282                    -0.674583829749                     0.273864441086
 283                     0.738274926769                     0.275462510339
 284                     0.647697149144                     0.277901533773
 285                    -0.765049028708                     0.278995757888
 286                     0.557223606201                     0.282883567704
 287                     0.466368379922                     0.287609910912
 288                     0.375873318497                     0.292565488455
 289                     0.285018379606                     0.297315337275
 290                     0.194468783624                     0.302404052632
 291                     0.101219643910                     0.309230604248
 292                     0.010585797747                     0.314276681989
 293                    -0.080048048416                     0.319322759731
 294                    -0.172070561156                     0.323650021565
 295                    -0.262535760115                     0.328781338368
 296                    -0.353000959073                     0.333912655171
 297                    -0.893568443552                     0.336121105259
 298                    -0.443976981644                     0.339381309534
 299                    -0.534442180603                     0.344512626337
 300                     0.890051546818                     0.345326229411
 301                    -0.624907379564                     0.349643943141
 302                     0.799827025789                     0.353681972336
 303                    -0.715372578523                     0.354775259944
 304                     0.606774945620                     0.358744937298
 305                    -0.806099489302                     0.359774110928
 306                     0.708272267838                     0.360961768183
 307                     0.515867329256                     0.363505779235
 308                     0.425391625888                     0.368448423743
 309                     0.334620937178                     0.373240910179
 310                     0.244145233809                     0.378183554688
 311                     0.153511387647                     0.383229632429
 312                     0.060262247932                     0.390056184044
 313                    -0.030371598231                     0.395102261786
 314                    -0.122394110970                     0.399429523620
 315                    -0.212859309929                     0.404560840423
 316                    -0.303324508888                     0.409692157226
 317                    -0.393789707847                     0.414823474028
 318                    -0.484765730418                     0.420292128392
 319                    -0.575230929377                     0.425423445195
 320                     0.851821099655                     0.428136097065
 321                    -0.665874541498                     0.430671989692
 322                     0.655884646266                     0.434892950648
 323                     0.760241017450                     0.435187987934
 324                    -0.756423039117                     0.435553612983
 325                     0.565385636647                     0.439388714522
 326                    -0.846897809652                     0.440687218736
 327                     0.474909933278                     0.444331359031
 328                     0.384139244569                     0.449123845467
 329                     0.293663541200                     0.454066489976
 330                     0.203187837832                     0.459009134484
 331                     0.112553991669                     0.464055212226
 332                     0.019304851954                     0.470881763841
 333                    -0.072717660785                     0.475209025676
 334                    -0.163182859744                     0.480340342478
 335                    -0.253648058703                     0.485471659281
 336                    -0.344113257662                     0.490602976084
 337                    -0.434578456620                     0.495734292886
 338                    -0.525554479191                     0.501202947250
 339                    -0.616019678150                     0.506334264053
 340                     0.707853395878                     0.509119170399
 341                    -0.708197414043                     0.512264575179
 342                     0.804272534796                     0.514380841873
 343                     0.617476191493                     0.516960442609
 344                    -0.800395901366                     0.518633179376
 345                     0.524428240669                     0.520214294319
 346                     0.433657551960                     0.525006780755
 347                     0.343181848591                     0.529949425264
 348                     0.252706145222                     0.534892069772
 349                     0.162230441854                     0.539834714281
 350                     0.071596595691                     0.544880792022
 351                    -0.023041210600                     0.550988527731
 352                    -0.113506409559                     0.556119844534
 353                    -0.203971608518                     0.561251161336
 354                    -0.294436807476                     0.566382478139
 355                    -0.384902006435                     0.571513794942
 356                    -0.475367205394                     0.576645111744
 357                    -0.566467126224                     0.582195976500
 358                    -0.657103476882                     0.587095666446
 359                     0.751884913223                     0.588312024338
 360                    -0.747456071493                     0.593928768374
 361                     0.573669014683                     0.596277615370
 362                     0.483175859350                     0.600889716043
 363                     0.392700155982                     0.605832360552
 364                     0.663488866062                     0.608222360371
 365                     0.302224452613                     0.610775005060
 366                     0.211748749245                     0.615717649569
 367                     0.121273045876                     0.620660294078
 368                     0.029250533136                     0.624987555912
 369                    -0.063829959374                     0.631899346589
 370                    -0.154295158332                     0.637030663392
 371                    -0.244760357291                     0.642161980194
 372                    -0.335225556250                     0.647293296997
 373                    -0.425690755209                     0.652424613800
 374                    -0.516155954167                     0.657555930602
 375                    -0.674029163381                     0.676111416576
 376                     0.535990550667                     0.678682809284
 377                     0.442218463373                     0.681715295840
 378                     0.351742760004                     0.686657940348
 379                     0.261267056635                     0.691600584857
 380                     0.169637776652                     0.697308638030
 381                     0.651322209071                     0.698012421583
 382                     0.078926983321                     0.700767057967
 383                    -0.011538215637                     0.705898374770
 384                    -0.590013478521                     0.710047346388
 385                    -0.104618708147                     0.712810165447
 386                    -0.195083907106                     0.717941482250
 387                    -0.285549106065                     0.723072799052
 388                    -0.376014305023                     0.728204115855
 389                    -0.466479503982                     0.733335432658
 390                     0.582214536151                     0.756616279634
 391                     0.491610178281                     0.757680690153
 392                     0.401384157617                     0.766020224300
 393                     0.310785364026                     0.767483520145
 394                     0.220309660658                     0.772426164654
 395                     0.126752927716                     0.777727838093
 396                    -0.541268143880                     0.786429117679
 397                    -0.052326964410                     0.786809193628
 398                    -0.143932620882                     0.794466047422
 399                     0.037877706751                     0.795376569863
 400                    -0.235872655879                     0.798852301108
 401                    -0.326337854838                     0.803983617910
 402                    -0.458635393532                     0.823605873922
 403                     0.453719416377                     0.839988483204
 404                     0.177919237322                     0.852509462814
 405                     0.284918550196                     0.854323548801
 406                    -0.091399323080                     0.868562685435
 407                     0.089044016357                     0.870158194585
 408                    -0.383516202383                     0.874275290297
 409                    -0.001251468776                     0.877708558774
 410                     0.372041901567                     0.879219417547
 411                    -0.210712611127                     0.885899729460
 412                    -0.298904369519                     0.906696276928
 413                     0.230179299431                     0.926530868794
 414                    -0.141328433310                     0.944175955345
 415                     0.141304078466                     0.944179600564
 416                    -0.051180579006                     0.953321828684
 417                     0.050785586726                     0.953332484312
