   1                     0.034424679105                    -0.953267961805
   2                    -0.057789715852                    -0.952137182489
   3                    -0.149463957162                    -0.942106889395
   4                     0.172086710479                    -0.938238258447
   5                    -0.239741176518                    -0.923270834489
   6                     0.263369912430                    -0.914311824741
   7                    -0.339958898599                    -0.891253506472
   8                     0.096644427054                    -0.885198319054
   9                     0.350305637247                    -0.883353677454
  10                    -0.083649049611                    -0.863615613610
  11                     0.008421187804                    -0.858338807602
  12                    -0.424435130559                    -0.854259729522
  13                    -0.175323290920                    -0.853585320516
  14                     0.192832826627                    -0.848380749222
  15                     0.442992348717                    -0.844785561260
  16                    -0.266798398319                    -0.835108030271
  17                     0.276487903269                    -0.809565784953
  18                    -0.504944217489                    -0.809281287786
  19                    -0.351274630279                    -0.798114253320
  20                     0.117390543201                    -0.795340809830
  21                     0.367096836860                    -0.792396205670
  22                     0.534922148486                    -0.789786781729
  23                    -0.041956265848                    -0.781093189844
  24                    -0.205311319063                    -0.766375851608
  25                     0.201045619843                    -0.756525845560
  26                     0.450415105617                    -0.752863442164
  27                    -0.591032480113                    -0.748722560757
  28                     0.041804252161                    -0.742506288931
  29                     0.608688970005                    -0.734440333404
  30                    -0.119848681346                    -0.731721690909
  31                    -0.413058052420                    -0.729648334443
  32                    -0.289818522943                    -0.729270039132
  33                     0.284700696485                    -0.717710881291
  34                    -0.504416380759                    -0.717061470569
  35                     0.125603336418                    -0.703485906168
  36                     0.375127127762                    -0.699604699316
  37                     0.524181927136                    -0.697516993838
  38                    -0.033494023649                    -0.689260931045
  39                    -0.660571655442                    -0.688149659276
  40                    -0.192591383716                    -0.675035955922
  41                     0.209258413060                    -0.664670941898
  42                    -0.351688743784                    -0.660810980799
  43                     0.050161052992                    -0.650445966775
  44                     0.448893949281                    -0.644258250990
  45                     0.616957913271                    -0.642590467446
  46                     0.709068148552                    -0.638065220995
  47                    -0.108936307075                    -0.636220991652
  48                    -0.547265725943                    -0.635399319504
  49                     0.292913489702                    -0.625855977629
  50                    -0.268033667142                    -0.621996016529
  51                    -0.723981325814                    -0.621068845411
  52                    -0.435492215533                    -0.619791083678
  53                     0.133816129634                    -0.611631002506
  54                     0.532549025922                    -0.605443286721
  55                    -0.632542773182                    -0.600290937123
  56                    -0.025281230433                    -0.597406027383
  57                     0.376568566343                    -0.587041013359
  58                    -0.184378590500                    -0.583181052259
  59                     0.217471206276                    -0.572816038236
  60                    -0.343475950567                    -0.568956077137
  61                     0.767369926712                    -0.566611208073
  62                     0.659056317228                    -0.559990220649
  63                     0.058373846209                    -0.558591063113
  64                    -0.502573310634                    -0.554731102014
  65                     0.460223642985                    -0.548226049089
  66                    -0.100723513858                    -0.544366087990
  67                    -0.787817708827                    -0.537817927550
  68                     0.301126282918                    -0.534001073967
  69                    -0.695716832937                    -0.533106032023
  70                    -0.259820873925                    -0.530141112867
  71                     0.142028922851                    -0.519776098843
  72                    -0.588455248406                    -0.519278885568
  73                    -0.418918233993                    -0.515916137744
  74                     0.545937915777                    -0.514199048943
  75                    -0.017068437216                    -0.505551123721
  76                     0.384781359560                    -0.495186109697
  77                    -0.176165797284                    -0.491326148598
  78                     0.818499188808                    -0.489861147118
  79                     0.717794964947                    -0.488848129011
  80                     0.225683999493                    -0.480961134574
  81                    -0.335263157351                    -0.477101173475
  82                     0.627343958205                    -0.470865118179
  83                     0.066586639426                    -0.466736159451
  84                    -0.494360517418                    -0.462876198352
  85                    -0.836070950268                    -0.459227864631
  86                     0.468436436202                    -0.456371145427
  87                    -0.744029576733                    -0.453469491862
  88                    -0.092510720642                    -0.452511184328
  89                    -0.651819922686                    -0.452002181501
  90                     0.309339076135                    -0.442146170304
  91                    -0.251608080709                    -0.438286209205
  92                     0.150241716067                    -0.427921195181
  93                    -0.410705440776                    -0.424061234082
  94                     0.552091512844                    -0.417556181158
  95                    -0.008855644000                    -0.413696220058
  96                     0.768924227044                    -0.412098068056
  97                    -0.569802800843                    -0.409836258959
  98                     0.861978035669                    -0.408532411884
  99                     0.392994152776                    -0.403331206035
 100                    -0.167953004067                    -0.399471244935
 101                     0.233896792709                    -0.389106230912
 102                    -0.327050364134                    -0.385246269812
 103                     0.639251901379                    -0.379179771346
 104                    -0.876509535295                    -0.376345453105
 105                     0.074799432642                    -0.374881255789
 106                    -0.486147724201                    -0.371021294689
 107                    -0.784468161759                    -0.370587080337
 108                     0.476649229418                    -0.364516241765
 109                    -0.084297927425                    -0.360656280666
 110                    -0.647328121860                    -0.359890309169
 111                     0.317551869351                    -0.350291266642
 112                    -0.243395287493                    -0.346431305543
 113                     0.158454509284                    -0.336066291519
 114                    -0.402492647560                    -0.332206330420
 115                     0.724915691743                    -0.331054733229
 116                     0.817085592662                    -0.327975339817
 117                     0.560304306060                    -0.325701277496
 118                    -0.000642850783                    -0.321841316396
 119                    -0.561590007627                    -0.317981355297
 120                     0.401206945993                    -0.311476302373
 121                    -0.159740210851                    -0.307616341273
 122                    -0.720615600729                    -0.303910681265
 123                     0.905216140777                    -0.300813237761
 124                     0.242109585926                    -0.297251327250
 125                    -0.318837570918                    -0.293391366150
 126                    -0.908755489229                    -0.289945385084
 127                     0.643959382702                    -0.286886313226
 128                     0.083012225858                    -0.283026352127
 129                    -0.810203442403                    -0.282029366786
 130                    -0.477934930985                    -0.279166391027
 131                     0.484862022635                    -0.272661338103
 132                    -0.076085134209                    -0.268801377003
 133                    -0.637032291053                    -0.264941415904
 134                     0.325764662567                    -0.258436362980
 135                    -0.235182494276                    -0.254576401881
 136                     0.166667302500                    -0.244211387857
 137                    -0.394279854343                    -0.240351426758
 138                     0.733128484960                    -0.239199829567
 139                     0.825298385879                    -0.236120436155
 140                     0.568517099277                    -0.233846373833
 141                     0.007569942433                    -0.229986412734
 142                    -0.553377214410                    -0.226126451635
 143                     0.409419739209                    -0.219621398710
 144                    -0.151527417634                    -0.215761437611
 145                    -0.712572677598                    -0.212040747735
 146                     0.930034073222                    -0.211994075818
 147                    -0.865712738219                    -0.208385009383
 148                     0.250322379142                    -0.205396423587
 149                    -0.310624777701                    -0.201536462488
 150                     0.652172175919                    -0.195031409564
 151                     0.091225019075                    -0.191171448464
 152                    -0.469722137769                    -0.187311487365
 153                     0.493074815851                    -0.180806434441
 154                    -0.067872340992                    -0.176946473341
 155                    -0.628819497836                    -0.173086512242
 156                     0.333977455784                    -0.166581459318
 157                    -0.226969701060                    -0.162721498218
 158                    -0.787916857902                    -0.158861537119
 159                    -0.941155021644                    -0.155345069990
 160                     0.768621341575                    -0.153347732912
 161                     0.174880095717                    -0.152356484195
 162                     0.860842713822                    -0.151024172722
 163                    -0.386067061127                    -0.148496523096
 164                     0.576729892493                    -0.141991470171
 165                     0.015782735649                    -0.138131509072
 166                    -0.545164421194                    -0.134271547973
 167                     0.417632532426                    -0.127766495048
 168                    -0.143314624418                    -0.123906533949
 169                    -0.704261781261                    -0.120046572850
 170                     0.946668573028                    -0.116683317171
 171                     0.258535172359                    -0.113541519925
 172                    -0.302411984485                    -0.109681558826
 173                    -0.863359141328                    -0.105821597727
 174                     0.660384969135                    -0.103176505902
 175                     0.099437812291                    -0.099316544802
 176                    -0.461509344552                    -0.095456583703
 177                     0.501287609068                    -0.088951530779
 178                    -0.059659547776                    -0.085091569679
 179                    -0.620606704619                    -0.081231608580
 180                     0.342190249000                    -0.074726555656
 181                    -0.218756907843                    -0.070866594556
 182                    -0.779704064686                    -0.067006633457
 183                     0.744040045777                    -0.064361541632
 184                     0.836234770924                    -0.062146602742
 185                     0.183092888933                    -0.060501580533
 186                    -0.377854267910                    -0.056641619433
 187                    -0.945117648964                    -0.056604771313
 188                     0.584942685710                    -0.050136566509
 189                     0.023995528866                    -0.046276605410
 190                    -0.536951627978                    -0.042416644310
 191                     0.425845325642                    -0.035911591386
 192                    -0.135101831201                    -0.032051630287
 193                    -0.696048988045                    -0.028191669187
 194                     0.953277925846                    -0.024488102665
 195                     0.266747965575                    -0.021686616263
 196                    -0.294199191268                    -0.017826655164
 197                    -0.855146348112                    -0.013966694065
 198                     0.668597762351                    -0.011321602240
 199                     0.107650605508                    -0.007461641140
 200                    -0.453296551336                    -0.003601680041
 201                     0.509500402284                     0.002903372884
 202                    -0.051446754559                     0.006763333983
 203                    -0.612393911403                     0.010623295082
 204                     0.350403042217                     0.017128348006
 205                    -0.210544114627                     0.020988309106
 206                     0.777018465424                     0.022359744980
 207                     0.870644579000                     0.023414710988
 208                    -0.771491271470                     0.024848270205
 209                     0.191305682150                     0.031353323130
 210                    -0.369641474694                     0.035213284229
 211                    -0.953234978558                     0.035289145804
 212                     0.593155478926                     0.041718337153
 213                     0.032208322082                     0.045578298252
 214                    -0.528738834761                     0.049438259352
 215                     0.434058118859                     0.055943312276
 216                    -0.126889037985                     0.059803273376
 217                    -0.687836194828                     0.063663234475
 218                     0.951475950650                     0.067811362399
 219                     0.274960758792                     0.070168287399
 220                    -0.285986398052                     0.074028248498
 221                    -0.870120807460                     0.077030772199
 222                     0.676810555568                     0.080533301423
 223                     0.115863398724                     0.084393262522
 224                    -0.445083758119                     0.088253223621
 225                     0.517713195501                     0.094758276546
 226                    -0.043233961343                     0.098618237645
 227                    -0.604181118186                     0.102478198744
 228                     0.358615835433                     0.108983251669
 229                    -0.202331321410                     0.112843212768
 230                     0.852522186089                     0.113837894821
 231                    -0.784979150193                     0.116077927810
 232                     0.760465632210                     0.119348265692
 233                     0.199518475366                     0.123208226792
 234                    -0.361428681477                     0.127068187891
 235                    -0.944839390656                     0.131085435498
 236                     0.601368272143                     0.133573240815
 237                     0.040421115299                     0.137433201915
 238                    -0.520526041545                     0.141293163014
 239                     0.442270912075                     0.147798215938
 240                    -0.118676244768                     0.151658177038
 241                    -0.679623401612                     0.155518138137
 242                     0.940480994949                     0.159374915455
 243                     0.283173552008                     0.162023191061
 244                    -0.277773604836                     0.165883152161
 245                    -0.860667387448                     0.168766295031
 246                     0.685023348784                     0.172388205085
 247                     0.124076191941                     0.176248166184
 248                    -0.436870964903                     0.180108127284
 249                     0.525925988717                     0.186613180208
 250                    -0.035021168126                     0.190473141307
 251                    -0.595968324970                     0.194333102407
 252                     0.366828628650                     0.200838155331
 253                    -0.757923123263                     0.204241098726
 254                    -0.194118528194                     0.204698116430
 255                     0.860734979305                     0.205692798483
 256                     0.768678425426                     0.211203169354
 257                     0.207731268583                     0.215063130454
 258                    -0.353215888261                     0.218923091553
 259                     0.609581065359                     0.225428144477
 260                     0.048633908515                     0.229288105577
 261                    -0.512313248328                     0.233148066676
 262                    -0.924375823495                     0.235444690900
 263                     0.450483705292                     0.239653119600
 264                    -0.110463451552                     0.243513080700
 265                    -0.671410608395                     0.247373041799
 266                     0.291386345225                     0.253878094723
 267                    -0.833611360518                     0.256929465947
 268                    -0.269560811619                     0.257738055823
 269                     0.693236142001                     0.264243108747
 270                     0.132288985157                     0.268103069846
 271                    -0.428658171686                     0.271963030946
 272                     0.534138781933                     0.278468083870
 273                    -0.026808374910                     0.282328044969
 274                     0.910923184246                     0.283061509109
 275                    -0.587755531753                     0.286188006069
 276                     0.375041421866                     0.292693058993
 277                     0.813157186646                     0.293971185690
 278                    -0.749710330046                     0.296096002388
 279                    -0.185905734977                     0.296553020092
 280                     0.215944061799                     0.306918034116
 281                    -0.345003095044                     0.310777995215
 282                     0.617793858576                     0.317283048140
 283                     0.056846701732                     0.321143009239
 284                    -0.897319796565                     0.323607861816
 285                    -0.504100455112                     0.325002970338
 286                     0.458696498508                     0.331508023263
 287                    -0.102250658335                     0.335367984362
 288                    -0.668365147603                     0.339544070153
 289                     0.299599138441                     0.345732998386
 290                    -0.261348018403                     0.349592959485
 291                     0.701448935217                     0.356098012409
 292                     0.140501778374                     0.359957973509
 293                    -0.813701856217                     0.362502763169
 294                    -0.420445378470                     0.363817934608
 295                     0.879331849812                     0.369703074699
 296                     0.542351575150                     0.370322987532
 297                    -0.018595581693                     0.374182948632
 298                    -0.579542738537                     0.378042909731
 299                     0.383254215083                     0.384547962655
 300                     0.788605316298                     0.386239985404
 301                    -0.177692941761                     0.388407923754
 302                     0.224156855016                     0.398772937778
 303                    -0.336790301828                     0.402632898877
 304                     0.626006651792                     0.409137951802
 305                     0.065059494948                     0.412997912901
 306                    -0.495887661895                     0.416857874000
 307                     0.466909291725                     0.423362926925
 308                    -0.094037865119                     0.427222888024
 309                    -0.749540274434                     0.428998026077
 310                    -0.655171416957                     0.430816731837
 311                     0.307811931657                     0.437587902048
 312                    -0.253135225186                     0.441447863147
 313                     0.709661728434                     0.447952916071
 314                    -0.840708964762                     0.450680931596
 315                     0.148714571590                     0.451812877171
 316                    -0.412232585253                     0.455672838270
 317                     0.550564368366                     0.462177891194
 318                    -0.010382788477                     0.466037852294
 319                     0.831161218663                     0.468055439159
 320                     0.391467008299                     0.476402866317
 321                    -0.575589106638                     0.477743830942
 322                    -0.169480148544                     0.480262827417
 323                     0.232369648232                     0.490627841440
 324                    -0.328577508611                     0.494487802540
 325                     0.635475145994                     0.502808834983
 326                     0.073272288165                     0.504852816563
 327                    -0.487674868678                     0.508712777662
 328                    -0.703293680595                     0.509487063230
 329                     0.475122084941                     0.515217830587
 330                    -0.085825071902                     0.519077791686
 331                     0.759204967814                     0.525736209463
 332                     0.316024724874                     0.529442805710
 333                    -0.793259393115                     0.529758813774
 334                    -0.244922431970                     0.533302766809
 335                     0.156927364807                     0.543667780833
 336                    -0.404019792037                     0.547527741932
 337                     0.558777161583                     0.554032794857
 338                    -0.002169995261                     0.557892755956
 339                     0.399679801516                     0.568257769980
 340                    -0.557353435031                     0.569125282082
 341                    -0.161267355328                     0.572117731079
 342                     0.240582441449                     0.582482745103
 343                    -0.648429607101                     0.583613352351
 344                    -0.320364715395                     0.586342706202
 345                     0.081485081381                     0.596707720225
 346                     0.639486932933                     0.598650124537
 347                    -0.738395319621                     0.603885102895
 348                     0.483334878158                     0.607072734249
 349                    -0.473698358389                     0.607940246352
 350                    -0.077612278686                     0.610932695349
 351                     0.730523644659                     0.613384113039
 352                     0.324237518090                     0.621297709372
 353                    -0.236709638753                     0.625157670471
 354                     0.165140158023                     0.635522684495
 355                     0.006042797956                     0.649747659618
 356                     0.564044649508                     0.651690063930
 357                    -0.585718582921                     0.656876018172
 358                     0.407892594732                     0.660112673642
 359                    -0.153054562111                     0.663972634741
 360                    -0.405924989636                     0.670875148636
 361                    -0.676629552294                     0.672366949291
 362                     0.248795234665                     0.674337648765
 363                    -0.312151922179                     0.678197609864
 364                     0.660187603859                     0.688518113957
 365                     0.089697874598                     0.688562623888
 366                    -0.502063506280                     0.695690982442
 367                    -0.069399485470                     0.702787599011
 368                     0.332450311307                     0.713152613034
 369                     0.502861896030                     0.720693281073
 370                     0.173352951240                     0.727377588157
 371                    -0.236379949207                     0.736686263901
 372                     0.014255591172                     0.741602563280
 373                    -0.590730209230                     0.748961070710
 374                     0.590614643085                     0.749052207065
 375                     0.416105387949                     0.751967577304
 376                    -0.144841768895                     0.755827538403
 377                    -0.434576933027                     0.758542678758
 378                    -0.342599670720                     0.765247640926
 379                     0.257008027881                     0.766192552427
 380                     0.097910667814                     0.780417527550
 381                    -0.061186692253                     0.794642502673
 382                    -0.515645103756                     0.802505447027
 383                     0.340663104524                     0.805007516696
 384                     0.497087900973                     0.812737628269
 385                     0.181565744456                     0.819232491820
 386                    -0.274187885326                     0.827090998843
 387                    -0.182853526186                     0.839850628128
 388                    -0.430740968009                     0.851014584050
 389                     0.416752073583                     0.858032967683
 390                     0.001759193367                     0.862054508655
 391                     0.093395131135                     0.872528239346
 392                    -0.099198449544                     0.878665592397
 393                    -0.345993508673                     0.887388040906
 394                     0.234554033849                     0.894711061536
 395                     0.326763735323                     0.896175388422
 396                    -0.259002905140                     0.918053571784
 397                    -0.169139478732                     0.938774042179
 398                     0.154922064137                     0.941224744458
 399                     0.047802026792                     0.952690837455
 400                    -0.044419155675                     0.952854555609
