   1                     0.018747280259                    -0.954559027847
   2                     0.109057639927                    -0.948493979599
   3                    -0.129677878293                    -0.945895367386
   4                    -0.218669294176                    -0.929364373078
   5                     0.258925190582                    -0.918962536692
   6                    -0.307700569036                    -0.902802814875
   7                    -0.052456286427                    -0.898677027482
   8                     0.344785298993                    -0.890313144775
   9                     0.174600049910                    -0.886068517108
  10                    -0.396074273721                    -0.868711441077
  11                     0.087766808559                    -0.860519856282
  12                    -0.151226338149                    -0.857983992972
  13                    -0.240217754032                    -0.841452998663
  14                     0.245600992226                    -0.828993611341
  15                     0.003483484660                    -0.827518838323
  16                    -0.476559377022                    -0.827300162175
  17                     0.479725478197                    -0.825468269366
  18                     0.390215392277                    -0.812026156725
  19                    -0.325722739480                    -0.811760519191
  20                    -0.082461963039                    -0.799126482072
  21                     0.157992588695                    -0.797091339665
  22                     0.555916859452                    -0.776202528082
  23                    -0.406207842781                    -0.770349240289
  24                    -0.167816250237                    -0.769003541801
  25                     0.072122023015                    -0.768468103083
  26                     0.311812228978                    -0.766796853631
  27                    -0.256807666120                    -0.752472547492
  28                    -0.599516854598                    -0.743043699398
  29                    -0.509003392043                    -0.742800861805
  30                    -0.013317581255                    -0.738578014975
  31                     0.226157144003                    -0.737540191286
  32                     0.470350827837                    -0.735441263394
  33                     0.631850888398                    -0.715750552212
  34                    -0.337486982494                    -0.711440928184
  35                    -0.099189856555                    -0.709961082775
  36                     0.381617760904                    -0.709073810792
  37                     0.140502059028                    -0.708283528941
  38                     0.546297346151                    -0.686198271714
  39                    -0.667187246368                    -0.682931604515
  40                    -0.423713822729                    -0.681544473864
  41                    -0.184627751205                    -0.680064690285
  42                     0.054846974053                    -0.679026866596
  43                     0.294321699312                    -0.677989042906
  44                    -0.509368907704                    -0.652287811520
  45                    -0.270282836180                    -0.650808027940
  46                    -0.030808110922                    -0.649770204251
  47                     0.208666614337                    -0.648732380562
  48                     0.448141339596                    -0.647694556871
  49                     0.703179507380                    -0.645811875520
  50                     0.614667142925                    -0.626882870993
  51                    -0.596617825681                    -0.626198757097
  52                    -0.355937921156                    -0.621551365596
  53                    -0.116463195897                    -0.620513541906
  54                     0.123011529361                    -0.619475718217
  55                     0.362486254620                    -0.618437894527
  56                     0.524087857910                    -0.598451565191
  57                    -0.681540472991                    -0.593563093510
  58                    -0.441593006131                    -0.592294703251
  59                    -0.202118280872                    -0.591256879561
  60                     0.037356444386                    -0.590219055872
  61                     0.276831169645                    -0.589181232182
  62                     0.761176409686                    -0.576320112004
  63                    -0.768090886781                    -0.567072118699
  64                    -0.527437824489                    -0.563595872089
  65                    -0.287773365848                    -0.562000217216
  66                    -0.048298640589                    -0.560962393527
  67                     0.191176084670                    -0.559924569837
  68                     0.433419348603                    -0.558386053049
  69                     0.672664045231                    -0.557391107477
  70                    -0.613092478360                    -0.534337947628
  71                    -0.373428450823                    -0.532743554872
  72                     0.585733578684                    -0.532175242240
  73                    -0.133953725564                    -0.531705731182
  74                     0.105520999694                    -0.530667907492
  75                     0.347764263627                    -0.529129390705
  76                    -0.701873822728                    -0.505362749054
  77                    -0.459083535798                    -0.503486892527
  78                    -0.219608810539                    -0.502449068837
  79                     0.019865914719                    -0.501411245147
  80                     0.262109178652                    -0.499872728360
  81                     0.501583903912                    -0.498834904670
  82                    -0.818339602643                    -0.491787243539
  83                     0.770283834316                    -0.486265680184
  84                    -0.544927045579                    -0.474787803653
  85                    -0.305263895515                    -0.473192406492
  86                    -0.065789170256                    -0.472154582802
  87                     0.176454093677                    -0.470616066015
  88                     0.415928818936                    -0.469578242325
  89                     0.655729312316                    -0.468475638099
  90                    -0.630899811155                    -0.445593118075
  91                    -0.390918980490                    -0.443935744148
  92                    -0.151444255231                    -0.442897920458
  93                     0.090799008702                    -0.441359403671
  94                     0.330273733961                    -0.440321579981
  95                     0.569966489337                    -0.439534031447
  96                     0.847666838682                    -0.439312336225
  97                    -0.716449775731                    -0.416030294326
  98                    -0.476574065465                    -0.414679081803
  99                    -0.237099340206                    -0.413641258113
 100                     0.005143923727                    -0.412102741326
 101                     0.244618648986                    -0.411064917636
 102                     0.484093374245                    -0.410027093946
 103                     0.723674881973                    -0.408674756520
 104                    -0.805890424294                    -0.402133666744
 105                    -0.562417575246                    -0.385979992929
 106                    -0.322754425181                    -0.384384595768
 107                    -0.080511161249                    -0.382846078981
 108                     0.158963564011                    -0.381808255291
 109                     0.398438289269                    -0.380770431601
 110                     0.637913014528                    -0.379732607912
 111                    -0.885012036840                    -0.358173272048
 112                     0.885459379540                    -0.357065939774
 113                    -0.648072660221                    -0.356723330584
 114                    -0.408409510157                    -0.355127933423
 115                    -0.166166246224                    -0.353589416636
 116                     0.795037158821                    -0.352995574442
 117                     0.073308479036                    -0.352551592946
 118                     0.312783204294                    -0.351513769256
 119                     0.552257929553                    -0.350475945567
 120                    -0.733940305398                    -0.327222483602
 121                    -0.494064595132                    -0.325871271078
 122                    -0.251821331199                    -0.324332754291
 123                    -0.012346605940                    -0.323294930601
 124                     0.227128119319                    -0.322257106912
 125                     0.466602844578                    -0.321219283222
 126                     0.711136434256                    -0.319033620859
 127                    -0.579908104913                    -0.297172182205
 128                    -0.818991389978                    -0.296253807729
 129                    -0.337476416174                    -0.295076091946
 130                    -0.098001690915                    -0.294038268256
 131                     0.141473034344                    -0.293000444567
 132                     0.380947759602                    -0.291962620877
 133                     0.620422484861                    -0.290924797187
 134                    -0.914953062728                    -0.272755002091
 135                     0.915293533206                    -0.271610283738
 136                    -0.665563189888                    -0.267915519860
 137                    -0.423131501150                    -0.265819429601
 138                    -0.183656775890                    -0.264781605911
 139                     0.055817949369                    -0.263743782222
 140                     0.783065635435                    -0.263276967111
 141                     0.295292674627                    -0.262705958532
 142                     0.534767399886                    -0.261668134843
 143                    -0.750614274469                    -0.236946843987
 144                    -0.508786586125                    -0.236562767257
 145                    -0.269311860865                    -0.235524943567
 146                    -0.029837135607                    -0.234487119877
 147                     0.209637589652                    -0.233449296187
 148                     0.449112314911                    -0.232411472498
 149                     0.688587040170                    -0.231373648808
 150                    -0.848932415866                    -0.210835537772
 151                    -0.594630095906                    -0.207863678383
 152                    -0.354966945840                    -0.206268281222
 153                    -0.115492220582                    -0.205230457532
 154                     0.123982504677                    -0.204192633843
 155                     0.363457229936                    -0.203154810153
 156                     0.602931955194                    -0.202116986463
 157                     0.847882812283                    -0.200098810607
 158                     0.936901154411                    -0.183713431805
 159                    -0.936608293868                    -0.183587072750
 160                    -0.680285180881                    -0.178607016038
 161                    -0.440622030816                    -0.177011618877
 162                    -0.201147305557                    -0.175973795187
 163                     0.759994783948                    -0.175752789392
 164                     0.038327419702                    -0.174935971498
 165                     0.277802144960                    -0.173898147808
 166                     0.517276870219                    -0.172860324118
 167                    -0.778962250690                    -0.150986747908
 168                    -0.526277115791                    -0.147754956532
 169                    -0.286802390532                    -0.146717132842
 170                    -0.047327665274                    -0.145679309153
 171                     0.192147059985                    -0.144641485463
 172                     0.431621785244                    -0.143603661773
 173                     0.671096510503                    -0.142565838084
 174                    -0.864603159975                    -0.121688616049
 175                    -0.612120625572                    -0.119055867659
 176                    -0.372457475507                    -0.117460470497
 177                    -0.132982750249                    -0.116422646808
 178                     0.106491975010                    -0.115384823118
 179                     0.345966700268                    -0.114346999428
 180                     0.585441425527                    -0.113309175739
 181                     0.824811960795                    -0.112574632888
 182                     0.913830302923                    -0.096189254087
 183                    -0.950258244950                    -0.092431953704
 184                    -0.697775710547                    -0.089799205314
 185                    -0.458112560483                    -0.088203808153
 186                    -0.218637835224                    -0.087165984463
 187                     0.020836890035                    -0.086128160773
 188                     0.260311615293                    -0.085090337084
 189                     0.499786340552                    -0.084052513394
 190                     0.739261065811                    -0.083014689704
 191                    -0.783444955087                    -0.060584030941
 192                    -0.543767645458                    -0.058947145808
 193                    -0.304292920199                    -0.057909322118
 194                    -0.064818194941                    -0.056871498428
 195                     0.174656530318                    -0.055833674739
 196                     0.414131255577                    -0.054795851049
 197                     0.653605980836                    -0.053758027360
 198                    -0.869085864372                    -0.031285899082
 199                    -0.629611155239                    -0.030248056934
 200                    -0.389948005174                    -0.028652659773
 201                    -0.150473279916                    -0.027614836083
 202                     0.089001445343                    -0.026577012394
 203                     0.328476170602                    -0.025539188704
 204                     0.567950895860                    -0.024501365015
 205                     0.807425621119                    -0.023463541325
 206                     0.954619107942                    -0.015386907222
 207                    -0.954740949347                    -0.002029236737
 208                    -0.715266240214                    -0.000991394590
 209                    -0.475603090150                     0.000604002572
 210                    -0.236128364891                     0.001641826261
 211                     0.003346360368                     0.002679649951
 212                     0.242821085626                     0.003717473641
 213                     0.482295810885                     0.004755297330
 214                     0.721770536144                     0.005793121020
 215                    -0.800921325189                     0.028265267755
 216                    -0.561258175125                     0.029860664916
 217                    -0.321783449866                     0.030898488606
 218                    -0.082308724607                     0.031936312296
 219                     0.157166000651                     0.032974135985
 220                     0.878144037185                     0.033031161991
 221                     0.396640725910                     0.034011959675
 222                     0.636115451169                     0.035049783365
 223                    -0.886576410164                     0.057521930100
 224                    -0.647101684906                     0.058559753790
 225                    -0.407438534841                     0.060155150951
 226                    -0.167963809583                     0.061192974641
 227                     0.071510915676                     0.062230798330
 228                     0.310985640934                     0.063268622020
 229                     0.550460366193                     0.064306445710
 230                     0.793860342117                     0.066031232022
 231                     0.950765689202                     0.087057466066
 232                    -0.732756769881                     0.087816416135
 233                    -0.493093619817                     0.089411813296
 234                    -0.253618894558                     0.090449636986
 235                    -0.014144169299                     0.091487460675
 236                     0.225330555959                     0.092525284365
 237                     0.464805281218                     0.093563108054
 238                     0.708204079136                     0.095284445280
 239                    -0.818411854856                     0.117073078480
 240                    -0.578748704792                     0.118668475641
 241                    -0.339273979533                     0.119706299331
 242                    -0.099799254275                     0.120744123020
 243                     0.139675470984                     0.121781946710
 244                     0.379150196243                     0.122819770400
 245                     0.867666711392                     0.122936509540
 246                     0.618624921501                     0.123857594089
 247                    -0.946474391202                     0.125381916405
 248                    -0.664592214573                     0.147367564514
 249                    -0.424929064508                     0.148962961675
 250                    -0.185454339250                     0.150000785365
 251                     0.054020386009                     0.151038609055
 252                     0.293495111268                     0.152076432744
 253                     0.532969836526                     0.153114256434
 254                     0.779790117992                     0.155444934722
 255                    -0.750247299548                     0.176624226859
 256                    -0.510584149483                     0.178219624020
 257                    -0.271109424225                     0.179257447710
 258                    -0.031634698966                     0.180295271400
 259                     0.207840026292                     0.181333095089
 260                     0.447314751551                     0.182370918779
 261                     0.686919142618                     0.183259995015
 262                     0.936801768414                     0.184151481503
 263                    -0.835902384523                     0.205880889204
 264                    -0.596239234459                     0.207476286365
 265                    -0.356764509200                     0.208514110055
 266                    -0.117289783941                     0.209551933744
 267                     0.122184941317                     0.210589757434
 268                     0.361659666576                     0.211627581124
 269                     0.850598765312                     0.211826503860
 270                     0.601134391834                     0.212665404813
 271                    -0.930347612799                     0.214447470308
 272                    -0.682082744240                     0.236175375238
 273                    -0.442419594175                     0.237770772400
 274                    -0.202944868917                     0.238808596089
 275                     0.036529856342                     0.239846419779
 276                     0.276004581601                     0.240884243469
 277                     0.515479306859                     0.241922067158
 278                     0.754953871754                     0.242959421352
 279                    -0.528074679151                     0.267027434744
 280                    -0.288599953892                     0.268065258434
 281                    -0.049125228633                     0.269103082124
 282                    -0.771367779017                     0.269347656617
 283                     0.190349496625                     0.270140905814
 284                     0.429824221884                     0.271178729503
 285                     0.669298947143                     0.272216553193
 286                     0.913788107500                     0.276632775991
 287                    -0.876160286329                     0.286949053213
 288                    -0.614074288795                     0.296215821955
 289                    -0.374255038867                     0.297321920779
 290                    -0.134780313608                     0.298359744469
 291                     0.826069558417                     0.298953215509
 292                     0.104694411650                     0.299397568158
 293                     0.344169136909                     0.300435391848
 294                     0.583643862167                     0.301473215538
 295                    -0.699918060161                     0.324914585172
 296                    -0.459910123842                     0.326578583124
 297                    -0.220435398584                     0.327616406814
 298                     0.019039326675                     0.328654230503
 299                     0.258514051934                     0.329692054193
 300                     0.497988777192                     0.330729877882
 301                     0.738268667565                     0.332027843182
 302                    -0.545565208817                     0.355835245469
 303                    -0.306090483559                     0.356873069159
 304                    -0.066615758300                     0.357910892848
 305                    -0.788514019343                     0.358222581744
 306                     0.172858966958                     0.358948716538
 307                     0.412333692217                     0.359986540227
 308                     0.651808417476                     0.361024363917
 309                     0.879187263349                     0.372242063886
 310                    -0.876960015399                     0.377459308472
 311                    -0.631220293793                     0.385091907813
 312                    -0.391745568534                     0.386129731503
 313                    -0.152270843275                     0.387167555193
 314                     0.087203881983                     0.388205378883
 315                     0.326678607242                     0.389243202572
 316                     0.566153332500                     0.390281026262
 317                    -0.717064300486                     0.413789510299
 318                    -0.477400653509                     0.415386393848
 319                    -0.237925928250                     0.416424217538
 320                     0.001548797008                     0.417462041227
 321                     0.241023522267                     0.418499864917
 322                     0.480498247525                     0.419537688607
 323                     0.719497928155                     0.421114929047
 324                     0.809566267685                     0.430083768878
 325                    -0.563055738485                     0.444643056193
 326                    -0.323581013225                     0.445680879883
 327                    -0.084106287967                     0.446718703573
 328                     0.155368437291                     0.447756527262
 329                     0.394843162550                     0.448794350952
 330                     0.636492513032                     0.457209900082
 331                    -0.837274463618                     0.458809187719
 332                    -0.650059018775                     0.474738856768
 333                    -0.409236098201                     0.474937542228
 334                    -0.169761372942                     0.475975365918
 335                     0.069713352316                     0.477013189607
 336                     0.309188077575                     0.478051013297
 337                     0.548662802833                     0.479088836986
 338                    -0.754785253155                     0.496068764084
 339                    -0.494891183175                     0.504194204573
 340                    -0.255416457917                     0.505232028263
 341                    -0.015941732659                     0.506269851952
 342                     0.223532992599                     0.507307675641
 343                     0.463007717858                     0.508345499331
 344                     0.710426672601                     0.511173011396
 345                     0.800609125186                     0.520153272440
 346                    -0.580546268151                     0.533450866918
 347                    -0.341071542893                     0.534488690608
 348                    -0.101596817634                     0.535526514297
 349                     0.137877907624                     0.536564337986
 350                     0.377352632883                     0.537602161676
 351                     0.627421257479                     0.547267982431
 352                    -0.426726627868                     0.563745352953
 353                    -0.187251902609                     0.564783176642
 354                    -0.665431241138                     0.564871994117
 355                     0.052222822649                     0.565821000332
 356                     0.291697547908                     0.566858824021
 357                     0.539043759440                     0.569090058522
 358                    -0.753305711175                     0.586570459257
 359                     0.747753889268                     0.593631635988
 360                    -0.272906987584                     0.594039838987
 361                    -0.033432262326                     0.595077662676
 362                     0.206042462933                     0.596115486366
 363                     0.445517188191                     0.597153310055
 364                    -0.521614051224                     0.602151228502
 365                    -0.358769242326                     0.623534084463
 366                    -0.119087347301                     0.624334325021
 367                     0.120387377957                     0.625372148711
 368                     0.359862103216                     0.626409972400
 369                    -0.606499024212                     0.633572355702
 370                     0.601987461218                     0.634134937491
 371                    -0.446161620405                     0.652147993969
 372                    -0.204742432276                     0.653590987367
 373                     0.034732292982                     0.654628811056
 374                    -0.694373494249                     0.655270820842
 375                     0.274011113145                     0.655890133683
 376                     0.514185092755                     0.656123342754
 377                     0.688177944178                     0.661774519991
 378                    -0.290397517251                     0.682847649711
 379                    -0.050922791993                     0.683885473401
 380                     0.428881854653                     0.686733284148
 381                     0.190010363973                     0.689603929260
 382                    -0.538357287589                     0.693149613139
 383                    -0.375950231796                     0.712402326292
 384                    -0.136577876968                     0.713142135746
 385                     0.102896848291                     0.714179959435
 386                     0.342370470034                     0.715217565782
 387                    -0.624338497638                     0.722312508262
 388                     0.622416750320                     0.723969465573
 389                    -0.461722313186                     0.741314191117
 390                     0.017241763315                     0.743436621780
 391                     0.534236154337                     0.744388289381
 392                    -0.220467811246                     0.747130733842
 393                     0.258881405647                     0.751286581972
 394                    -0.307578773804                     0.771715812160
 395                    -0.071775150285                     0.776335113901
 396                     0.172527843216                     0.778413316949
 397                     0.406815626260                     0.778775159448
 398                    -0.545788309549                     0.783357848829
 399                     0.085406318623                     0.802987770160
 400                    -0.155485698688                     0.810763154211
 401                     0.323654504557                     0.814509928381
 402                     0.486667542443                     0.821394607539
 403                    -0.378721334723                     0.827675457436
 404                    -0.469153335145                     0.831522426807
 405                    -0.000546592899                     0.832185257020
 406                    -0.242731990148                     0.834863579524
 407                     0.237793925910                     0.843157910999
 408                     0.150246899553                     0.866141906511
 409                    -0.084257141303                     0.866613297330
 410                     0.396182283104                     0.868662187917
 411                    -0.322512423736                     0.898621240956
 412                     0.308074389503                     0.903672747125
 413                     0.026403994339                     0.918593657775
 414                    -0.235965649936                     0.925124105303
 415                     0.213925136726                     0.930467857606
 416                    -0.147298049310                     0.943312081355
 417                     0.111953892001                     0.948156487204
 418                    -0.057306554064                     0.953021698086
