   1                     0.005495065199                    -0.959527578047
   2                    -0.075364570101                    -0.956579087346
   3                     0.086315626820                    -0.955653170005
   4                     0.176830802279                    -0.943102171956
   5                    -0.219779140428                    -0.934034527310
   6                     0.256021901200                    -0.924757349190
   7                    -0.297690061858                    -0.912197344792
   8                    -0.142215379670                    -0.910994622027
   9                     0.344394146052                    -0.895609312669
  10                     0.040777404998                    -0.886711846803
  11                    -0.373484202910                    -0.883873813930
  12                    -0.040082230302                    -0.883763356101
  13                     0.121597966619                    -0.882837438761
  14                     0.200681765554                    -0.865728173310
  15                     0.418624698102                    -0.863409943719
  16                    -0.246354730751                    -0.849654095768
  17                    -0.449624454221                    -0.847679903584
  18                     0.279472599254                    -0.847316797931
  19                    -0.166977316253                    -0.833963325043
  20                    -0.087599901754                    -0.818272554319
  21                     0.353703151303                    -0.815117428982
  22                     0.072126919388                    -0.812118400938
  23                    -0.519442828742                    -0.806785297612
  24                    -0.381902764078                    -0.803399581742
  25                    -0.008222487256                    -0.802581783594
  26                     0.152259309366                    -0.800903487000
  27                     0.462613152293                    -0.795498309103
  28                    -0.301964065281                    -0.790878453435
  29                     0.543393031860                    -0.790852313457
  30                     0.231050143066                    -0.782492111622
  31                    -0.220254629554                    -0.773065852963
  32                    -0.452104040274                    -0.761924827410
  33                    -0.140877215056                    -0.757375082239
  34                     0.302770036298                    -0.745032384806
  35                     0.608090308406                    -0.742259756148
  36                    -0.061499800558                    -0.741684311514
  37                     0.383520367835                    -0.739898363469
  38                     0.098677516398                    -0.735685161986
  39                    -0.551727708648                    -0.732591896640
  40                    -0.352909357354                    -0.727859151608
  41                     0.018291126537                    -0.726135707814
  42                    -0.631951785957                    -0.722052843634
  43                     0.178276105170                    -0.721157984560
  44                     0.460382327066                    -0.714615692694
  45                    -0.273531942856                    -0.712168380883
  46                     0.539759741564                    -0.698924921969
  47                    -0.194154528357                    -0.696477610159
  48                     0.668463646073                    -0.688389223226
  49                    -0.484388920187                    -0.687731426436
  50                     0.249995998402                    -0.683698257744
  51                    -0.114777113859                    -0.680786839434
  52                     0.329505562155                    -0.668662869264
  53                    -0.406186670656                    -0.666961679528
  54                    -0.035399699361                    -0.665096068710
  55                    -0.696691517104                    -0.659806258510
  56                     0.124326784089                    -0.658944760076
  57                     0.408750827398                    -0.652316716295
  58                    -0.326809256157                    -0.651270908803
  59                     0.043977715137                    -0.649405297985
  60                    -0.617043647986                    -0.642524725081
  61                     0.488128241896                    -0.636625945570
  62                    -0.247431841659                    -0.635580138079
  63                     0.724083749049                    -0.629623771102
  64                    -0.537666233488                    -0.626833954356
  65                     0.567896487920                    -0.623061243413
  66                     0.196718685100                    -0.622800785664
  67                    -0.168054427161                    -0.619889367354
  68                     0.276096099599                    -0.607110014940
  69                    -0.459463983957                    -0.606064207448
  70                     0.646868286065                    -0.605442239008
  71                    -0.088677012662                    -0.604198596629
  72                    -0.751398839879                    -0.596760548463
  73                     0.355473514097                    -0.591419244215
  74                    -0.380086569459                    -0.590373436723
  75                    -0.009299598164                    -0.588507825905
  76                    -0.671689746614                    -0.582852469189
  77                     0.434850928595                    -0.575728473490
  78                    -0.300709154961                    -0.574682665999
  79                     0.070077816334                    -0.572817055180
  80                    -0.590943546790                    -0.565936482276
  81                     0.514228343093                    -0.560037702765
  82                    -0.221331740462                    -0.558991895274
  83                     0.149455230832                    -0.557126284456
  84                     0.750140809481                    -0.553020874160
  85                    -0.512741297259                    -0.545166735368
  86                     0.593636784703                    -0.544504717880
  87                    -0.141954325964                    -0.543301124549
  88                     0.228832645330                    -0.541435513731
  89                    -0.433363882761                    -0.529475964643
  90                     0.672982887147                    -0.528656366377
  91                    -0.062576911466                    -0.527610353825
  92                     0.308210059828                    -0.525744743006
  93                    -0.804471324104                    -0.523019366246
  94                    -0.723589043216                    -0.520776409145
  95                    -0.353986468262                    -0.513785193919
  96                     0.016800503032                    -0.511919583100
  97                     0.387587474327                    -0.510053972281
  98                     0.815610101482                    -0.505473571153
  99                    -0.644220860090                    -0.505039010196
 100                    -0.274609053764                    -0.498094423194
 101                     0.096177917530                    -0.496228812376
 102                     0.466964888825                    -0.494363201557
 103                    -0.566018610560                    -0.484269263287
 104                    -0.195231639266                    -0.482403652469
 105                     0.175555332029                    -0.480538041651
 106                     0.546373327368                    -0.478830104732
 107                    -0.486641196061                    -0.468578492563
 108                    -0.115854224768                    -0.466712881745
 109                     0.254932746527                    -0.464847270926
 110                     0.625719717821                    -0.462981660107
 111                     0.708237649141                    -0.454964024765
 112                    -0.407263781564                    -0.452887721838
 113                    -0.036476810269                    -0.451022111020
 114                     0.334310161025                    -0.449156500201
 115                    -0.778379224912                    -0.446428396948
 116                    -0.697498173392                    -0.444141538116
 117                    -0.327886367065                    -0.437196951114
 118                     0.042900604229                    -0.435331340296
 119                     0.413687575523                    -0.433465729477
 120                    -0.857663724186                    -0.430274685510
 121                     0.786110044999                    -0.430129554232
 122                    -0.619295923861                    -0.423371791207
 123                    -0.248508952567                    -0.421506180389
 124                     0.122278018727                    -0.419640569571
 125                     0.493064990022                    -0.417774958752
 126                     0.865469751247                    -0.414349464161
 127                    -0.539918509363                    -0.407681020483
 128                    -0.169131538069                    -0.405815409665
 129                     0.201655433225                    -0.403949798846
 130                     0.572442404520                    -0.402084188027
 131                    -0.460541094865                    -0.391990249758
 132                    -0.089754123571                    -0.390124638940
 133                     0.281032847723                    -0.388259028122
 134                     0.651819819018                    -0.386393417303
 135                    -0.381163680367                    -0.376299479034
 136                    -0.010376709073                    -0.374433868216
 137                     0.360410262222                    -0.372568257397
 138                     0.731197233516                    -0.370702646578
 139                    -0.776033643336                    -0.365549027110
 140                    -0.673836957432                    -0.363603320193
 141                    -0.301786265869                    -0.360608708309
 142                     0.069000705426                    -0.358743097491
 143                     0.439787676720                    -0.356877486672
 144                    -0.890865033140                    -0.356486832160
 145                     0.813424734509                    -0.352395526021
 146                    -0.594324011231                    -0.346408307672
 147                    -0.222408851371                    -0.344917937585
 148                     0.148378119924                    -0.343052326766
 149                     0.519165091218                    -0.341186715947
 150                     0.897301608861                    -0.339960573464
 151                    -0.514946596732                    -0.330717536947
 152                    -0.143031436872                    -0.329227166860
 153                     0.227755534422                    -0.327361556042
 154                     0.598542505716                    -0.325495945223
 155                    -0.435569182234                    -0.315026766223
 156                    -0.063654022374                    -0.313536396136
 157                     0.307132948920                    -0.311670785317
 158                     0.677919920215                    -0.309805174498
 159                    -0.828978202296                    -0.304362035887
 160                    -0.726978739065                    -0.301201606142
 161                    -0.356191767735                    -0.299335995498
 162                     0.015723392124                    -0.297845625411
 163                     0.386510363418                    -0.295980014592
 164                     0.757297334713                    -0.294114403773
 165                    -0.647601324532                    -0.285510835591
 166                    -0.276814353237                    -0.283645224774
 167                     0.095100806622                    -0.282154854686
 168                     0.465887777916                    -0.280289243868
 169                    -0.917731681107                    -0.280164113095
 170                     0.845256592123                    -0.278006635323
 171                    -0.568223910033                    -0.269820064867
 172                    -0.197436938739                    -0.267954454049
 173                     0.174478221120                    -0.266464083962
 174                     0.545265192415                    -0.264598473143
 175                     0.923768269916                    -0.257487081111
 176                    -0.488846495535                    -0.254129294143
 177                    -0.118059524241                    -0.252263683325
 178                     0.253855635618                    -0.250773313237
 179                     0.624642606913                    -0.248907702418
 180                    -0.780378793492                    -0.239669905902
 181                    -0.409469081037                    -0.238438523418
 182                    -0.038682109742                    -0.236572912600
 183                     0.333233050117                    -0.235082542512
 184                     0.704020021411                    -0.233216931693
 185                    -0.700878637867                    -0.224613363337
 186                    -0.859713558216                    -0.223764896483
 187                    -0.330091666539                    -0.222747752694
 188                     0.040695304756                    -0.220882141876
 189                     0.412610464615                    -0.219391771788
 190                     0.786782751519                    -0.218764656500
 191                    -0.621501223335                    -0.208922592787
 192                    -0.250714252040                    -0.207056981969
 193                     0.120072719254                    -0.205191371151
 194                     0.491987879113                    -0.203701001063
 195                    -0.938072627806                    -0.201849235161
 196                     0.865403916746                    -0.199641722710
 197                    -0.542123808837                    -0.193231822063
 198                    -0.171336837542                    -0.191366211245
 199                     0.199450133752                    -0.189500600427
 200                     0.571365293611                    -0.188010230338
 201                    -0.462746394338                    -0.177541051338
 202                     0.943080117475                    -0.176983786822
 203                    -0.091959423044                    -0.175675440520
 204                     0.278827548251                    -0.173809829702
 205                     0.650742708110                    -0.172319459614
 206                    -0.383368979840                    -0.161850280614
 207                    -0.760564449381                    -0.161220138625
 208                    -0.012582008546                    -0.159984669796
 209                     0.358204962749                    -0.158119058977
 210                     0.730120122608                    -0.156628688889
 211                    -0.674781873861                    -0.148023983351
 212                    -0.303991565342                    -0.146159509889
 213                    -0.880054504915                    -0.145450018549
 214                     0.066795405953                    -0.144293899071
 215                     0.437582377247                    -0.142428288253
 216                     0.809532387675                    -0.141115263244
 217                    -0.595401122140                    -0.132334349982
 218                    -0.224614150844                    -0.130468739165
 219                     0.146172820451                    -0.128603128347
 220                     0.516959791746                    -0.126737517528
 221                    -0.516023707641                    -0.116643579258
 222                    -0.145236736346                    -0.114777968440
 223                     0.225550234949                    -0.112912357622
 224                     0.596337206244                    -0.111046746803
 225                    -0.953135042713                    -0.110697076384
 226                     0.903507154966                    -0.106407906689
 227                    -0.436646293143                    -0.100952808533
 228                    -0.813007273207                    -0.099602572561
 229                    -0.065859321848                    -0.099087197716
 230                     0.304927649447                    -0.097221586898
 231                     0.675714620742                    -0.095355976079
 232                    -0.728056533572                    -0.087124189829
 233                    -0.357268878645                    -0.085262037809
 234                     0.013518092651                    -0.083396426991
 235                     0.384305063946                    -0.081530816173
 236                     0.755092035240                    -0.079665205354
 237                    -0.648678435441                    -0.071436877902
 238                    -0.277891464146                    -0.069571267084
 239                     0.092895507149                    -0.067705656267
 240                     0.463682478444                    -0.065840045448
 241                    -0.886033427796                    -0.064757846069
 242                     0.834504300308                    -0.064151779709
 243                    -0.569301020943                    -0.055746107177
 244                    -0.198514049648                    -0.053880496360
 245                     0.172272921647                    -0.052014885542
 246                     0.543059892942                    -0.050149274723
 247                     0.958393674684                    -0.046956715181
 248                    -0.489923606444                    -0.040055336453
 249                    -0.119136635150                    -0.038189725636
 250                     0.251650336145                    -0.036324114817
 251                     0.622437307440                    -0.034458503999
 252                    -0.959075872483                    -0.029947280253
 253                    -0.781557143164                    -0.025051492498
 254                    -0.410546191946                    -0.024364565729
 255                    -0.039759220651                    -0.022498954911
 256                     0.331027750644                    -0.020633344093
 257                     0.701814721939                    -0.018767733274
 258                    -0.701956432375                    -0.010535947024
 259                    -0.331168777448                    -0.008673795004
 260                     0.039618193847                    -0.006808184187
 261                     0.410405165142                    -0.004942573368
 262                     0.889390820025                    -0.004700588202
 263                     0.781402526804                    -0.003101161793
 264                    -0.622578334244                     0.005151364903
 265                    -0.251791362950                     0.007016975720
 266                     0.118995608345                     0.008882586538
 267                    -0.854583297752                     0.009793233995
 268                     0.489782579640                     0.010748197357
 269                    -0.543200919746                     0.020842135627
 270                    -0.172413948451                     0.022707746445
 271                     0.198373022844                     0.024573357263
 272                     0.569159994138                     0.026438968081
 273                    -0.463823505248                     0.036532906351
 274                     0.958836469637                     0.036823813881
 275                    -0.093036533953                     0.038398517169
 276                     0.277750437342                     0.040264127987
 277                     0.648537408637                     0.042129738806
 278                    -0.958189084321                     0.050961234905
 279                    -0.755927177669                     0.051695358168
 280                    -0.384446090749                     0.052223677076
 281                    -0.013659119455                     0.054089287894
 282                     0.357127851840                     0.055954898712
 283                     0.727914823134                     0.057820509531
 284                    -0.676326466881                     0.066210903641
 285                    -0.305068676251                     0.067914447800
 286                     0.065718295044                     0.069780058618
 287                     0.436505266338                     0.071645669437
 288                     0.807282207574                     0.073561935943
 289                     0.888152457750                     0.076203309586
 290                    -0.596478233048                     0.081739607707
 291                    -0.225691261753                     0.083605218524
 292                    -0.884728870882                     0.084881306543
 293                     0.145095709542                     0.085470829343
 294                     0.515882680836                     0.087336440161
 295                    -0.517100818549                     0.097430378431
 296                    -0.146313847254                     0.099295989249
 297                     0.224473124040                     0.101161600067
 298                     0.595260095335                     0.103027210886
 299                    -0.808828727461                     0.112919538424
 300                    -0.437723404051                     0.113121149156
 301                    -0.066936432756                     0.114986759974
 302                     0.303850538538                     0.116852370792
 303                     0.674637509833                     0.118717981611
 304                     0.951095255320                     0.127047959770
 305                    -0.729356257138                     0.128121534315
 306                    -0.358345989553                     0.128811919880
 307                     0.012440981742                     0.130677530698
 308                     0.383227953037                     0.132543141517
 309                    -0.949904115107                     0.135493555102
 310                     0.755441382743                     0.135686835132
 311                    -0.649755546349                     0.142637079788
 312                    -0.278968575054                     0.144502690605
 313                     0.091818396240                     0.146368301423
 314                     0.843432757358                     0.147835229391
 315                     0.462605367535                     0.148233912241
 316                    -0.570378131851                     0.158327850511
 317                    -0.199591160556                     0.160193461329
 318                     0.171195810739                     0.162059072147
 319                     0.541982782033                     0.163924682966
 320                    -0.874390943750                     0.165131549415
 321                    -0.491000717352                     0.174018621236
 322                    -0.120213746058                     0.175884232054
 323                     0.250573225237                     0.177749842872
 324                     0.621360196531                     0.179615453691
 325                    -0.411623302854                     0.189709391960
 326                    -0.040836331559                     0.191575002778
 327                    -0.794494677614                     0.192553132047
 328                     0.329950639735                     0.193440613597
 329                     0.700737611029                     0.195306224415
 330                    -0.332245888356                     0.205400162685
 331                     0.937010008375                     0.206725936883
 332                    -0.712249423446                     0.207205859307
 333                     0.038541082939                     0.207265773503
 334                     0.409328054233                     0.209131384321
 335                     0.779721402563                     0.212871385761
 336                    -0.623655445152                     0.219225322592
 337                    -0.934025093235                     0.219819230236
 338                    -0.252868473858                     0.221090933409
 339                     0.117918497437                     0.222956544227
 340                     0.488705468731                     0.224822155046
 341                     0.859098817061                     0.228562156484
 342                    -0.544278030654                     0.234916093316
 343                    -0.173491059359                     0.236781704134
 344                     0.197295911935                     0.238647314952
 345                     0.568082883230                     0.240512925771
 346                    -0.856847097627                     0.244120078212
 347                    -0.464900616155                     0.250606864040
 348                    -0.094113644861                     0.252472474858
 349                     0.276673326434                     0.254338085677
 350                     0.647460297728                     0.256203696496
 351                    -0.385523201657                     0.266297634765
 352                    -0.765526736748                     0.268103331387
 353                    -0.014736230363                     0.268163245583
 354                     0.356050740932                     0.270028856401
 355                     0.726444089263                     0.273768857842
 356                    -0.677019377116                     0.280046905798
 357                    -0.306145787159                     0.281988405489
 358                     0.064641184135                     0.283854016307
 359                     0.435428155430                     0.285719627126
 360                     0.915858730168                     0.286227453523
 361                     0.805821503761                     0.289459628565
 362                    -0.597555343955                     0.295813565396
 363                    -0.226768372661                     0.297679176214
 364                     0.144018598634                     0.299544787032
 365                     0.514805569928                     0.301410397851
 366                    -0.909629242788                     0.305447228567
 367                    -0.518177929457                     0.311504336120
 368                    -0.147390958162                     0.313369946938
 369                     0.223396013132                     0.315235557756
 370                     0.594182984427                     0.317101168576
 371                    -0.827879156761                     0.319670277552
 372                    -0.438800514959                     0.327195106845
 373                    -0.068013543664                     0.329060717663
 374                     0.302773427630                     0.330926328481
 375                     0.673166775961                     0.334666329922
 376                    -0.730296690417                     0.340944377878
 377                    -0.359423100460                     0.342885877569
 378                     0.011363870834                     0.344751488388
 379                     0.382150842128                     0.346617099206
 380                     0.862581416868                     0.347124925604
 381                     0.752674713142                     0.350696019902
 382                    -0.650919275919                     0.356635148603
 383                    -0.280045685962                     0.358576648294
 384                     0.090741285333                     0.360442259112
 385                     0.461528256627                     0.362307869931
 386                    -0.571455242759                     0.372401808201
 387                    -0.200668271464                     0.374267419018
 388                     0.170118699831                     0.376133029837
 389                     0.540905671124                     0.377998640655
 390                    -0.880661301922                     0.380997427907
 391                    -0.492077828260                     0.388092578925
 392                    -0.121290856965                     0.389958189743
 393                     0.249496114329                     0.391823800562
 394                    -0.792649110431                     0.392511324043
 395                     0.619211374172                     0.398374878990
 396                    -0.412700413762                     0.403783349649
 397                    -0.041913442467                     0.405648960468
 398                     0.328873528827                     0.407514571287
 399                     0.699082995974                     0.411316990445
 400                    -0.704196589220                     0.417532620682
 401                    -0.333322999264                     0.419474120374
 402                     0.037463972031                     0.421339731192
 403                     0.408250943326                     0.423205342011
 404                     0.858825501177                     0.427951080502
 405                     0.777926944824                     0.429499563095
 406                    -0.624819174722                     0.433223391407
 407                    -0.253945584765                     0.435164891098
 408                     0.116841386529                     0.437030501917
 409                     0.487628357824                     0.438896112736
 410                    -0.545463379923                     0.449026862917
 411                    -0.174568170267                     0.450855661823
 412                     0.196218801028                     0.452721272642
 413                    -0.845431255591                     0.453838474398
 414                    -0.465977727063                     0.464680821729
 415                    -0.095190755769                     0.466546432548
 416                     0.275596215526                     0.468412043367
 417                     0.580103121257                     0.469209325217
 418                    -0.766080076249                     0.469661386749
 419                    -0.386600312565                     0.480371592454
 420                     0.659974743060                     0.482151436673
 421                    -0.015813341271                     0.482237203272
 422                     0.354973630024                     0.484102814091
 423                    -0.307222898067                     0.496062363178
 424                     0.063564073228                     0.497927973997
 425                     0.819717248263                     0.498785526730
 426                     0.434351044522                     0.499793584816
 427                     0.738818691909                     0.500334009322
 428                    -0.227845483569                     0.511753133903
 429                     0.142941487726                     0.513618744722
 430                    -0.629805078049                     0.513983003754
 431                     0.513728459021                     0.515484355541
 432                    -0.519255040365                     0.525578293809
 433                    -0.148468069070                     0.527443904628
 434                    -0.709569372256                     0.527570924414
 435                     0.222318902224                     0.529309515447
 436                    -0.439877625867                     0.541269064534
 437                    -0.069090654572                     0.543134675352
 438                     0.608652677097                     0.544970597150
 439                     0.301696316723                     0.545000286171
 440                    -0.787975854992                     0.547555860824
 441                    -0.360500211368                     0.556959835258
 442                     0.010286759926                     0.558825446077
 443                     0.381073731221                     0.560691056896
 444                     0.687559962206                     0.562940054138
 445                    -0.281122796870                     0.572650605983
 446                     0.089664174424                     0.574516216802
 447                     0.767407752299                     0.576028393819
 448                     0.460451145719                     0.576381827620
 449                    -0.580664309263                     0.578264875704
 450                    -0.201745382372                     0.588341376707
 451                     0.169041588923                     0.590206987526
 452                     0.542269285692                     0.591237851782
 453                    -0.660517393683                     0.592189411141
 454                    -0.494026689434                     0.602911293826
 455                    -0.122367967874                     0.604032147432
 456                     0.248419003421                     0.605897758251
 457                    -0.739042806572                     0.611995995761
 458                    -0.413777524669                     0.617857307339
 459                    -0.042990553376                     0.619722918157
 460                     0.327796417919                     0.621588528976
 461                     0.635643068522                     0.625001397731
 462                    -0.334611462214                     0.634625816192
 463                     0.036386861123                     0.635413688882
 464                     0.407173832417                     0.637279299700
 465                     0.715940526008                     0.638838213413
 466                    -0.255022695674                     0.649238848788
 467                     0.115764275621                     0.651104459606
 468                     0.487852114175                     0.652514351196
 469                    -0.605722480989                     0.655200317784
 470                    -0.175645281175                     0.664929619512
 471                     0.195141690119                     0.666795230331
 472                     0.567229528674                     0.668205121921
 473                    -0.684854657256                     0.672084419704
 474                    -0.096267866677                     0.680620390237
 475                    -0.464080595457                     0.681233764226
 476                     0.274519104617                     0.682486001055
 477                    -0.016890452179                     0.696311160962
 478                     0.651664815976                     0.704312669483
 479                    -0.541572730772                     0.704513437392
 480                    -0.388342208561                     0.709706048449
 481                    -0.307437355936                     0.710880373817
 482                     0.062486962319                     0.712001931686
 483                     0.352522564154                     0.712272474507
 484                     0.434574800874                     0.713411823276
 485                     0.141864376817                     0.727692702411
 486                     0.513952215372                     0.729102594000
 487                    -0.616354020200                     0.735412190922
 488                    -0.231352748933                     0.740480789281
 489                    -0.149545179979                     0.741517862316
 490                     0.590009655219                     0.756711289411
 491                    -0.070167765481                     0.757208633041
 492                    -0.474712134668                     0.761445637365
 493                     0.287109639637                     0.762413797511
 494                     0.207240076751                     0.775368609079
 495                    -0.552204269983                     0.784725310530
 496                    -0.398973747773                     0.789917921587
 497                    -0.318068895148                     0.791092246955
 498                     0.055208726115                     0.792587299441
 499                     0.435014885173                     0.794324001248
 500                     0.355010568649                     0.806418775157
 501                     0.514392299671                     0.810014771972
 502                     0.134190094300                     0.810163354117
 503                    -0.185433281592                     0.814036952086
 504                    -0.020515785626                     0.821096465333
 505                    -0.106055867093                     0.829727722811
 506                    -0.461500662661                     0.841273146569
 507                     0.271994136137                     0.843433389291
 508                    -0.259407150808                     0.846821718237
 509                     0.193940441389                     0.864804121875
 510                     0.405487108369                     0.869657158724
 511                    -0.388982694717                     0.877163514965
 512                     0.031157703422                     0.884716712234
 513                     0.115192132391                     0.888814810949
 514                    -0.164637543248                     0.892232293923
 515                    -0.056403887239                     0.893615555102
 516                     0.330776937740                     0.900727476118
 517                    -0.313698793203                     0.906816649559
 518                     0.253714716368                     0.925393003795
 519                    -0.236184278260                     0.930021696240
 520                     0.174848409466                     0.943478352948
 521                    -0.111289372198                     0.953067701903
 522                     0.071441745681                     0.956880058183
 523                    -0.009429299396                     0.959496981281
