   1                    -0.018690664744                    -0.961567087131
   2                     0.057796054696                    -0.960010531225
   3                    -0.142007695718                    -0.951206822073
   4                     0.174786781314                    -0.945732618175
   5                    -0.217162551861                    -0.936910363947
   6                     0.244388758451                    -0.913980360056
   7                    -0.076582753662                    -0.911555616871
   8                     0.320549554252                    -0.906757182090
   9                     0.110381404408                    -0.904445955166
  10                    -0.332246506115                    -0.902536904052
  11                    -0.004325505477                    -0.886425332319
  12                     0.391606592424                    -0.878410428429
  13                    -0.261140939502                    -0.874312100892
  14                    -0.145355823453                    -0.874261589818
  15                     0.182089507724                    -0.869579408762
  16                    -0.396075487087                    -0.860364610954
  17                     0.060759916520                    -0.846219251182
  18                     0.460185759826                    -0.844505577516
  19                    -0.469619744867                    -0.839296073643
  20                     0.251285184782                    -0.836951209402
  21                    -0.071290448597                    -0.835236336056
  22                     0.327521391026                    -0.830572967131
  23                    -0.327638719442                    -0.826173238485
  24                    -0.203401438349                    -0.824124541441
  25                     0.129955593578                    -0.813591051823
  26                     0.526052615156                    -0.805015440949
  27                    -0.002094771537                    -0.802608136701
  28                    -0.534843200302                    -0.799314303070
  29                    -0.134145136651                    -0.791625221572
  30                    -0.390534729580                    -0.782561506335
  31                     0.199151270636                    -0.780962852463
  32                    -0.266256126404                    -0.780513426956
  33                     0.382630438657                    -0.777510419263
  34                     0.067100905519                    -0.769979937338
  35                     0.458542137074                    -0.768020679522
  36                    -0.464483177528                    -0.762958747267
  37                     0.274439752328                    -0.760546132685
  38                     0.588783505366                    -0.760101142084
  39                    -0.064949459593                    -0.758997022212
  40                    -0.596682462624                    -0.754274911951
  41                    -0.197060449346                    -0.747885227597
  42                     0.136296582577                    -0.737351737978
  43                    -0.329130535216                    -0.736930748820
  44                     0.004246217465                    -0.726368822853
  45                     0.514899375828                    -0.716285751698
  46                     0.337542624747                    -0.715706453744
  47                    -0.127804147647                    -0.715385907728
  48                     0.205492259635                    -0.704723538619
  49                    -0.654746247051                    -0.704462884739
  50                    -0.259915137400                    -0.704274113112
  51                    -0.399073817343                    -0.703382785465
  52                    -0.510690434336                    -0.701987192135
  53                     0.658648669996                    -0.700815620198
  54                     0.412653565550                    -0.699350008348
  55                     0.073441894523                    -0.693740623494
  56                     0.584095052886                    -0.683657552338
  57                    -0.058608470589                    -0.682757708368
  58                    -0.583160814843                    -0.677478314841
  59                     0.274687936693                    -0.672095339260
  60                    -0.190719460342                    -0.671645913753
  61                     0.142637571581                    -0.661112424134
  62                    -0.322789546212                    -0.660691434976
  63                     0.475933978863                    -0.650450055025
  64                    -0.708667157943                    -0.650193404500
  65                     0.010587206469                    -0.650129509009
  66                    -0.454831252698                    -0.649714895996
  67                     0.343883613751                    -0.639467139900
  68                    -0.121463158643                    -0.639146593884
  69                     0.685254792378                    -0.629088670111
  70                     0.211833248639                    -0.628484224775
  71                    -0.253574148396                    -0.628034799268
  72                    -0.632281928697                    -0.618828870763
  73                     0.545129655921                    -0.617821855666
  74                     0.079782883527                    -0.617501309650
  75                    -0.385640869704                    -0.617075471703
  76                    -0.520412709105                    -0.610176872652
  77                     0.413079290809                    -0.606838940541
  78                    -0.052267481585                    -0.606518394524
  79                     0.754450469436                    -0.596460470752
  80                     0.281028925697                    -0.595856025416
  81                    -0.184378471338                    -0.595406599909
  82                     0.617569779261                    -0.592928043558
  83                     0.148978560585                    -0.584873110290
  84                    -0.316445193961                    -0.584447269555
  85                    -0.694937979100                    -0.574932851982
  86                    -0.771438083561                    -0.574320369858
  87                     0.482274967867                    -0.574210741181
  88                     0.016928195473                    -0.573890195165
  89                    -0.448497388127                    -0.573466995364
  90                     0.350224602755                    -0.563227826056
  91                    -0.115122169639                    -0.562907280040
  92                    -0.580553106760                    -0.562466027524
  93                     0.683492573523                    -0.552606412681
  94                     0.218174237643                    -0.552244910931
  95                    -0.247233159392                    -0.551795485424
  96                     0.551470644925                    -0.541582541822
  97                     0.086123872531                    -0.541261995806
  98                    -0.379299883773                    -0.540836157604
  99                     0.419420279813                    -0.530599626697
 100                    -0.045926492581                    -0.530279080680
 101                    -0.511350196599                    -0.529853172049
 102                     0.752688250581                    -0.519978213322
 103                     0.287369914701                    -0.519616711571
 104                    -0.178037482334                    -0.519167286065
 105                    -0.643735323818                    -0.518091588723
 106                     0.620666321983                    -0.508954342463
 107                     0.155319549589                    -0.508633796446
 108                    -0.310104204957                    -0.508207955711
 109                    -0.789705208271                    -0.500030711952
 110                     0.488615956871                    -0.497971427337
 111                     0.023269184477                    -0.497650881321
 112                    -0.442154520925                    -0.497224969756
 113                     0.824845210833                    -0.494561403840
 114                     0.356565591759                    -0.486988512212
 115                    -0.108781180635                    -0.486667966196
 116                    -0.574188571000                    -0.486218554832
 117                     0.689861999041                    -0.476326143103
 118                    -0.713753414376                    -0.476315050607
 119                     0.224515226647                    -0.476005597087
 120                    -0.240892170388                    -0.475556171580
 121                     0.557811633929                    -0.465343227978
 122                     0.092464861535                    -0.465022681962
 123                    -0.372958843867                    -0.464596770397
 124                     0.425761268817                    -0.454360312853
 125                    -0.039585503577                    -0.454039766836
 126                    -0.504992895325                    -0.453590352539
 127                    -0.849048169244                    -0.451749720869
 128                     0.765078267358                    -0.444090261498
 129                     0.293710903705                    -0.443377397728
 130                    -0.171696493330                    -0.442927972221
 131                    -0.637394334856                    -0.441852274875
 132                     0.627007310987                    -0.432715028619
 133                     0.161660538593                    -0.432394482602
 134                    -0.303763166825                    -0.431968571003
 135                     0.861544517825                    -0.427436133016
 136                    -0.771658828090                    -0.425687122589
 137                     0.494956945875                    -0.421732113493
 138                     0.029610173481                    -0.421411567477
 139                    -0.435797218267                    -0.420962153180
 140                     0.362906580763                    -0.410749198368
 141                    -0.102440191631                    -0.410428652352
 142                    -0.567847583380                    -0.409979238055
 143                     0.696202988045                    -0.400086829259
 144                     0.230856215651                    -0.399766283243
 145                    -0.234551181384                    -0.399316857736
 146                    -0.700249022909                    -0.398241160391
 147                     0.564152622933                    -0.389103914134
 148                     0.098805850539                    -0.388783368118
 149                    -0.366601541225                    -0.388333953787
 150                     0.432102257821                    -0.378120999009
 151                    -0.033244514573                    -0.377800452992
 152                    -0.498651906322                    -0.377351038695
 153                    -0.856025691342                    -0.375566026404
 154                     0.765398665103                    -0.367458629900
 155                     0.300051892709                    -0.367138083884
 156                    -0.165355504326                    -0.366688658377
 157                    -0.631053345851                    -0.365612961031
 158                     0.633348299991                    -0.356475714775
 159                     0.168001527597                    -0.356155168758
 160                    -0.297405869437                    -0.355705743251
 161                     0.840678256119                    -0.353834229240
 162                    -0.771770880292                    -0.349184648372
 163                     0.501297934879                    -0.345492799649
 164                     0.035951162485                    -0.345172253633
 165                    -0.429456229280                    -0.344722839303
 166                     0.369247569767                    -0.334509884524
 167                    -0.096099202627                    -0.334189338508
 168                    -0.561506594376                    -0.333739924210
 169                     0.702543977049                    -0.323847515415
 170                     0.237197204655                    -0.323526969399
 171                    -0.228210192379                    -0.323077543892
 172                    -0.699886146263                    -0.321675841362
 173                    -0.907358817578                    -0.318842563289
 174                     0.907897095069                    -0.317306584816
 175                     0.570493611937                    -0.312864600290
 176                     0.105146839543                    -0.312544054274
 177                    -0.360260557492                    -0.312094628767
 178                    -0.832568294412                    -0.302748503471
 179                     0.438443246825                    -0.301881685165
 180                    -0.026903525569                    -0.301561139149
 181                    -0.492310917334                    -0.301111724818
 182                     0.771739654107                    -0.291219316056
 183                     0.306392881713                    -0.290898770040
 184                    -0.159014515321                    -0.290449344533
 185                    -0.627806360358                    -0.289179341451
 186                     0.639689288995                    -0.280236400931
 187                     0.174342516601                    -0.279915854914
 188                    -0.291064880434                    -0.279466429407
 189                    -0.761954706213                    -0.273314470810
 190                     0.845909484191                    -0.272471584932
 191                     0.507638923883                    -0.269253485805
 192                     0.042292151489                    -0.268932939789
 193                    -0.423115245546                    -0.268483514282
 194                     0.375588558771                    -0.258270570680
 195                    -0.089758213623                    -0.257950024664
 196                    -0.555852246435                    -0.257446612142
 197                     0.708884966053                    -0.247608201571
 198                     0.243538193659                    -0.247287655555
 199                    -0.221869203376                    -0.246838230048
 200                    -0.929830532329                    -0.245714845199
 201                    -0.690661042001                    -0.245568217727
 202                     0.930245023718                    -0.244140942592
 203                     0.576834600941                    -0.236625286446
 204                     0.111487828547                    -0.236304740430
 205                    -0.353919568488                    -0.235855314922
 206                    -0.823071665868                    -0.226837666542
 207                     0.444784235829                    -0.225642371321
 208                    -0.020562536565                    -0.225321825304
 209                    -0.485969940644                    -0.224872409950
 210                     0.789656320347                    -0.216754517570
 211                     0.312733870717                    -0.214659456195
 212                    -0.152673526318                    -0.214210030689
 213                    -0.618309720372                    -0.213268505954
 214                     0.646030277999                    -0.203997087087
 215                     0.180683505605                    -0.203676541070
 216                    -0.284723891430                    -0.203227115563
 217                     0.868257412840                    -0.199305942708
 218                    -0.752458077670                    -0.197403633881
 219                     0.513979912887                    -0.193014171961
 220                     0.048633140493                    -0.192693625945
 221                    -0.416774256542                    -0.192244200438
 222                    -0.886039596662                    -0.182985306141
 223                     0.381929547775                    -0.182031256836
 224                    -0.083417224619                    -0.181710710820
 225                    -0.548824621654                    -0.181261285313
 226                     0.715225955057                    -0.171368887727
 227                     0.249879182663                    -0.171048341711
 228                    -0.215528214372                    -0.170598916204
 229                    -0.681164413458                    -0.169657380797
 230                     0.938079467157                    -0.168040596909
 231                     0.583175589945                    -0.160385972602
 232                     0.117828817551                    -0.160065426586
 233                    -0.347578579484                    -0.159616001078
 234                    -0.816730676864                    -0.150598352698
 235                     0.451125224833                    -0.149403057477
 236                    -0.014221547561                    -0.149082511460
 237                    -0.479628944596                    -0.148633085953
 238                    -0.951097902558                    -0.142735362652
 239                     0.784421632115                    -0.138740688368
 240                     0.319074859721                    -0.138420142351
 241                    -0.146332537314                    -0.137970716845
 242                    -0.611968731368                    -0.137029192110
 243                     0.652371267003                    -0.127757773242
 244                     0.187024494609                    -0.127437227226
 245                    -0.278382902426                    -0.126987801719
 246                     0.859354545999                    -0.123323180986
 247                    -0.746117088666                    -0.121164320037
 248                     0.520320901891                    -0.116774858117
 249                     0.054974129497                    -0.116454312101
 250                    -0.410433267538                    -0.116004886594
 251                    -0.883711276048                    -0.106518188763
 252                     0.388270536779                    -0.105791942992
 253                    -0.077076235615                    -0.105471396976
 254                    -0.542483632650                    -0.105021971469
 255                     0.721566944061                    -0.095129573883
 256                     0.256220171667                    -0.094809027867
 257                    -0.209187225368                    -0.094359602360
 258                     0.957148621695                    -0.093952754032
 259                    -0.674823424453                    -0.093418066954
 260                     0.589516578949                    -0.084146658758
 261                     0.124169806555                    -0.083826112742
 262                    -0.341237590480                    -0.083376687234
 263                    -0.810404869232                    -0.074357777708
 264                     0.457466213837                    -0.073163743633
 265                    -0.007880558557                    -0.072843197616
 266                    -0.473287955592                    -0.072393772109
 267                    -0.959433829210                    -0.066688315084
 268                     0.811475317435                    -0.062416156280
 269                     0.325415848725                    -0.062180828507
 270                    -0.139991548310                    -0.061731403001
 271                    -0.605627742363                    -0.060789878266
 272                     0.891863668527                    -0.054071480145
 273                     0.658712256007                    -0.051518459398
 274                     0.193365483613                    -0.051197913382
 275                    -0.272041913422                    -0.050748487875
 276                    -0.739791281034                    -0.044923745047
 277                     0.526661890895                    -0.040535544273
 278                     0.061315118501                    -0.040214998257
 279                    -0.404092278534                    -0.039765572750
 280                    -0.873250870925                    -0.030734146633
 281                     0.394611525783                    -0.029552629148
 282                    -0.070735246611                    -0.029232083132
 283                    -0.536142643646                    -0.028782657624
 284                     0.727907933065                    -0.018890260039
 285                     0.262561160671                    -0.018569714023
 286                    -0.202846236364                    -0.018120288516
 287                     0.961588050406                    -0.017579115978
 288                    -0.668497616822                    -0.017177491964
 289                     0.595857567953                    -0.007907344914
 290                     0.130510795559                    -0.007586798898
 291                    -0.334896601476                    -0.007137373390
 292                    -0.804048697362                     0.001880271822
 293                     0.463807202841                     0.003075570211
 294                    -0.001539569553                     0.003396116228
 295                    -0.466946966588                     0.003845541735
 296                    -0.961698987169                     0.009780699402
 297                     0.797103610123                     0.013737939320
 298                     0.331756837729                     0.014058485337
 299                    -0.133650559306                     0.014507910843
 300                    -0.599286761451                     0.015449436251
 301                     0.873336660345                     0.020153792403
 302                     0.665053245011                     0.024720854445
 303                     0.199706472617                     0.025041400462
 304                    -0.265700924418                     0.025490825969
 305                    -0.733435109164                     0.031314304483
 306                     0.533002879899                     0.035703769571
 307                     0.067656107505                     0.036024315587
 308                    -0.397751289530                     0.036473741094
 309                    -0.892884826170                     0.043206024576
 310                     0.400952514787                     0.046686684696
 311                    -0.064394257607                     0.047007230712
 312                    -0.529801654659                     0.047456656221
 313                     0.734248922069                     0.057349053805
 314                     0.268902149675                     0.057669599821
 315                    -0.196505247360                     0.058119025328
 316                     0.959943079699                     0.058905753038
 317                    -0.662141444951                     0.059060557566
 318                     0.602198556957                     0.068331968930
 319                     0.136851784563                     0.068652514946
 320                    -0.328555612472                     0.069101940454
 321                    -0.823682652607                     0.075820443030
 322                     0.470148191845                     0.079314884055
 323                     0.004801419451                     0.079635430072
 324                    -0.460605977584                     0.080084855579
 325                    -0.957168284753                     0.088990577471
 326                     0.338097826733                     0.090297799181
 327                    -0.127309570302                     0.090747224687
 328                     0.807290523352                     0.091300839030
 329                    -0.592945764355                     0.091688749422
 330                     0.886734209973                     0.095474087018
 331                     0.671394234015                     0.100960168290
 332                     0.206047461621                     0.101280714306
 333                    -0.259359935414                     0.101730139813
 334                    -0.744693573101                     0.106983902782
 335                     0.539343868903                     0.111943083415
 336                     0.073997096509                     0.112263629431
 337                    -0.391410300526                     0.112713054938
 338                    -0.886582215315                     0.119448520688
 339                     0.407293503791                     0.122925998540
 340                    -0.058053268603                     0.123246544556
 341                    -0.523460665638                     0.123695970064
 342                     0.740589911073                     0.133588367649
 343                     0.275243138679                     0.133908913665
 344                    -0.190164258356                     0.134358339172
 345                     0.952224118041                     0.135017898901
 346                    -0.655810947154                     0.135300743260
 347                     0.608539545961                     0.144571282774
 348                     0.143192773567                     0.144891828790
 349                    -0.322214623468                     0.145341254298
 350                    -0.807543880249                     0.150601330587
 351                     0.476489180849                     0.155554197899
 352                     0.011142408455                     0.155874743915
 353                    -0.454264988580                     0.156324169423
 354                    -0.947321249725                     0.165961000904
 355                     0.344438815737                     0.166537113025
 356                    -0.120968581298                     0.166986538531
 357                    -0.586604781747                     0.167928063798
 358                     0.808824086560                     0.168182274809
 359                     0.885233218354                     0.171961917038
 360                     0.212388450625                     0.177520028150
 361                     0.678228517875                     0.177918727746
 362                    -0.253018946410                     0.177969453657
 363                    -0.718659632894                     0.178920507332
 364                     0.545684857907                     0.188182397259
 365                     0.080338085513                     0.188502943275
 366                    -0.385069311522                     0.188952368782
 367                    -0.870394185692                     0.194218760850
 368                     0.413634492795                     0.199165312384
 369                    -0.051712279599                     0.199485858400
 370                    -0.517119676662                     0.199935283910
 371                     0.281584127683                     0.210148227509
 372                    -0.183823269352                     0.210597653016
 373                    -0.649459466230                     0.211539183741
 374                     0.751561464508                     0.218913263688
 375                     0.614880534965                     0.220810596618
 376                     0.149533762571                     0.221131142634
 377                    -0.315873634464                     0.221580568142
 378                    -0.781518810553                     0.222541144767
 379                     0.933520836334                     0.231299485801
 380                     0.482830169853                     0.231793511743
 381                     0.017483397459                     0.232114057760
 382                    -0.447923999576                     0.232563483267
 383                    -0.931133220102                     0.240731241066
 384                     0.350779804741                     0.242776426869
 385                    -0.114627592294                     0.243225852375
 386                    -0.580263786347                     0.244167377110
 387                     0.822165594732                     0.248552661979
 388                     0.218729439629                     0.253759341994
 389                    -0.246677957406                     0.254208767501
 390                     0.683698065150                     0.254228984614
 391                    -0.712318643890                     0.255159821176
 392                     0.086679074517                     0.264742257119
 393                     0.552506558933                     0.265121522352
 394                    -0.378728322518                     0.265191682626
 395                    -0.844377981612                     0.266161781653
 396                     0.419975481799                     0.275404626228
 397                    -0.045371290595                     0.275725172244
 398                    -0.510778687630                     0.276174597752
 399                     0.287925116687                     0.286387541353
 400                    -0.177482280348                     0.286836966860
 401                    -0.643118477226                     0.287778497585
 402                     0.886332248284                     0.291514751928
 403                     0.753883190231                     0.295380581586
 404                     0.155874751575                     0.297370456478
 405                    -0.309532645460                     0.297819881986
 406                    -0.775177814949                     0.298780458062
 407                     0.621608199361                     0.298922269157
 408                     0.489171158857                     0.308032825588
 409                     0.023824386463                     0.308353371603
 410                    -0.441583010572                     0.308802797111
 411                    -0.909053492447                     0.313978266560
 412                     0.357120793745                     0.319015740712
 413                    -0.108286603290                     0.319465166219
 414                    -0.573922797343                     0.320406690954
 415                     0.225070428633                     0.329998655838
 416                    -0.240336968402                     0.330448081345
 417                    -0.705977648285                     0.331399134471
 418                     0.821223716849                     0.331683399545
 419                     0.688773764341                     0.335547779363
 420                     0.093020063521                     0.340981570963
 421                     0.558000302601                     0.341427287529
 422                    -0.372387333514                     0.341430996470
 423                    -0.838026500689                     0.342400222134
 424                     0.426316470803                     0.351643940072
 425                    -0.039030301591                     0.351964486088
 426                    -0.504437698626                     0.352413911596
 427                     0.294266105691                     0.362626855197
 428                    -0.171141291344                     0.363076280704
 429                    -0.636777481622                     0.364017810880
 430                     0.888565051838                     0.367984717962
 431                     0.756114290960                     0.371850597321
 432                     0.162215740579                     0.373609770322
 433                    -0.303191656456                     0.374059195830
 434                    -0.768826334025                     0.375018898543
 435                     0.625165867582                     0.378052797735
 436                     0.030165375467                     0.384592685448
 437                     0.495145614548                     0.385038402014
 438                    -0.435242021568                     0.385042110955
 439                     0.363461782749                     0.395255054557
 440                    -0.101945614286                     0.395704480063
 441                    -0.567581801739                     0.396646004249
 442                     0.231411417637                     0.406237969682
 443                    -0.233995979398                     0.406687395189
 444                    -0.699626167361                     0.407637574952
 445                    -0.868829122194                     0.412427642659
 446                     0.692506394200                     0.414355615693
 447                     0.099361052525                     0.417220884807
 448                    -0.366046344510                     0.417670310315
 449                     0.833641323676                     0.421239062401
 450                     0.562311179528                     0.421663912220
 451                    -0.032689312587                     0.428203799932
 452                     0.432290926493                     0.428649516498
 453                    -0.498096705807                     0.428653230938
 454                     0.300607094695                     0.438866169041
 455                    -0.164800302340                     0.439315594548
 456                    -0.630430487479                     0.440265768321
 457                     0.762018773474                     0.448124958696
 458                     0.168556729583                     0.449849084166
 459                    -0.296850667452                     0.450298509674
 460                    -0.762474853101                     0.451257339025
 461                     0.629651706146                     0.457966730178
 462                     0.036506364471                     0.460831999291
 463                    -0.428910010821                     0.461300472074
 464                     0.499456491474                     0.465275026704
 465                    -0.095604625282                     0.471943793907
 466                     0.369436238440                     0.472260630983
 467                    -0.560603800752                     0.472829654852
 468                    -0.833299678422                     0.480179393501
 469                    -0.227654990394                     0.482926709033
 470                     0.238074719140                     0.482943676394
 471                    -0.693279173218                     0.483885532393
 472                     0.698656904145                     0.490995865288
 473                     0.105702041529                     0.493460198651
 474                    -0.359705355506                     0.493909624159
 475                     0.823350228060                     0.497046281503
 476                     0.566797018092                     0.501577844662
 477                    -0.026348323583                     0.504443113776
 478                    -0.491397725662                     0.505435793653
 479                     0.436601803420                     0.508886141189
 480                    -0.158459313336                     0.515554908392
 481                    -0.623452486492                     0.516449418924
 482                     0.309113894441                     0.519312261470
 483                     0.174897718588                     0.526088398010
 484                    -0.290509678448                     0.526537823518
 485                    -0.772840031856                     0.527054464210
 486                     0.635802216091                     0.534606979773
 487                     0.042847353475                     0.537071313135
 488                    -0.422193070347                     0.538044945738
 489                     0.503942330038                     0.545188959147
 490                    -0.089263636278                     0.548183107751
 491                    -0.554252319828                     0.549068095333
 492                    -0.221314001390                     0.559166022877
 493                     0.243849965896                     0.559227931925
 494                    -0.686301172232                     0.560069182996
 495                     0.781238980863                     0.560915554057
 496                     0.385624524796                     0.565929617425
 497                     0.704997893149                     0.567235179132
 498                     0.112043030534                     0.569699512495
 499                    -0.352997393289                     0.570673145097
 500                     0.572947528037                     0.578218094258
 501                    -0.020007334579                     0.580682427620
 502                    -0.485046244738                     0.581674234135
 503                    -0.152118324331                     0.591794222236
 504                    -0.617101005568                     0.592687859405
 505                     0.315101565574                     0.595580137481
 506                    -0.751275358490                     0.600454777421
 507                     0.453124887236                     0.602374871958
 508                     0.180995277842                     0.602839046409
 509                     0.642143205095                     0.610846293617
 510                     0.049188342480                     0.613310626980
 511                    -0.415846078075                     0.614292910544
 512                    -0.294399450462                     0.619855684818
 513                    -0.082922647273                     0.624422421595
 514                    -0.547900838905                     0.625306535814
 515                     0.522130085235                     0.635404007068
 516                    -0.219544656084                     0.635648115775
 517                     0.250029403856                     0.635807676385
 518                     0.387926514558                     0.642397532004
 519                     0.715144798649                     0.643061832927
 520                     0.118140589788                     0.646450160894
 521                    -0.013666345574                     0.656921741464
 522                    -0.478694763814                     0.657912674616
 523                    -0.701172988689                     0.658268215802
 524                    -0.357248135248                     0.663475450265
 525                     0.591325762292                     0.668032206428
 526                    -0.150348979026                     0.668276315135
 527                    -0.625390515398                     0.668739980636
 528                     0.317403555337                     0.672048052061
 529                     0.187174715802                     0.679418790870
 530                     0.462590457597                     0.683442261176
 531                     0.055285901734                     0.690061275378
 532                    -0.288066599918                     0.696133623612
 533                     0.661770228172                     0.697868733436
 534                    -0.081153301968                     0.700904514494
 535                    -0.545843523185                     0.701781424301
 536                    -0.420096820988                     0.707095214338
 537                    -0.213203667080                     0.711887429619
 538                     0.254548867284                     0.715659166545
 539                     0.533763874398                     0.718423378065
 540                     0.394647305851                     0.718604303890
 541                     0.124320027748                     0.723029905354
 542                    -0.011897000268                     0.733403834362
 543                    -0.609870945875                     0.743651822683
 544                    -0.144576117682                     0.745694242257
 545                    -0.484806883964                     0.747902675255
 546                    -0.355587460641                     0.748219216388
 547                     0.324124346630                     0.748254823947
 548                     0.604208340278                     0.748259905074
 549                     0.191912262536                     0.759582928481
 550                     0.469318992323                     0.759648349760
 551                     0.057613261873                     0.766528421995
 552                    -0.283030383785                     0.772470231108
 553                    -0.074837810203                     0.777145944705
 554                    -0.208167450946                     0.788224037115
 555                    -0.420297523618                     0.789026677305
 556                    -0.548834306654                     0.789773073637
 557                     0.261269658576                     0.791865938432
 558                     0.541468364887                     0.794777151159
 559                     0.401375840578                     0.794810392475
 560                     0.126647387886                     0.799497051971
 561                    -0.005581508504                     0.809645264574
 562                     0.330852881356                     0.824460912532
 563                    -0.352689872970                     0.824829563932
 564                    -0.141477842457                     0.825709197333
 565                    -0.484324946308                     0.830897075688
 566                     0.198637517302                     0.835796064727
 567                     0.475659981327                     0.835887663604
 568                     0.063653298751                     0.842949585845
 569                    -0.280077927481                     0.848915794215
 570                    -0.070204681944                     0.853508076940
 571                    -0.416654537149                     0.866809737131
 572                    -0.205781276613                     0.867154456081
 573                     0.267998193302                     0.868072027016
 574                     0.407716829581                     0.871049706319
 575                     0.133368721570                     0.875703776021
 576                    -0.000948380244                     0.886007396808
 577                    -0.338865432492                     0.900072676324
 578                     0.337193870360                     0.900700226376
 579                    -0.123360784349                     0.908526890941
 580                    -0.266253487003                     0.924158906607
 581                     0.080090201674                     0.930604053203
 582                     0.229238545222                     0.934029064530
 583                    -0.191956836134                     0.942397568473
 584                     0.154274496337                     0.949294466318
 585                    -0.066279774724                     0.959462138630
 586                     0.010190197351                     0.961694735288
