   1                     0.004296655336                    -0.960398439747
   2                    -0.080779671439                    -0.957685354957
   3                     0.082483444610                    -0.957329692723
   4                     0.168140752635                    -0.946263854176
   5                    -0.196268616716                    -0.940832197849
   6                     0.249604842925                    -0.928053760565
   7                    -0.271750166776                    -0.921866824044
   8                     0.328212315229                    -0.903306852929
   9                    -0.131088323280                    -0.898303629206
  10                    -0.345449693065                    -0.896856233728
  11                    -0.036268018050                    -0.893842872896
  12                     0.117832100794                    -0.886882128426
  13                     0.040312390890                    -0.879965165246
  14                     0.400224980521                    -0.873788623972
  15                     0.194412509734                    -0.873004420776
  16                    -0.416883904957                    -0.865964435877
  17                    -0.200509290829                    -0.863120123586
  18                     0.269434127739                    -0.852294359572
  19                    -0.277461379409                    -0.844192383161
  20                    -0.086576669891                    -0.834461147145
  21                     0.341446793030                    -0.822776130616
  22                    -0.009996260950                    -0.820583439496
  23                    -0.354413717303                    -0.819546492605
  24                     0.144103857893                    -0.813622695026
  25                     0.449506998317                    -0.813552152254
  26                    -0.474215009350                    -0.813330850856
  27                     0.066584147990                    -0.806705731847
  28                     0.526732610957                    -0.803890136132
  29                     0.219125475898                    -0.792912633822
  30                    -0.548260778635                    -0.789364752840
  31                    -0.218389101981                    -0.787374086355
  32                    -0.141378214708                    -0.775691683085
  33                     0.291138141190                    -0.763394404865
  34                    -0.065228284099                    -0.759618671056
  35                     0.590050315886                    -0.758635102759
  36                    -0.421856321231                    -0.755748582912
  37                     0.367982412444                    -0.749611858560
  38                     0.011352124841                    -0.745740963407
  39                    -0.345205455289                    -0.742265461855
  40                     0.165628693855                    -0.736386143446
  41                     0.444589107333                    -0.735879994106
  42                     0.087932533782                    -0.731863255757
  43                    -0.623827560988                    -0.731112692112
  44                    -0.268697753822                    -0.727992360604
  45                     0.521223430725                    -0.722303165265
  46                    -0.192117344881                    -0.714114652955
  47                    -0.548501874511                    -0.711537433242
  48                     0.649498717985                    -0.708405258134
  49                     0.237641359146                    -0.706867914490
  50                    -0.115536935940                    -0.700236945306
  51                    -0.472167223544                    -0.696366050153
  52                     0.317673760604                    -0.690230132809
  53                    -0.038956527000                    -0.686359237656
  54                    -0.395586814603                    -0.682488342504
  55                    -0.680938307858                    -0.678240086775
  56                     0.394254169544                    -0.676352425160
  57                     0.037623881941                    -0.672481530007
  58                    -0.319006405663                    -0.668610634854
  59                     0.470860864433                    -0.662620560707
  60                     0.114204290881                    -0.658603822358
  61                    -0.242425996722                    -0.654732927205
  62                     0.704687979531                    -0.653529988540
  63                    -0.598810526352                    -0.652155707492
  64                     0.547495187825                    -0.649043731865
  65                     0.190784699822                    -0.644726114708
  66                    -0.165845587781                    -0.640855219556
  67                    -0.522475875385                    -0.636984324403
  68                     0.624020627002                    -0.634866039462
  69                     0.267365108763                    -0.630848407059
  70                    -0.089265178841                    -0.626977511906
  71                    -0.445895466444                    -0.623106616754
  72                    -0.736617016325                    -0.617062294881
  73                     0.343945517704                    -0.616970699410
  74                    -0.012684769900                    -0.613099804257
  75                    -0.369315057504                    -0.609228909104
  76                    -0.659493917743                    -0.603425061975
  77                     0.420525926644                    -0.603092991761
  78                     0.063895639041                    -0.599222096608
  79                    -0.292734648563                    -0.595351201455
  80                     0.497132621533                    -0.589361127307
  81                     0.140476047981                    -0.585344388958
  82                    -0.216154239622                    -0.581473493805
  83                     0.726212596333                    -0.578738005850
  84                    -0.575101780990                    -0.578027135107
  85                     0.573713030474                    -0.575483419659
  86                     0.217056456922                    -0.571466681309
  87                    -0.139573830682                    -0.567595786156
  88                    -0.496204118285                    -0.563724891003
  89                     0.650293686030                    -0.561607072964
  90                     0.293636865863                    -0.557588973660
  91                    -0.784440717777                    -0.555283130222
  92                    -0.062993421741                    -0.553718078507
  93                    -0.419623709345                    -0.549847183354
  94                     0.370217274803                    -0.543711266011
  95                    -0.707699560472                    -0.542323786930
  96                     0.794314527220                    -0.541064715411
  97                     0.013586987200                    -0.539840370857
  98                    -0.343043300404                    -0.535969475705
  99                     0.446797683744                    -0.529833558361
 100                     0.090167396140                    -0.525962663208
 101                    -0.631837583350                    -0.524752338737
 102                    -0.266462891463                    -0.522091768055
 103                     0.523404378633                    -0.516101693908
 104                     0.166747805081                    -0.512084955559
 105                    -0.189882482523                    -0.508214060406
 106                    -0.547551343628                    -0.505238890518
 107                     0.599984787573                    -0.502223986259
 108                     0.243328214022                    -0.498207247910
 109                    -0.113302073582                    -0.494336352757
 110                    -0.469932361186                    -0.490465457604
 111                    -0.826798040456                    -0.489991423102
 112                     0.676565443130                    -0.488347639564
 113                     0.319908622962                    -0.484329540260
 114                    -0.036721664641                    -0.480458645107
 115                    -0.393351952245                    -0.476587749955
 116                    -0.749202538133                    -0.476485707915
 117                     0.835489028431                    -0.475020713009
 118                     0.753233486367                    -0.474962537796
 119                     0.396489031903                    -0.470451832611
 120                     0.039858744299                    -0.466580937458
 121                    -0.316771543304                    -0.462710042305
 122                    -0.673401820252                    -0.458839150974
 123                     0.473069440844                    -0.456574124962
 124                     0.116439153240                    -0.452703229809
 125                    -0.240191134364                    -0.448832334656
 126                    -0.596816491299                    -0.444988620577
 127                     0.549676135732                    -0.442842260508
 128                     0.193019562181                    -0.438825522160
 129                    -0.163610725423                    -0.434954627007
 130                    -0.520241013026                    -0.431083731854
 131                     0.626256544673                    -0.428964552860
 132                     0.269599971121                    -0.424947814510
 133                    -0.087030316482                    -0.421076919357
 134                    -0.443660604086                    -0.417206024204
 135                    -0.799511198131                    -0.417103989075
 136                     0.702837200230                    -0.415088206165
 137                     0.346180380062                    -0.411070106861
 138                     0.794407987577                    -0.408918535394
 139                    -0.010449907542                    -0.407199211708
 140                    -0.367080195145                    -0.403328316555
 141                     0.873307173179                    -0.400819407683
 142                    -0.723710482748                    -0.399457421402
 143                    -0.874902687676                    -0.397783711975
 144                     0.422760789003                    -0.397192399212
 145                     0.066130501399                    -0.393321504059
 146                    -0.290499786204                    -0.389450608906
 147                    -0.647130073808                    -0.385579713753
 148                     0.499341197944                    -0.383314691563
 149                     0.142710910340                    -0.379443796409
 150                    -0.213919377264                    -0.375572901256
 151                    -0.570549664867                    -0.371702006104
 152                     0.575947892832                    -0.369582827109
 153                     0.219291319280                    -0.365566088760
 154                    -0.137338968323                    -0.361695193607
 155                    -0.493969255927                    -0.357824298454
 156                     0.652528301773                    -0.355705119460
 157                     0.295871728221                    -0.351688381111
 158                     0.742276685586                    -0.347993669889
 159                    -0.060758559382                    -0.347817485958
 160                    -0.417388846986                    -0.343946590805
 161                    -0.814039937872                    -0.340644421167
 162                     0.372452137162                    -0.337810673461
 163                     0.819026752803                    -0.335087199216
 164                     0.015821849558                    -0.333939778308
 165                    -0.340808438045                    -0.330068883156
 166                     0.903056062619                    -0.328901703078
 167                    -0.697438725649                    -0.326197988003
 168                    -0.904219734740                    -0.325688909426
 169                     0.449032546103                    -0.323932965812
 170                     0.092402258499                    -0.320062070659
 171                    -0.264228029105                    -0.316191175506
 172                    -0.620858316708                    -0.312320280353
 173                     0.525612955043                    -0.310055258163
 174                     0.168982667439                    -0.306184363010
 175                    -0.187647620164                    -0.302313467857
 176                    -0.544277907768                    -0.298442572704
 177                     0.602219649932                    -0.296323393710
 178                     0.245563076380                    -0.292306655361
 179                     0.691968881106                    -0.288611226258
 180                    -0.111067211223                    -0.288435760208
 181                    -0.467697498827                    -0.284564865055
 182                    -0.762016127912                    -0.282759423108
 183                     0.322143485321                    -0.278428947711
 184                     0.769474387718                    -0.275072926600
 185                    -0.034486802283                    -0.274558052558
 186                    -0.848823754411                    -0.271022327619
 187                    -0.391117089886                    -0.270687157405
 188                     0.856237313130                    -0.266731336239
 189                     0.398723894262                    -0.264551240062
 190                     0.042093606658                    -0.260680344909
 191                    -0.314536680946                    -0.256809449756
 192                    -0.671166968549                    -0.252938554603
 193                    -0.927607287512                    -0.251458375423
 194                     0.475304303202                    -0.250673532413
 195                     0.118674015598                    -0.246802637260
 196                    -0.237956272005                    -0.242931742107
 197                     0.930080842817                    -0.242149169399
 198                    -0.594586559609                    -0.239060846954
 199                     0.552009496614                    -0.236840455685
 200                     0.195254424539                    -0.232924929610
 201                     0.641660229265                    -0.229229500508
 202                    -0.161375863064                    -0.229054034457
 203                    -0.518006150668                    -0.225183139305
 204                     0.271834833480                    -0.219047221961
 205                     0.718240638206                    -0.215351792859
 206                    -0.084795454124                    -0.215176326808
 207                    -0.796799944451                    -0.213137329559
 208                    -0.441425741727                    -0.211305431655
 209                     0.348415242420                    -0.205169514312
 210                     0.794823793778                    -0.201489250316
 211                    -0.008215045183                    -0.201298619159
 212                    -0.364845332787                    -0.197427724006
 213                    -0.872769402331                    -0.196231967320
 214                    -0.721475620390                    -0.193556828853
 215                     0.424995651361                    -0.191291806662
 216                     0.871870297010                    -0.190489880206
 217                     0.068365363758                    -0.187420911509
 218                    -0.288264923846                    -0.183550016357
 219                    -0.644895211449                    -0.179679121204
 220                     0.501576060302                    -0.177414099013
 221                     0.144945772698                    -0.173543203860
 222                    -0.211684514905                    -0.169672308707
 223                    -0.946014537951                    -0.169303489619
 224                    -0.568314802509                    -0.165801413554
 225                     0.578156469242                    -0.163536391364
 226                     0.947380876602                    -0.161671322039
 227                     0.221526181639                    -0.159665496211
 228                    -0.135104105965                    -0.155794601058
 229                     0.655210587194                    -0.152590492143
 230                    -0.491734393568                    -0.151923705905
 231                     0.298106590579                    -0.145787788561
 232                    -0.058523697024                    -0.141916893409
 233                     0.731790996135                    -0.138712784494
 234                    -0.776102503081                    -0.138112139588
 235                    -0.415153984627                    -0.138045998256
 236                     0.374686999520                    -0.131910080912
 237                     0.018056711917                    -0.128039185759
 238                     0.808374151707                    -0.124850241951
 239                    -0.338573575687                    -0.124168290606
 240                    -0.695203863290                    -0.120297395453
 241                    -0.885787926507                    -0.119500827413
 242                     0.451267408461                    -0.118032373263
 243                     0.094637120857                    -0.114161478110
 244                     0.885420654939                    -0.113850871841
 245                    -0.261993166746                    -0.110290582957
 246                    -0.618623454350                    -0.106419687804
 247                     0.527847817401                    -0.104154665614
 248                     0.171217529798                    -0.100283770461
 249                    -0.185412757806                    -0.096412875308
 250                    -0.542043045409                    -0.092541980155
 251                     0.604428226342                    -0.090276957964
 252                    -0.957032805452                    -0.088174847345
 253                     0.247797938739                    -0.086406062811
 254                     0.957388607839                    -0.084223797088
 255                    -0.108832348865                    -0.082535167658
 256                     0.681482344294                    -0.079331058744
 257                    -0.465462636469                    -0.078664272505
 258                    -0.822096581224                    -0.074773181163
 259                     0.324378347679                    -0.072528355162
 260                    -0.032251939924                    -0.068657460009
 261                     0.758067341289                    -0.065454996271
 262                    -0.388882227528                    -0.064786564856
 263                    -0.745512515131                    -0.060915669703
 264                     0.400958756620                    -0.058650647513
 265                     0.044328469016                    -0.054779752360
 266                     0.837371669382                    -0.052626327824
 267                    -0.312301818587                    -0.050908857207
 268                    -0.668932106191                    -0.047037962054
 269                     0.477539165560                    -0.044772939863
 270                     0.120908877957                    -0.040902044710
 271                    -0.235721409647                    -0.037031149558
 272                    -0.592351697250                    -0.033160254405
 273                     0.554119574501                    -0.030895232214
 274                    -0.885663076075                    -0.029868275691
 275                     0.197489286898                    -0.027024337061
 276                    -0.159141000706                    -0.023153441908
 277                    -0.515771288309                    -0.019282546755
 278                     0.630699983442                    -0.017017524565
 279                     0.274069695838                    -0.013146629412
 280                     0.931754582782                    -0.010738787987
 281                    -0.961029341570                    -0.010449835269
 282                    -0.082560591765                    -0.009275734259
 283                     0.707754101394                    -0.006071625344
 284                    -0.439190879369                    -0.005404839106
 285                    -0.795824824124                    -0.001513747763
 286                     0.350650104779                     0.000731078238
 287                    -0.005980182825                     0.004601973390
 288                     0.784334510335                     0.007806082305
 289                    -0.362610470428                     0.008472868543
 290                    -0.719240758032                     0.012343763696
 291                     0.427230513720                     0.014608785887
 292                     0.070600226116                     0.018479681040
 293                     0.860939555265                     0.021547148285
 294                    -0.286030061487                     0.022350576193
 295                    -0.642660349091                     0.026221471346
 296                     0.503810922660                     0.028486493536
 297                     0.147180635057                     0.032357388689
 298                    -0.209449652547                     0.036228283842
 299                    -0.566079940150                     0.040099178995
 300                     0.580391331601                     0.042364201185
 301                    -0.859391318975                     0.043391157709
 302                     0.223761043997                     0.046235096338
 303                    -0.132869243606                     0.050105991491
 304                    -0.489499531210                     0.053976886644
 305                     0.656971740541                     0.056241908835
 306                     0.300341452938                     0.060112803988
 307                     0.959075453028                     0.062135897961
 308                    -0.056288834666                     0.063983699141
 309                     0.734025858493                     0.067187808055
 310                    -0.958723849790                     0.067343702449
 311                    -0.412919122269                     0.067854594294
 312                    -0.770658347820                     0.072132693248
 313                     0.376921861879                     0.073990511637
 314                     0.020291574275                     0.077861406790
 315                     0.810606267434                     0.081065515704
 316                    -0.336338713328                     0.081732301943
 317                    -0.692969000932                     0.085603197096
 318                     0.453502270819                     0.087868219286
 319                     0.096871983216                     0.091739114439
 320                     0.887211312365                     0.094806581684
 321                    -0.259758304388                     0.095610009592
 322                    -0.616388591991                     0.099480904745
 323                     0.530082679760                     0.101745926936
 324                     0.173452392156                     0.105616822089
 325                    -0.183177895447                     0.109487717241
 326                    -0.895294784971                     0.112442522160
 327                    -0.539808183051                     0.113358612394
 328                     0.606663088701                     0.115623634585
 329                     0.250032801097                     0.119494529738
 330                    -0.106597486507                     0.123365424891
 331                    -0.463227774110                     0.127236320044
 332                     0.683243497641                     0.129501342234
 333                    -0.820099525354                     0.132512966457
 334                     0.326613210038                     0.133372237387
 335                    -0.030017077566                     0.137243132540
 336                     0.950903275383                     0.139533348279
 337                     0.760297615593                     0.140447241454
 338                    -0.386647365169                     0.141114027693
 339                    -0.743277652773                     0.144984922846
 340                     0.403193618978                     0.147249945037
 341                     0.046563331375                     0.151120840189
 342                    -0.310066956229                     0.154991735342
 343                     0.840130852266                     0.156995362581
 344                    -0.666697243832                     0.158862630495
 345                     0.479774027919                     0.161127652686
 346                     0.123143740315                     0.164998547839
 347                    -0.233486547288                     0.168869442992
 348                    -0.945601663475                     0.171825750249
 349                    -0.590116834891                     0.172740338145
 350                     0.556354436860                     0.175005360335
 351                     0.199724149256                     0.178876255488
 352                    -0.156906138347                     0.182747150641
 353                    -0.513536425951                     0.186618045794
 354                     0.632934845800                     0.188883067985
 355                    -0.870412753346                     0.191919968240
 356                     0.276304558197                     0.192753963137
 357                    -0.080325729407                     0.196624858290
 358                    -0.436956017010                     0.200495753443
 359                     0.709515254741                     0.202760775634
 360                    -0.793827768255                     0.205772399857
 361                     0.352884967137                     0.206631670787
 362                    -0.003745320466                     0.210502565940
 363                     0.786569372693                     0.213706674854
 364                    -0.360375608070                     0.214373461093
 365                     0.936495472341                     0.216015797342
 366                    -0.717005895673                     0.218244356246
 367                     0.429465376078                     0.220509378436
 368                     0.072835088475                     0.224380273589
 369                    -0.283795199129                     0.228251168742
 370                    -0.640425486732                     0.232122063895
 371                     0.506045785019                     0.234387086085
 372                     0.861210730954                     0.235747941608
 373                     0.149415497415                     0.238257981238
 374                    -0.207214790188                     0.242128876391
 375                    -0.563845077792                     0.245999771544
 376                    -0.928598384727                     0.247773352680
 377                     0.582626193959                     0.248264793735
 378                     0.225995906356                     0.252135688888
 379                    -0.130634381248                     0.256006584040
 380                    -0.487264668851                     0.259877479193
 381                     0.659206602900                     0.262142501384
 382                     0.302576315296                     0.266013396537
 383                    -0.853409474598                     0.267867570670
 384                    -0.054053972307                     0.269884291690
 385                    -0.410684259911                     0.273755186843
 386                     0.735787011841                     0.276020209033
 387                     0.379156724237                     0.279891104186
 388                    -0.776649339392                     0.281680577183
 389                     0.022526436634                     0.283761999339
 390                    -0.334103850970                     0.287632894492
 391                     0.915946524239                     0.291081705283
 392                    -0.690734138574                     0.291503789645
 393                     0.455737133178                     0.293768811835
 394                     0.811173803164                     0.295358810252
 395                     0.099106845574                     0.297639706988
 396                    -0.257523442029                     0.301510602141
 397                    -0.614153729633                     0.305381497295
 398                     0.532317542118                     0.307646519485
 399                     0.175687254515                     0.311517414638
 400                    -0.180943033089                     0.315388309791
 401                    -0.537573320692                     0.319259204944
 402                     0.608897951059                     0.321524227134
 403                     0.252267663455                     0.325395122287
 404                    -0.903619339460                     0.327350084787
 405                    -0.104362624148                     0.329266017440
 406                    -0.460992911752                     0.333136912593
 407                     0.686219098585                     0.336037494193
 408                     0.328848072396                     0.339272829936
 409                    -0.826957991233                     0.341062302933
 410                    -0.027782215207                     0.343143725089
 411                    -0.384412502811                     0.347014620242
 412                     0.865906223006                     0.350689742120
 413                    -0.741042790415                     0.350885515395
 414                     0.405428481337                     0.353150537586
 415                     0.048798193733                     0.357021432739
 416                    -0.307832093870                     0.360892327892
 417                     0.772726395779                     0.363026724868
 418                    -0.664462381474                     0.364763223045
 419                     0.482008890277                     0.367028245235
 420                     0.125378602674                     0.370899140388
 421                    -0.231251684930                     0.374770035541
 422                    -0.587881972533                     0.378640930694
 423                     0.558589299218                     0.380905952884
 424                     0.201959011615                     0.384776848037
 425                    -0.154671275989                     0.388647743190
 426                    -0.511301563593                     0.392518638343
 427                     0.635169708159                     0.394783660534
 428                     0.278539420555                     0.398654555687
 429                    -0.078090867048                     0.402525450839
 430                    -0.871707113342                     0.404738561252
 431                    -0.434721154652                     0.406396345993
 432                    -0.791351442256                     0.410267241145
 433                     0.711321951521                     0.410845591736
 434                     0.355119829496                     0.412532263336
 435                    -0.001510458108                     0.416403158489
 436                    -0.358140745711                     0.420274053642
 437                    -0.714771033315                     0.424144948795
 438                     0.431700238437                     0.426409970985
 439                     0.860365396542                     0.428319949161
 440                     0.075069950833                     0.430280866138
 441                    -0.281560336771                     0.434151761291
 442                    -0.638190624374                     0.438022656444
 443                     0.783436527138                     0.440113966935
 444                     0.508280647377                     0.440287678635
 445                     0.151650359774                     0.444158573787
 446                    -0.204979927830                     0.448029468940
 447                    -0.561610215434                     0.451900364094
 448                     0.585948065461                     0.455103642550
 449                     0.228230768714                     0.458036281437
 450                    -0.128399518889                     0.461907176590
 451                    -0.485029806493                     0.465778071743
 452                     0.304811177655                     0.471913989086
 453                     0.664085348629                     0.472699073047
 454                    -0.836100564365                     0.473943499465
 455                    -0.051819109949                     0.475784884239
 456                    -0.408449397552                     0.479655779392
 457                     0.381391586596                     0.485791696735
 458                     0.024761298992                     0.489662591888
 459                    -0.331868988612                     0.493533487042
 460                    -0.689327899440                     0.497696269257
 461                     0.457971995536                     0.499669404385
 462                     0.736199924245                     0.501967448246
 463                     0.101341707933                     0.503540299538
 464                    -0.255288579671                     0.507411194691
 465                    -0.766393973227                     0.508557672213
 466                    -0.612747490500                     0.511573976907
 467                     0.813384911819                     0.511948805684
 468                     0.534552404477                     0.513547112034
 469                     0.177922116873                     0.517418007187
 470                    -0.178708170730                     0.521288902340
 471                    -0.536167081559                     0.525451684556
 472                     0.610752536451                     0.529380295232
 473                     0.254502525814                     0.531295714836
 474                    -0.102127761790                     0.535166609989
 475                    -0.459586672618                     0.539329392205
 476                     0.331082934755                     0.545173422486
 477                    -0.025547352849                     0.549044317638
 478                    -0.383006263678                     0.553207099854
 479                     0.682867112068                     0.558648670431
 480                     0.407661314276                     0.559062324319
 481                     0.051033056091                     0.562922025288
 482                    -0.306425854737                     0.567084807504
 483                     0.484243750882                     0.572928838414
 484                    -0.670736948230                     0.576005131480
 485                     0.769294941529                     0.576083229537
 486                     0.127613465032                     0.576799732937
 487                    -0.229845445796                     0.580962515153
 488                    -0.586475733400                     0.584833410306
 489                    -0.761585922742                     0.586236707053
 490                     0.204193873973                     0.590677440586
 491                    -0.153265036856                     0.594840222802
 492                     0.570104618509                     0.595841444440
 493                    -0.509895324459                     0.598711117955
 494                     0.280612752913                     0.605418700530
 495                    -0.076684627915                     0.608717930451
 496                    -0.433314915519                     0.612588825605
 497                     0.357343982610                     0.618436695472
 498                    -0.000104218974                     0.622595638101
 499                     0.643098409236                     0.625548596276
 500                    -0.356734506578                     0.626466533254
 501                     0.433745601635                     0.633267151074
 502                     0.720160257230                     0.636439940861
 503                     0.076476189966                     0.636473345750
 504                    -0.280154097637                     0.640344240903
 505                    -0.711654971575                     0.645936371362
 506                     0.510491770935                     0.646196779878
 507                    -0.633830080668                     0.646596794264
 508                     0.153056598907                     0.650351053399
 509                    -0.203573688697                     0.654221948552
 510                    -0.557249671727                     0.660474501913
 511                     0.229637007848                     0.664228761049
 512                    -0.126993279756                     0.668099656201
 513                     0.582861063569                     0.674829545842
 514                     0.305698910521                     0.680713201133
 515                    -0.050412870815                     0.681977363851
 516                    -0.407043158419                     0.685848259004
 517                    -0.484809876063                     0.688928426200
 518                     0.382701240822                     0.692017666239
 519                     0.026167538125                     0.695855071500
 520                    -0.330462749478                     0.699725966653
 521                     0.656117246518                     0.702279683060
 522                     0.102747947066                     0.709732779150
 523                    -0.253882340538                     0.713603674303
 524                     0.179328356007                     0.723610486799
 525                    -0.631618010751                     0.724393044494
 526                     0.524186944199                     0.725961703232
 527                    -0.177301931597                     0.727481381952
 528                     0.446993468993                     0.735877205678
 529                    -0.555037601811                     0.738270752143
 530                     0.255886026789                     0.740511435816
 531                    -0.100721522656                     0.741359089601
 532                     0.597142779169                     0.753065133772
 533                     0.333549054996                     0.753387262915
 534                    -0.024141113716                     0.755236797250
 535                    -0.379922515923                     0.759816575789
 536                    -0.457722578058                     0.761890252451
 537                     0.052439295225                     0.769114504900
 538                    -0.303342106982                     0.773694283440
 539                    -0.226761698041                     0.787571991088
 540                     0.398289693423                     0.796582164688
 541                     0.125087372509                     0.797032360656
 542                     0.202911482885                     0.797779118509
 543                     0.526961807375                     0.803739913146
 544                    -0.520433553942                     0.807982370072
 545                    -0.152167577472                     0.809772598730
 546                    -0.074491838029                     0.814633597088
 547                     0.002088570912                     0.828511304737
 548                     0.328511491960                     0.831051751336
 549                    -0.376154517160                     0.837553002183
 550                     0.460201414031                     0.843742409115
 551                    -0.277070349881                     0.846953716840
 552                    -0.453351297630                     0.847442738687
 553                     0.254737356403                     0.855841400907
 554                    -0.203012078540                     0.870881154003
 555                     0.100768621727                     0.870963059040
 556                     0.178590331963                     0.871928056000
 557                     0.390423212568                     0.878211995764
 558                    -0.126153340168                     0.883123871797
 559                    -0.048477600725                     0.887984870155
 560                     0.029171267816                     0.901474838996
 561                    -0.332264287595                     0.901824283109
 562                     0.315538779132                     0.907806443237
 563                    -0.258206016255                     0.925751720272
 564                     0.236563054915                     0.931517318929
 565                    -0.176596449867                     0.944701496762
 566                     0.160416030475                     0.947603974022
 567                    -0.098816612074                     0.955992610638
 568                     0.083217064897                     0.957476639154
 569                    -0.021140872631                     0.960853608996
