   1                    -0.047252323989                    -0.957809639717
   2                     0.115214555072                    -0.952028200399
   3                    -0.130360750429                    -0.948910461775
   4                     0.033583289583                    -0.943739430247
   5                    -0.214646935135                    -0.934569490075
   6                     0.242196421328                    -0.927886297750
   7                    -0.297691965833                    -0.911598366352
   8                     0.320628272438                    -0.903786257347
   9                     0.169263522280                    -0.890294284601
  10                    -0.080427629441                    -0.882764544446
  11                    -0.383412665935                    -0.878991931508
  12                     0.081577207846                    -0.877189065666
  13                     0.000135386820                    -0.867209235805
  14                    -0.237832616633                    -0.855480405506
  15                    -0.155924997701                    -0.850631779209
  16                     0.446839151586                    -0.848508609659
  17                     0.365854257020                    -0.835324753313
  18                    -0.316361870933                    -0.831699668868
  19                     0.284175243866                    -0.826383494534
  20                    -0.436917414193                    -0.816785749100
  21                     0.202831872313                    -0.815424176467
  22                     0.517736504823                    -0.807205673686
  23                    -0.518359235219                    -0.806805919239
  24                     0.121390051288                    -0.805444346605
  25                    -0.043625554023                    -0.796626982591
  26                     0.039948230262                    -0.795464516744
  27                    -0.205115461895                    -0.778987704691
  28                    -0.122935411789                    -0.775504857022
  29                     0.417764258819                    -0.771781705469
  30                    -0.371946748930                    -0.765446659306
  31                     0.333637390037                    -0.759863235320
  32                    -0.285819053840                    -0.755545197299
  33                     0.252195569012                    -0.749883405459
  34                     0.170753747986                    -0.739903575597
  35                    -0.611085232367                    -0.739058134953
  36                    -0.448702695891                    -0.735585537577
  37                     0.089311926960                    -0.729923745736
  38                     0.542676927566                    -0.729036993708
  39                     0.624714881097                    -0.727573642590
  40                    -0.530144516917                    -0.725605707716
  41                     0.007870105935                    -0.719943915875
  42                    -0.073571715091                    -0.709964086014
  43                     0.464442907761                    -0.704302294172
  44                    -0.155013536117                    -0.699984256152
  45                     0.383001086735                    -0.694322464311
  46                    -0.236455357142                    -0.690004426291
  47                     0.301559265709                    -0.684342634450
  48                    -0.317897178168                    -0.680024596430
  49                     0.220117444684                    -0.674362804589
  50                     0.684623278121                    -0.671508045455
  51                    -0.399338999194                    -0.670044766569
  52                     0.138675623658                    -0.664382974728
  53                    -0.643163356695                    -0.663537534084
  54                    -0.480780820219                    -0.660064936708
  55                     0.057233802632                    -0.654403144867
  56                     0.594921095059                    -0.651123021078
  57                    -0.562222641245                    -0.650085106847
  58                    -0.024208018393                    -0.644423315005
  59                     0.513806604459                    -0.638761523164
  60                    -0.105649839419                    -0.634443485144
  61                    -0.719647332305                    -0.633829476408
  62                     0.432364783433                    -0.628781693303
  63                    -0.187091660444                    -0.624463655282
  64                     0.350922962407                    -0.618801863442
  65                    -0.268533481470                    -0.614483825422
  66                     0.739519741163                    -0.610526527259
  67                     0.269481141382                    -0.608822033581
  68                    -0.349975302496                    -0.604503995561
  69                     0.188039320356                    -0.598842203720
  70                     0.654829492082                    -0.595057423944
  71                    -0.431417123522                    -0.594524165700
  72                     0.106597499330                    -0.588862373858
  73                    -0.512858944547                    -0.584544335839
  74                     0.025155678305                    -0.578882543997
  75                    -0.594645924489                    -0.574710269436
  76                     0.565168013878                    -0.574435609461
  77                    -0.056286142721                    -0.568902714136
  78                    -0.676284772731                    -0.564172777927
  79                     0.481728607258                    -0.563240868296
  80                    -0.758290522947                    -0.561448049004
  81                    -0.137727963747                    -0.558922884274
  82                     0.400286659105                    -0.553261092434
  83                    -0.219169784772                    -0.548943054413
  84                     0.318844838079                    -0.543281262573
  85                     0.791734797873                    -0.540412283217
  86                    -0.300611605798                    -0.538963224552
  87                     0.709725955124                    -0.534075905747
  88                     0.237403017054                    -0.533301432711
  89                    -0.382053426824                    -0.528983394691
  90                     0.155961196028                    -0.523321602850
  91                    -0.463495247850                    -0.519003564831
  92                     0.624808938785                    -0.517866682640
  93                     0.074519375002                    -0.513341772989
  94                    -0.544937068876                    -0.509023734970
  95                    -0.816244965900                    -0.503364921006
  96                    -0.006922446023                    -0.503361943128
  97                    -0.626378889901                    -0.499043905107
  98                     0.532283299360                    -0.498613847875
  99                    -0.088364267049                    -0.493382113266
 100                    -0.708362897062                    -0.488652177059
 101                     0.449650355803                    -0.487720321426
 102                    -0.169806088075                    -0.483402283405
 103                     0.368208534777                    -0.477740491564
 104                    -0.251247909100                    -0.473422453544
 105                     0.286766713751                    -0.467760661703
 106                     0.831806115999                    -0.466220624697
 107                    -0.332689730126                    -0.463442623683
 108                     0.742364851481                    -0.458795963793
 109                     0.205324892726                    -0.457780831842
 110                    -0.414131551152                    -0.453462793822
 111                     0.123883071700                    -0.447801001980
 112                     0.661599746460                    -0.444326512284
 113                    -0.495573372178                    -0.443482963962
 114                     0.042441250674                    -0.437821172119
 115                    -0.770599262634                    -0.435182540662
 116                    -0.577015193203                    -0.433503134099
 117                     0.580455873525                    -0.432159380279
 118                    -0.856291477021                    -0.431736607184
 119                    -0.039000570351                    -0.427841342258
 120                    -0.658457014231                    -0.423523304238
 121                     0.499014052500                    -0.422179550417
 122                    -0.120442391377                    -0.417861512397
 123                     0.417572231474                    -0.412199720555
 124                    -0.201884212403                    -0.407881682536
 125                     0.336130410448                    -0.402219890694
 126                    -0.283326033428                    -0.397901852675
 127                     0.873719138372                    -0.395280856227
 128                     0.791693793336                    -0.393229030729
 129                     0.254688589423                    -0.392240060833
 130                    -0.364767854454                    -0.387922022814
 131                     0.173246768397                    -0.382260230971
 132                     0.710928688316                    -0.378759579220
 133                    -0.446209675480                    -0.377942192953
 134                     0.091804947371                    -0.372280401110
 135                    -0.720693379803                    -0.370053667841
 136                    -0.527651496506                    -0.367962363092
 137                     0.629784815381                    -0.366592447215
 138                    -0.810618091490                    -0.363552515163
 139                     0.010363126346                    -0.362300571249
 140                    -0.609093317533                    -0.357982533231
 141                     0.548342994356                    -0.356612617353
 142                    -0.891899970805                    -0.352344334615
 143                    -0.071078694680                    -0.352320741388
 144                     0.466901173331                    -0.346632787492
 145                    -0.152520515706                    -0.342340911527
 146                     0.385459352305                    -0.336652957630
 147                    -0.233962336732                    -0.332361081666
 148                     0.304017531279                    -0.326673127769
 149                    -0.315404157757                    -0.322381251805
 150                     0.222575710254                    -0.316693297908
 151                     0.763842153412                    -0.316049672287
 152                     0.856971672268                    -0.314957200962
 153                    -0.396845978783                    -0.312401421944
 154                     0.141133889228                    -0.306713468047
 155                    -0.671329683105                    -0.304512896833
 156                    -0.478287799809                    -0.302421592083
 157                     0.679631984705                    -0.301418536123
 158                     0.059692068202                    -0.296733638186
 159                    -0.755943127369                    -0.295960331349
 160                    -0.559729620835                    -0.292441762223
 161                     0.597706691054                    -0.291071846345
 162                    -0.021749752823                    -0.286753808325
 163                    -0.837472819757                    -0.286020645678
 164                     0.516264870029                    -0.281092016484
 165                    -0.103191573849                    -0.276773978464
 166                    -0.918754699071                    -0.274812465130
 167                     0.434823049003                    -0.271112186622
 168                    -0.184633394874                    -0.266794148603
 169                     0.921748961112                    -0.264595806363
 170                     0.353381227977                    -0.261132356761
 171                    -0.266075215900                    -0.256814318742
 172                     0.271939406952                    -0.251152526900
 173                     0.809614492289                    -0.247952240545
 174                    -0.347517036926                    -0.246834488881
 175                     0.190497585926                    -0.241172697039
 176                    -0.428958857952                    -0.236854659021
 177                     0.728512208777                    -0.235510905198
 178                     0.109055764901                    -0.231192867177
 179                    -0.612690530596                    -0.229771918971
 180                    -0.510400678977                    -0.226874829160
 181                    -0.694647507787                    -0.225844947400
 182                     0.647070387752                    -0.225531075337
 183                     0.027613943875                    -0.221213037316
 184                    -0.776157526617                    -0.216438351500
 185                     0.565628566726                    -0.215551245475
 186                    -0.053827877151                    -0.211233207455
 187                    -0.857601603925                    -0.206476951623
 188                     0.484186745700                    -0.205571415614
 189                    -0.135269698177                    -0.201253377595
 190                     0.402744924675                    -0.195591585753
 191                    -0.938883483239                    -0.195268771075
 192                    -0.216711519202                    -0.191273547734
 193                     0.321303103649                    -0.185611755891
 194                     0.940993435968                    -0.184833550856
 195                     0.858978188984                    -0.182411469534
 196                    -0.298153340228                    -0.181293717873
 197                     0.239861282624                    -0.175631926030
 198                    -0.379595161254                    -0.171313888012
 199                     0.777875905472                    -0.169970134187
 200                     0.158419461598                    -0.165652096169
 201                    -0.461036982280                    -0.161334058151
 202                     0.696434084448                    -0.159990304326
 203                     0.076977640572                    -0.155672266308
 204                    -0.542478803305                    -0.151354228291
 205                     0.614992263422                    -0.150010474465
 206                    -0.624482646596                    -0.148572699662
 207                    -0.004464180453                    -0.145692436447
 208                    -0.706439623788                    -0.144645728091
 209                     0.533550442397                    -0.140030644604
 210                    -0.085906001479                    -0.135712606586
 211                    -0.787949642617                    -0.135239132192
 212                     0.452108621371                    -0.130050814743
 213                    -0.167347822505                    -0.125732776725
 214                    -0.869393719925                    -0.125277732315
 215                     0.370666800347                    -0.120070984882
 216                    -0.248789643530                    -0.115752946865
 217                    -0.952138966155                    -0.114295569405
 218                     0.289224979321                    -0.110091155021
 219                    -0.330231464556                    -0.105773117004
 220                     0.829910069866                    -0.105179740790
 221                     0.924025845606                    -0.104556106369
 222                     0.207783158296                    -0.100111325160
 223                    -0.411673285582                    -0.095793287143
 224                     0.745797781148                    -0.094449533317
 225                     0.126341337270                    -0.090131495299
 226                    -0.493115106608                    -0.085813457282
 227                     0.664355960122                    -0.084469703456
 228                     0.044899516244                    -0.080151665439
 229                    -0.574556927633                    -0.075833627422
 230                     0.582914139097                    -0.074489873595
 231                    -0.656560770925                    -0.073052098793
 232                    -0.036542304781                    -0.070171835578
 233                    -0.738517748116                    -0.069125127222
 234                     0.501472318071                    -0.064510043734
 235                    -0.117984125807                    -0.060192005717
 236                    -0.820027766945                    -0.059718531323
 237                     0.420030497045                    -0.054530213873
 238                    -0.199425946833                    -0.050212175856
 239                    -0.901471844253                    -0.049757131446
 240                     0.338588676019                    -0.044550384013
 241                    -0.280867767858                    -0.040232345995
 242                     0.876763094469                    -0.037484506038
 243                     0.257146854994                    -0.034570554152
 244                    -0.362309588884                    -0.030252516135
 245                     0.958502007380                    -0.030099666182
 246                     0.795161477846                    -0.028908762308
 247                     0.175705033968                    -0.024590724291
 248                    -0.443751409910                    -0.020272686274
 249                     0.713719656820                    -0.018928932447
 250                     0.094263212942                    -0.014610894430
 251                    -0.525193230936                    -0.010292856413
 252                     0.632277835794                    -0.008949102587
 253                     0.012821391917                    -0.004631064570
 254                    -0.606635051961                    -0.000313026553
 255                     0.550836014769                     0.001030727274
 256                    -0.688638895253                     0.002468502076
 257                    -0.068620429109                     0.005348765291
 258                    -0.770595872444                     0.006395473647
 259                    -0.958934000837                     0.008813063848
 260                     0.469394193743                     0.011010557135
 261                    -0.150062250135                     0.015328595152
 262                     0.387952372717                     0.020990386996
 263                    -0.231504071161                     0.025308425013
 264                     0.306510551691                     0.030970216856
 265                    -0.878724922254                     0.031852061043
 266                    -0.312945892186                     0.035288254874
 267                     0.845023030759                     0.038178797959
 268                     0.225068730666                     0.040950046717
 269                    -0.394387713212                     0.045268084734
 270                     0.763421596759                     0.046756353481
 271                     0.143626909640                     0.050929876578
 272                     0.957566551543                     0.051946004870
 273                    -0.475829534238                     0.055247914595
 274                     0.681641532492                     0.056591668422
 275                     0.062185088614                     0.060909706439
 276                    -0.557271355264                     0.065227744456
 277                     0.600199711466                     0.066571498283
 278                    -0.019256732411                     0.070889536300
 279                    -0.638713176289                     0.075207574316
 280                     0.518757890441                     0.076551328143
 281                    -0.720717019581                     0.077989102945
 282                    -0.100698553437                     0.080869366160
 283                    -0.804854991702                     0.080952029118
 284                     0.437316069415                     0.086531158004
 285                    -0.954670592192                     0.090753228375
 286                    -0.182140374463                     0.090849196021
 287                     0.355874248389                     0.096510987865
 288                    -0.263582195489                     0.100829025882
 289                     0.894092394038                     0.103940221328
 290                     0.274432427364                     0.106490817726
 291                    -0.345024016514                     0.110808855743
 292                     0.812606649172                     0.113554824790
 293                     0.192990606338                     0.116470647586
 294                    -0.877600410595                     0.118905569745
 295                    -0.426465837540                     0.120788685604
 296                     0.731005229190                     0.122132439430
 297                     0.111548785312                     0.126450477447
 298                    -0.507907658566                     0.130768515464
 299                     0.649563408164                     0.132112269291
 300                     0.030106964286                     0.136430307308
 301                    -0.589349479592                     0.140748345325
 302                     0.568121587138                     0.142092099152
 303                    -0.051334856739                     0.146410137169
 304                    -0.677306223481                     0.147615750129
 305                    -0.760307346347                     0.149856851223
 306                     0.486679766113                     0.152071929012
 307                    -0.132776677765                     0.156389967029
 308                     0.405237945087                     0.162051758873
 309                    -0.214218498791                     0.166369796890
 310                     0.943946087839                     0.169109051534
 311                    -0.943418309321                     0.172029014106
 312                     0.323796124061                     0.172031588734
 313                    -0.295660319817                     0.176349626751
 314                     0.862014269710                     0.179460822197
 315                     0.242354303036                     0.182011418595
 316                    -0.377102140843                     0.186329456612
 317                     0.780528524844                     0.189075425659
 318                     0.160912482010                     0.191991248456
 319                    -0.458543961868                     0.196309286473
 320                     0.698927104862                     0.197653040299
 321                    -0.861834649925                     0.199427666132
 322                     0.079470660984                     0.201971078316
 323                    -0.539985782894                     0.206289116333
 324                     0.617485283836                     0.207632870160
 325                    -0.001971160042                     0.211950908177
 326                    -0.621427603920                     0.216268946194
 327                     0.536043462810                     0.217612700021
 328                    -0.083412981067                     0.221930738038
 329                    -0.702951319572                     0.225556087968
 330                     0.454601641785                     0.227592529881
 331                    -0.784962379772                     0.228116013900
 332                    -0.164854802093                     0.231910567899
 333                     0.373159820759                     0.237572359742
 334                    -0.246296623119                     0.241890397760
 335                     0.291717999733                     0.247552189603
 336                     0.926034980433                     0.249181265488
 337                    -0.327738444145                     0.251870227620
 338                    -0.925259527015                     0.252045423930
 339                     0.210276178707                     0.257532019464
 340                     0.844655140623                     0.259654511807
 341                    -0.409180265171                     0.261850057481
 342                     0.128834357682                     0.267511849325
 343                     0.763169395757                     0.269269115270
 344                    -0.490622086196                     0.271829887342
 345                     0.047392536656                     0.277491679185
 346                     0.681567975775                     0.277846729910
 347                    -0.848243352808                     0.280345178814
 348                    -0.572063907222                     0.281809717202
 349                     0.585407159508                     0.283153471029
 350                    -0.034049284370                     0.287471509046
 351                    -0.653505728248                     0.291789547063
 352                     0.503965338483                     0.293133300890
 353                    -0.115491105395                     0.297451338907
 354                    -0.735029443900                     0.301076688838
 355                     0.422523517457                     0.303113130751
 356                    -0.196932926421                     0.307431168768
 357                     0.341081696431                     0.313092960611
 358                    -0.278374747447                     0.317410998628
 359                     0.259639875405                     0.323072790472
 360                    -0.359816568473                     0.327390828489
 361                     0.901344632042                     0.327429293657
 362                     0.178198054380                     0.333052620333
 363                    -0.441258389499                     0.337370658350
 364                     0.819964792232                     0.337902539976
 365                     0.096756233354                     0.343032450194
 366                     0.735398886153                     0.346477702955
 367                     0.637148283212                     0.346834106499
 368                    -0.522700210524                     0.347350488211
 369                    -0.802171008013                     0.348239996445
 370                    -0.893227177225                     0.348966041217
 371                     0.015314412328                     0.353012280055
 372                    -0.604142031550                     0.357330318071
 373                     0.553329035180                     0.358674071898
 374                    -0.066127408698                     0.362992109915
 375                     0.471887214154                     0.368653901759
 376                    -0.147569229723                     0.372971939776
 377                    -0.697968488572                     0.377362036766
 378                     0.390445393129                     0.378633731620
 379                    -0.229011050749                     0.382951769637
 380                     0.309003572103                     0.388613561481
 381                    -0.310452871775                     0.392931599498
 382                     0.227561751077                     0.398593391341
 383                    -0.391894692801                     0.402911429358
 384                     0.869693513736                     0.403794121047
 385                     0.146119930052                     0.408573221202
 386                     0.784762582851                     0.412018473963
 387                     0.686511979910                     0.412374877507
 388                    -0.473336513827                     0.412891259219
 389                     0.064678109026                     0.418553051063
 390                     0.605070158884                     0.422354707368
 391                    -0.554961688561                     0.423008785469
 392                    -0.860127028892                     0.424044316346
 393                    -0.777271250565                     0.426421639400
 394                    -0.016763712000                     0.428532880923
 395                    -0.636954422995                     0.432534800542
 396                     0.521250910852                     0.434194672767
 397                    -0.098205533026                     0.438512710784
 398                     0.439809089827                     0.444174502628
 399                    -0.179647354051                     0.448492540645
 400                     0.358367268801                     0.454154332489
 401                    -0.261089175077                     0.458472370506
 402                     0.276925447775                     0.464134162350
 403                    -0.342530996103                     0.468452200366
 404                    -0.708959891029                     0.471874091196
 405                     0.195483626749                     0.474113992211
 406                     0.735875676608                     0.477915648516
 407                    -0.423972817129                     0.478432030228
 408                     0.829881419426                     0.480550640149
 409                     0.114041805724                     0.484093822071
 410                     0.654433855582                     0.487895478377
 411                    -0.505414638155                     0.488411860088
 412                     0.032599984698                     0.494073651932
 413                    -0.820730133103                     0.496018282599
 414                     0.572992034556                     0.497875308237
 415                    -0.048841836328                     0.504053481793
 416                     0.489172786524                     0.509715273636
 417                    -0.622119639790                     0.513233601173
 418                    -0.130283657354                     0.514033311653
 419                     0.407730965499                     0.519695103497
 420                    -0.211725478379                     0.524013141514
 421                     0.326289144473                     0.529674933358
 422                    -0.293167299405                     0.533992971375
 423                     0.244847323447                     0.539654763219
 424                    -0.374609120431                     0.543972801236
 425                     0.163405502421                     0.549634593079
 426                     0.785764911109                     0.549732291690
 427                    -0.694125107824                     0.552572891827
 428                     0.703797552280                     0.553436249385
 429                    -0.552048080699                     0.555922520376
 430                    -0.461003943284                     0.557431004261
 431                     0.081963681396                     0.559614422940
 432                     0.622355731254                     0.563416079246
 433                    -0.775324903424                     0.564361038863
 434                     0.000521860370                     0.569594252801
 435                     0.540913910228                     0.573395909106
 436                    -0.080919960656                     0.579574082662
 437                     0.457094662196                     0.585235874506
 438                    -0.162361781682                     0.589553912523
 439                     0.375652841171                     0.595215704366
 440                    -0.624053548734                     0.595261811030
 441                    -0.243803602707                     0.599533742383
 442                     0.294211020145                     0.605195534227
 443                    -0.325245423733                     0.609513572244
 444                     0.212769199119                     0.615175364088
 445                    -0.406687244759                     0.619493402104
 446                     0.131327378093                     0.625155193949
 447                    -0.508895128918                     0.625709266744
 448                    -0.723766463173                     0.629121748781
 449                     0.719527668266                     0.633965316604
 450                     0.049885557068                     0.635135023809
 451                     0.590277606926                     0.638936680115
 452                    -0.031556263958                     0.645114853670
 453                     0.508835785901                     0.648916509975
 454                    -0.112998084984                     0.655094683531
 455                    -0.580900596953                     0.665048557398
 456                    -0.194439906010                     0.665074513392
 457                     0.429976283189                     0.671578064383
 458                     0.347929821093                     0.672441356670
 459                    -0.275881727035                     0.675054343253
 460                     0.262132895817                     0.680716135096
 461                    -0.661533652936                     0.682595555245
 462                    -0.453898994823                     0.686600911907
 463                    -0.363652950685                     0.689891382163
 464                     0.180691074791                     0.690695964957
 465                     0.662700768578                     0.693152060794
 466                     0.099249253765                     0.700675794818
 467                     0.017807432740                     0.710655624679
 468                    -0.063634388286                     0.720635454539
 469                     0.585464831018                     0.720846413383
 470                    -0.525904462858                     0.725940202560
 471                     0.489031516351                     0.728541619857
 472                    -0.145076209312                     0.730615284400
 473                    -0.226518030338                     0.740595114261
 474                    -0.606136241495                     0.743122429215
 475                     0.311734218304                     0.746077255217
 476                     0.394815506328                     0.747776661437
 477                    -0.307959851363                     0.750574944121
 478                     0.230054771489                     0.756236735965
 479                    -0.445223104981                     0.768191941753
 480                     0.067171129437                     0.776196395687
 481                     0.149675729791                     0.780683895831
 482                    -0.014112498039                     0.787565081216
 483                     0.542520247036                     0.790761575706
 484                    -0.095712512614                     0.796156055408
 485                    -0.370978009914                     0.803120913604
 486                     0.461891819306                     0.805974197370
 487                    -0.177154333640                     0.806135885269
 488                    -0.517228573015                     0.807531232407
 489                     0.338994018877                     0.823467632453
 490                    -0.290460885589                     0.831075072731
 491                     0.257563466171                     0.833538992937
 492                     0.103961934161                     0.849536725000
 493                    -0.443331135241                     0.850246351993
 494                    -0.047837687098                     0.862792143963
 495                     0.408005388770                     0.867850039345
 496                     0.183637272528                     0.869137941089
 497                    -0.129279508124                     0.872771973823
 498                    -0.218428347870                     0.877050079655
 499                    -0.368979483572                     0.885147574565
 500                     0.030711645740                     0.886506475638
 501                     0.320539064448                     0.903482442514
 502                    -0.291963937631                     0.913449039180
 503                     0.241998239448                     0.927632270379
 504                    -0.170553522354                     0.943686168209
 505                    -0.088503021412                     0.943973415856
 506                     0.155631590878                     0.946261536773
 507                     0.074172778381                     0.956101713733
 508                    -0.007829032113                     0.958942539630
