   1                    -0.019746196451                    -0.959094821001
   2                     0.061638220494                    -0.957315787878
   3                    -0.100988424298                    -0.953967570782
   4                     0.148747707947                    -0.947695577349
   5                    -0.181503451187                    -0.941970957701
   6                     0.228559033615                    -0.931672451078
   7                    -0.260711501712                    -0.923191367388
   8                     0.306724543445                    -0.908940505421
   9                    -0.338042211789                    -0.897764028570
  10                     0.097662309458                    -0.884316792716
  11                    -0.062311151446                    -0.882338967242
  12                     0.382681380515                    -0.879663429360
  13                     0.017862139675                    -0.868238198781
  14                    -0.415018916171                    -0.864625121948
  15                    -0.202869727539                    -0.863421161297
  16                     0.249308296568                    -0.851234674910
  17                     0.455882592191                    -0.844052042284
  18                     0.168247695577                    -0.843766927774
  19                    -0.127258377202                    -0.833263044968
  20                    -0.494111363203                    -0.822257106202
  21                    -0.348607130269                    -0.817048659663
  22                    -0.267274839528                    -0.813635924227
  23                     0.085556339356                    -0.803818135782
  24                     0.382575851021                    -0.798259638638
  25                     0.301707501457                    -0.788937711844
  26                     0.005756169573                    -0.787739541847
  27                    -0.422662351958                    -0.783249067640
  28                     0.213606813746                    -0.776171523498
  29                     0.497708391775                    -0.774215155401
  30                    -0.074044000210                    -0.771660947912
  31                     0.578606834526                    -0.765158100647
  32                    -0.153920582237                    -0.755966351867
  33                    -0.541023829443                    -0.755730353752
  34                     0.139380895053                    -0.742748458491
  35                    -0.316295090796                    -0.740594909879
  36                    -0.233644339776                    -0.739503760042
  37                    -0.619120652378                    -0.732763540131
  38                     0.428635388076                    -0.731139542343
  39                     0.059580725269                    -0.726669864556
  40                     0.267431369442                    -0.715101846207
  41                     0.348835218293                    -0.715060948408
  42                    -0.020219444514                    -0.710591270621
  43                     0.644489788416                    -0.710553094831
  44                    -0.474654820887                    -0.708529721483
  45                    -0.393244679343                    -0.707346572172
  46                    -0.100019614297                    -0.694512676686
  47                     0.567355655323                    -0.684535527834
  48                     0.193205450749                    -0.681678781200
  49                    -0.179819784080                    -0.678434082751
  50                    -0.552845018909                    -0.675189384302
  51                     0.486812580869                    -0.671308285511
  52                     0.113405280966                    -0.665600187265
  53                    -0.259619953863                    -0.662355488816
  54                    -0.638274610910                    -0.653645184784
  55                     0.406630346011                    -0.652766291778
  56                     0.033605111183                    -0.649521593330
  57                     0.708291557233                    -0.646911995042
  58                    -0.339420123646                    -0.646276894881
  59                     0.326830176228                    -0.636687697844
  60                    -0.717826273760                    -0.636378997647
  61                    -0.046195058601                    -0.633442999395
  62                     0.628454595833                    -0.630744192576
  63                    -0.419220293430                    -0.630198300946
  64                     0.247030006445                    -0.620609103909
  65                    -0.125995228384                    -0.617364405460
  66                    -0.499020463213                    -0.614119707011
  67                     0.540255071491                    -0.607775208422
  68                     0.167229836662                    -0.604530509974
  69                    -0.205795398167                    -0.601285811525
  70                    -0.578820632996                    -0.598041113076
  71                     0.460454901708                    -0.591696614487
  72                     0.087429666879                    -0.588451916039
  73                    -0.285595567950                    -0.585207217590
  74                     0.760639411106                    -0.584534408071
  75                     0.380654731925                    -0.575618020552
  76                    -0.769194849321                    -0.573229510514
  77                     0.007629497096                    -0.572373322104
  78                    -0.668399738203                    -0.571698197844
  79                    -0.365395737733                    -0.569128623655
  80                     0.680842831698                    -0.568438004895
  81                     0.300854562142                    -0.559539426617
  82                    -0.072170672687                    -0.556294728169
  83                     0.600839163378                    -0.553404664093
  84                    -0.445195907516                    -0.553050029720
  85                     0.221054392358                    -0.543460832683
  86                    -0.151970842470                    -0.540216134234
  87                    -0.524996077299                    -0.536971435785
  88                     0.514279457404                    -0.530626937196
  89                     0.141254222575                    -0.527382238748
  90                    -0.231771012254                    -0.524137540299
  91                    -0.604796247083                    -0.520892841850
  92                     0.807458388901                    -0.517941828915
  93                     0.434479287621                    -0.514548343261
  94                     0.061454052792                    -0.511303644813
  95                    -0.719768313764                    -0.508548710711
  96                    -0.311571182037                    -0.508058946364
  97                    -0.815024579860                    -0.505952292386
  98                     0.727661809493                    -0.501845425740
  99                     0.354679117838                    -0.498469749326
 100                    -0.018346116991                    -0.495225050878
 101                    -0.391371351820                    -0.491980352429
 102                     0.647658141173                    -0.486812084938
 103                     0.274878948055                    -0.482391155391
 104                    -0.098146286774                    -0.479146456943
 105                    -0.471171521603                    -0.475901758494
 106                     0.568104013100                    -0.469557259905
 107                     0.195078778272                    -0.466312561456
 108                    -0.177946456557                    -0.463067863008
 109                    -0.550971691386                    -0.459823164559
 110                     0.488303843317                    -0.453478665970
 111                     0.115278608488                    -0.450233967521
 112                    -0.257746626340                    -0.446989269073
 113                    -0.630771861169                    -0.443744570624
 114                     0.781499993256                    -0.440787762425
 115                     0.408503673534                    -0.437400072035
 116                     0.035478438705                    -0.434155373587
 117                    -0.337546796124                    -0.430910675138
 118                    -0.791975609574                    -0.427879677154
 119                    -0.710572030952                    -0.427665976689
 120                     0.701703413849                    -0.424691359250
 121                     0.860956957458                    -0.423090894903
 122                     0.328703503751                    -0.421321478100
 123                    -0.044321731078                    -0.418076779652
 124                    -0.417346965907                    -0.414832081203
 125                     0.621928568797                    -0.408487582614
 126                     0.248903333968                    -0.405242884165
 127                    -0.869909150789                    -0.404364757761
 128                    -0.124121900861                    -0.401998185717
 129                    -0.497147135690                    -0.398753487268
 130                     0.542128399013                    -0.392408988679
 131                     0.169103164185                    -0.389164290230
 132                    -0.203922070644                    -0.385919591782
 133                    -0.576947305473                    -0.382674893333
 134                     0.462328229231                    -0.376330394744
 135                     0.089302994402                    -0.373085696295
 136                    -0.283722240427                    -0.369840997847
 137                    -0.656747475256                    -0.366596299398
 138                     0.794097014695                    -0.360364486371
 139                     0.382528059447                    -0.360251800809
 140                     0.009502824619                    -0.357007102361
 141                    -0.363522410210                    -0.353762403912
 142                    -0.736547645039                    -0.350517705463
 143                     0.893727356490                    -0.348574526046
 144                     0.675753124494                    -0.347417905323
 145                     0.302727889664                    -0.344173206874
 146                    -0.817511610057                    -0.342066394977
 147                    -0.070297345165                    -0.340928508426
 148                    -0.443322579993                    -0.337683809977
 149                     0.595952954711                    -0.331339311387
 150                    -0.901059691612                    -0.329156832070
 151                     0.222927719881                    -0.328094612939
 152                    -0.150097514948                    -0.324849914491
 153                    -0.523122749777                    -0.321605216042
 154                     0.516152784927                    -0.315260717453
 155                     0.143127550098                    -0.312016019004
 156                    -0.229897684731                    -0.308771320556
 157                    -0.602922919560                    -0.305526622107
 158                     0.436352615144                    -0.299182123518
 159                     0.740963699315                    -0.298692458052
 160                     0.063327380315                    -0.295937425069
 161                    -0.309697854514                    -0.292692726621
 162                     0.836377988164                    -0.290802229631
 163                    -0.682723089343                    -0.289448028172
 164                     0.356552445361                    -0.283103529583
 165                    -0.016472789468                    -0.279858831134
 166                    -0.389498024297                    -0.276614132686
 167                    -0.767441890259                    -0.274863509074
 168                     0.920062172490                    -0.271548129618
 169                     0.649886066300                    -0.270233168615
 170                     0.276752275578                    -0.267024935648
 171                    -0.848662150880                    -0.266858469286
 172                    -0.096272959251                    -0.263780237200
 173                    -0.469298194080                    -0.260535538751
 174                     0.570085896517                    -0.254154574679
 175                     0.196952105795                    -0.250946341713
 176                    -0.176073129034                    -0.247701643265
 177                    -0.927265289742                    -0.245689249177
 178                    -0.549098363863                    -0.244456944816
 179                     0.490285726733                    -0.238075980744
 180                     0.117151936012                    -0.234867747778
 181                    -0.255873298818                    -0.231623049330
 182                     0.782708782376                    -0.228807292812
 183                    -0.628898533646                    -0.228378350881
 184                     0.410485556950                    -0.221997386809
 185                     0.037351766229                    -0.218789153843
 186                    -0.335673468601                    -0.215544455395
 187                     0.862712804164                    -0.213775833204
 188                    -0.708698703430                    -0.212299756946
 189                     0.703710621996                    -0.209163491322
 190                     0.330685387167                    -0.205918792875
 191                    -0.042448403555                    -0.202710559908
 192                    -0.415473638384                    -0.199465861460
 193                    -0.788498873213                    -0.196221163011
 194                     0.623910452213                    -0.193084897388
 195                     0.250885217384                    -0.189840198940
 196                    -0.869503383040                    -0.188167737160
 197                    -0.122248573338                    -0.186631965973
 198                     0.941055083290                    -0.185933859375
 199                    -0.495273808167                    -0.183387267525
 200                     0.544110282430                    -0.177006303453
 201                     0.171085047601                    -0.173761605005
 202                    -0.202048743121                    -0.170553372039
 203                    -0.575073977950                    -0.167308673590
 204                     0.464310112647                    -0.160927709518
 205                    -0.945866428815                    -0.159967142835
 206                     0.091284877818                    -0.157683011070
 207                    -0.281848912904                    -0.154474778104
 208                    -0.654874147733                    -0.151230079655
 209                     0.759246098478                    -0.149573728003
 210                     0.384509942863                    -0.144849115583
 211                     0.011484708034                    -0.141604417135
 212                    -0.361649082687                    -0.138396184169
 213                    -0.734674317516                    -0.135151485720
 214                     0.877886510633                    -0.133798668261
 215                     0.677735007909                    -0.132015220096
 216                     0.304709773080                    -0.128770521649
 217                    -0.068315461749                    -0.125525823200
 218                    -0.441449252470                    -0.122317590234
 219                    -0.814474487299                    -0.119072891785
 220                     0.597934838126                    -0.115936626162
 221                     0.224909603297                    -0.112691927714
 222                    -0.148115631532                    -0.109447229265
 223                    -0.521249422254                    -0.106238996299
 224                     0.953643146665                    -0.104007388033
 225                     0.518134668343                    -0.099858032227
 226                    -0.893098682983                    -0.097982037526
 227                     0.145109433514                    -0.096613333779
 228                    -0.227915801315                    -0.093368635330
 229                    -0.601049592037                    -0.090160402364
 230                     0.811398281254                    -0.086831619873
 231                     0.438334498560                    -0.083779438292
 232                     0.065309263731                    -0.080534739844
 233                    -0.307715971098                    -0.077290041395
 234                    -0.680849761820                    -0.074081808429
 235                     0.731559563605                    -0.070945542805
 236                     0.358534328777                    -0.067700844357
 237                    -0.014490906052                    -0.064456145909
 238                    -0.387516140881                    -0.061211447460
 239                    -0.760649931603                    -0.058003214494
 240                     0.651759393822                    -0.054866948871
 241                     0.278734158993                    -0.051622250423
 242                    -0.958050316618                    -0.048911949197
 243                    -0.094291075836                    -0.048377551974
 244                    -0.467316310664                    -0.045132853525
 245                     0.880299509329                    -0.043481775005
 246                     0.571959224039                    -0.038788354936
 247                     0.198933989210                    -0.035543656488
 248                    -0.174091245619                    -0.032298958039
 249                    -0.547116480448                    -0.029054259591
 250                    -0.853742303611                    -0.026724310344
 251                     0.959027516669                    -0.022781795761
 252                     0.492159054256                    -0.022709761001
 253                     0.119133819427                    -0.019465062553
 254                    -0.253891415402                    -0.016220364104
 255                    -0.626916650231                    -0.012975665656
 256                     0.785236668737                    -0.009746223650
 257                     0.412358884473                    -0.006631167066
 258                     0.039333649644                    -0.003386468618
 259                    -0.333691585185                    -0.000141770169
 260                    -0.706716820014                     0.003102928279
 261                     0.705436498954                     0.006332370285
 262                     0.332558714690                     0.009447426869
 263                    -0.040466520139                     0.012692125317
 264                    -0.413491754968                     0.015936823766
 265                    -0.786516989797                     0.019181522215
 266                     0.625636329170                     0.022410964219
 267                     0.252758544907                     0.025526020803
 268                    -0.120266689922                     0.028770719252
 269                    -0.493291924751                     0.032015417701
 270                    -0.958747755086                     0.032488922174
 271                     0.854137896812                     0.033603621218
 272                     0.545836159387                     0.038489558154
 273                     0.172958375123                     0.041604614738
 274                    -0.200066859705                     0.044849313187
 275                    -0.573092094534                     0.048094011636
 276                    -0.879370524208                     0.050540057830
 277                     0.466035989604                     0.054568152089
 278                     0.093158205340                     0.057683208673
 279                     0.957506087977                     0.058607844459
 280                    -0.279867029488                     0.060927907122
 281                    -0.652892264317                     0.064172605570
 282                     0.759261054650                     0.067402047576
 283                     0.386235819821                     0.070646746024
 284                     0.013358035557                     0.073761802608
 285                    -0.359667199272                     0.077006501057
 286                    -0.732692434100                     0.080251199505
 287                     0.679460884866                     0.083480641511
 288                     0.306435650038                     0.086725339959
 289                    -0.066442134226                     0.089840396543
 290                    -0.439467369055                     0.093085094992
 291                    -0.812394564727                     0.096808936485
 292                     0.599660715083                     0.099559235445
 293                     0.226635480255                     0.102803933894
 294                    -0.146242304009                     0.105918990478
 295                     0.891330428470                     0.106014282514
 296                    -0.519267538838                     0.109163688927
 297                    -0.952541409375                     0.113655846184
 298                     0.519860545300                     0.115637829380
 299                     0.146835310471                     0.118882527829
 300                    -0.226042473792                     0.121997584413
 301                    -0.599067708621                     0.125242282862
 302                     0.813085610346                     0.128471724867
 303                     0.440060375517                     0.131716423315
 304                     0.067035140688                     0.134961121764
 305                    -0.305842643575                     0.138076178348
 306                    -0.678867878404                     0.141320876797
 307                     0.733285440562                     0.144550318802
 308                    -0.877626814119                     0.145505362632
 309                     0.360260205734                     0.147795017250
 310                    -0.012765029095                     0.151039715699
 311                    -0.385642813358                     0.154154772283
 312                     0.653485270779                     0.160628912737
 313                    -0.763509414485                     0.161986578457
 314                     0.280460035951                     0.163873611185
 315                    -0.092565198878                     0.167118309634
 316                     0.944540208896                     0.167620349969
 317                    -0.465442983141                     0.170233366218
 318                     0.573685100996                     0.176707506672
 319                     0.200659866167                     0.179952205120
 320                    -0.172365368661                     0.183196903569
 321                    -0.545243152924                     0.186311960153
 322                     0.493884931213                     0.192786100606
 323                     0.867781566350                     0.194725682928
 324                     0.120859696384                     0.196030799055
 325                    -0.252165538444                     0.199275497504
 326                    -0.938254733939                     0.199827030673
 327                    -0.625043322708                     0.202390554088
 328                     0.787109996259                     0.205619996093
 329                     0.414084761430                     0.208864694541
 330                     0.041059526601                     0.212109392990
 331                    -0.331965708228                     0.215354091439
 332                    -0.704843492491                     0.218469148023
 333                     0.707309826476                     0.221698590028
 334                     0.334284591647                     0.224943288476
 335                    -0.038740643182                     0.228187986925
 336                    -0.862397478647                     0.229361165162
 337                    -0.411765878011                     0.231432685374
 338                     0.627509656693                     0.237777183963
 339                     0.254484421864                     0.241021882411
 340                    -0.782256544431                     0.243644685150
 341                    -0.118540812965                     0.244266580860
 342                    -0.491566047794                     0.247511279309
 343                     0.925599288558                     0.252029254187
 344                     0.547709486910                     0.253855777898
 345                     0.174684252081                     0.257100476346
 346                    -0.198340982748                     0.260345174795
 347                    -0.571366217577                     0.263589873244
 348                     0.467909317126                     0.269934371832
 349                     0.094884082297                     0.273179070281
 350                     0.847064079017                     0.273449084779
 351                    -0.278141152531                     0.276423768730
 352                    -0.651166387360                     0.279668467179
 353                     0.766358828285                     0.284334526570
 354                     0.388109147343                     0.286012965767
 355                     0.015083912514                     0.289257664216
 356                    -0.357941322314                     0.292502362665
 357                    -0.913560497118                     0.292677307032
 358                     0.681334212389                     0.298846861254
 359                     0.308308977560                     0.302091559702
 360                    -0.064716257269                     0.305336258151
 361                    -0.437741492098                     0.308580956600
 362                    -0.829579313900                     0.309880202587
 363                     0.601534042606                     0.314925455189
 364                    -0.748556288433                     0.317745164407
 365                     0.228508807777                     0.318170153637
 366                    -0.144516427052                     0.321414852086
 367                    -0.517541661881                     0.324659550535
 368                     0.521733872823                     0.331004049124
 369                     0.148708637994                     0.334248747572
 370                    -0.224316596835                     0.337493446021
 371                     0.897752364707                     0.337557730431
 372                    -0.597341831664                     0.340738144470
 373                     0.441933703040                     0.347082643058
 374                     0.816133553781                     0.348747762649
 375                     0.068908468211                     0.350327341507
 376                    -0.304116766618                     0.353572039956
 377                    -0.677142001447                     0.356816738405
 378                     0.735462692249                     0.359647321355
 379                     0.362133533256                     0.363161236993
 380                    -0.010891701572                     0.366405935442
 381                    -0.885457730367                     0.369076408998
 382                    -0.383916936401                     0.369650633891
 383                     0.655358598302                     0.375995132480
 384                     0.282333363473                     0.379239830928
 385                    -0.090691871356                     0.382484529377
 386                    -0.463717106184                     0.385729227826
 387                    -0.791828379137                     0.386785752397
 388                     0.575558428519                     0.392073726415
 389                     0.202533193690                     0.395318424863
 390                    -0.170492041139                     0.398563123312
 391                    -0.543517275968                     0.401807821761
 392                     0.495758258736                     0.408152320350
 393                     0.122733023907                     0.411397018798
 394                     0.865683328893                     0.413334201369
 395                    -0.250292210922                     0.414641717247
 396                    -0.623317445751                     0.417886415696
 397                     0.415958088953                     0.424230914284
 398                    -0.720853948758                     0.426672421504
 399                     0.042932854124                     0.427475612733
 400                    -0.330092380705                     0.430720311182
 401                     0.709487078162                     0.436795592581
 402                     0.336157919170                     0.440309508219
 403                    -0.850978928797                     0.442817852723
 404                    -0.036867315659                     0.443554206668
 405                     0.790517328076                     0.444585770954
 406                    -0.409892550488                     0.446798905117
 407                     0.629761035636                     0.453269669813
 408                     0.256357749387                     0.456388102154
 409                    -0.116667485442                     0.459632800603
 410                    -0.489692720271                     0.462877499052
 411                     0.549582814432                     0.469221997641
 412                     0.176557579603                     0.472466696089
 413                    -0.196467655226                     0.475711394538
 414                    -0.569492890054                     0.478956092987
 415                     0.469782644649                     0.485300591576
 416                     0.096757409820                     0.488545290024
 417                    -0.276267825009                     0.491789988473
 418                    -0.649293059837                     0.495034686922
 419                     0.389982474866                     0.501379185510
 420                     0.016957240037                     0.504623883959
 421                    -0.356067994792                     0.507868582408
 422                    -0.728987092365                     0.511631357063
 423                    -0.810372368560                     0.513370638253
 424                     0.721280609677                     0.517340616603
 425                     0.310182305083                     0.517457779445
 426                    -0.062842929746                     0.520702477894
 427                    -0.435868164575                     0.523947176343
 428                     0.802854952006                     0.525049249105
 429                     0.603407370129                     0.530291674932
 430                     0.230382135300                     0.533536373380
 431                    -0.142643099529                     0.536781071829
 432                    -0.515668334358                     0.540025770278
 433                     0.523607200345                     0.546370268867
 434                     0.150581965517                     0.549614967315
 435                    -0.222443269312                     0.552859665764
 436                    -0.595726063184                     0.556331520853
 437                     0.443807030562                     0.562448862802
 438                     0.070781795734                     0.565693561250
 439                    -0.302243439095                     0.568938259699
 440                    -0.677867316769                     0.574982417222
 441                     0.364006860779                     0.578527456736
 442                     0.668435759297                     0.579260000230
 443                    -0.009018374050                     0.581772155185
 444                    -0.382043608879                     0.585016853634
 445                    -0.758290832022                     0.587577911445
 446                     0.755449972058                     0.591225953137
 447                     0.284206690996                     0.594606050671
 448                    -0.088818543833                     0.597850749120
 449                    -0.461843778662                     0.601095447569
 450                     0.204406521213                     0.610684644607
 451                     0.591061218269                     0.612511331461
 452                    -0.168618713616                     0.613929343055
 453                    -0.541643948445                     0.617174041504
 454                     0.497631586259                     0.623518540093
 455                     0.124606351430                     0.626763238541
 456                    -0.248418883399                     0.630007936990
 457                    -0.621374810666                     0.633592868803
 458                     0.417831416475                     0.639597134028
 459                     0.044806181647                     0.642841832476
 460                    -0.328219053182                     0.646086530925
 461                    -0.703018215133                     0.652518258283
 462                     0.702605121679                     0.653145336764
 463                     0.338031246692                     0.655675727962
 464                    -0.034993988137                     0.658920426411
 465                    -0.407912326055                     0.662686873997
 466                     0.258231076909                     0.671754321898
 467                    -0.114794157920                     0.674999020346
 468                    -0.487819392749                     0.678243718795
 469                     0.548795185234                     0.686834212878
 470                     0.178646969914                     0.688870392760
 471                     0.630129010991                     0.690210167262
 472                    -0.194594327703                     0.691077614281
 473                     0.468995015450                     0.702912806813
 474                     0.098630737343                     0.703911509768
 475                    -0.642729404744                     0.712145841962
 476                    -0.561332459824                     0.713206802890
 477                    -0.272885917106                     0.713371454441
 478                     0.389194845667                     0.718991400748
 479                     0.018830567560                     0.719990103702
 480                    -0.353668440789                     0.723409987591
 481                     0.309394675884                     0.735069994683
 482                    -0.060969602223                     0.736068697637
 483                    -0.140769772006                     0.752147291572
 484                     0.229818422851                     0.752222494021
 485                    -0.467661175004                     0.757112182313
 486                     0.586635034704                     0.759020503020
 487                     0.149807396902                     0.767216626439
 488                    -0.219061361410                     0.774441131732
 489                     0.443019401364                     0.780061078039
 490                    -0.541174242079                     0.792075266408
 491                    -0.394894234532                     0.793602738004
 492                    -0.313492632641                     0.794208947470
 493                    -0.007145046527                     0.797138374928
 494                     0.074257873949                     0.797529294779
 495                     0.365506047181                     0.804926077611
 496                     0.520172145576                     0.806023403452
 497                     0.284461049532                     0.812561301017
 498                    -0.086945216310                     0.813216968863
 499                    -0.466016627764                     0.838499427903
 500                     0.137874414277                     0.848318310097
 501                    -0.252841838392                     0.848505074748
 502                     0.425796445567                     0.859622111679
 503                     0.218414264440                     0.860147123058
 504                    -0.172081444690                     0.860175242841
 505                    -0.393249687292                     0.874989983594
 506                    -0.017632771254                     0.877863810266
 507                     0.063675775578                     0.881801892575
 508                     0.351383505582                     0.892626696862
 509                    -0.097432941038                     0.893942404200
 510                    -0.317651020795                     0.905179880981
 511                     0.274440311029                     0.919203624682
 512                    -0.239765001781                     0.928851727601
 513                     0.195520917140                     0.939161519073
 514                     0.114364102481                     0.945498688382
 515                    -0.160152474602                     0.945835066396
 516                    -0.047365061319                     0.958128038893
 517                     0.034036830006                     0.958694050336
