   1                     0.000211854127                    -0.961109773386
   2                    -0.077505542344                    -0.957979609536
   3                     0.077904138107                    -0.956395271112
   4                    -0.154715332322                    -0.948575356693
   5                     0.156798178499                    -0.948233290177
   6                     0.232960211889                    -0.932449237791
   7                    -0.246140255691                    -0.929057057402
   8                     0.307596520634                    -0.910558302293
   9                    -0.325242909411                    -0.899609088063
  10                     0.033043709252                    -0.890598349283
  11                    -0.044673687219                    -0.887468185433
  12                     0.110664111741                    -0.885611891882
  13                     0.390910167568                    -0.878021231106
  14                    -0.187447949221                    -0.878017809747
  15                    -0.398941461652                    -0.874373577016
  16                     0.186826145132                    -0.869827839496
  17                    -0.260995387515                    -0.852708405164
  18                    -0.114045218030                    -0.852291739436
  19                     0.460628120053                    -0.843536470105
  20                    -0.472106282212                    -0.837166470707
  21                     0.326103028862                    -0.835011622728
  22                     0.249200286278                    -0.823360020994
  23                    -0.003802992156                    -0.821291314405
  24                    -0.330943125199                    -0.818692149743
  25                     0.131153168626                    -0.810578631338
  26                     0.395754011675                    -0.800391798449
  27                     0.536609328703                    -0.797359674143
  28                    -0.206448291603                    -0.797261079101
  29                    -0.405592615324                    -0.796846205863
  30                    -0.538254772120                    -0.796249861331
  31                    -0.073175107563                    -0.786114509890
  32                     0.060643456347                    -0.777743100060
  33                     0.195585978805                    -0.767010241277
  34                     0.465471964161                    -0.765907037451
  35                    -0.276396029287                    -0.763244823680
  36                     0.330946872967                    -0.757382190074
  37                    -0.469488895863                    -0.752494689844
  38                    -0.143122854603                    -0.752098255134
  39                     0.597184935193                    -0.748570425945
  40                    -0.008728221417                    -0.742566943872
  41                    -0.351045519412                    -0.741398879800
  42                    -0.614449324719                    -0.739042670441
  43                     0.125638241121                    -0.732993985856
  44                     0.260366553731                    -0.723958828764
  45                     0.400208481385                    -0.721989769398
  46                    -0.539436633547                    -0.718478434422
  47                    -0.213070592287                    -0.718081999712
  48                     0.523279648377                    -0.713867982064
  49                    -0.078690044425                    -0.708529865073
  50                     0.055690503437                    -0.698977730434
  51                     0.660215991875                    -0.698460367847
  52                    -0.414941799952                    -0.697047363780
  53                     0.190071051300                    -0.689425595795
  54                    -0.283737375629                    -0.685585861446
  55                     0.324451599162                    -0.679873461158
  56                    -0.148637782108                    -0.674513609651
  57                     0.458832147024                    -0.670321326517
  58                     0.587712458555                    -0.670299592002
  59                    -0.650527214924                    -0.670135649911
  60                    -0.014257234246                    -0.664961475012
  61                    -0.484889537635                    -0.663031108358
  62                     0.120123313616                    -0.655409340373
  63                    -0.352966067654                    -0.650049488869
  64                     0.254503861479                    -0.645857205735
  65                    -0.560181878534                    -0.643515600628
  66                    -0.218585519792                    -0.640497354230
  67                     0.388884409340                    -0.636305071096
  68                    -0.720474952608                    -0.636119394489
  69                    -0.084204971930                    -0.630945219591
  70                     0.523264957202                    -0.626752936456
  71                     0.050175575932                    -0.621393084952
  72                     0.733554007929                    -0.620991593205
  73                     0.655773820645                    -0.620806914899
  74                    -0.422913805338                    -0.616033233447
  75                     0.184556123794                    -0.611840950313
  76                    -0.288533257476                    -0.606481098808
  77                     0.318936671657                    -0.602288815674
  78                    -0.622850647679                    -0.597445903279
  79                    -0.154152709614                    -0.596928964169
  80                     0.453317219518                    -0.592736681035
  81                    -0.019772161751                    -0.587376829530
  82                    -0.493423100337                    -0.583196584784
  83                     0.587697767380                    -0.583184546395
  84                     0.114608386111                    -0.577824694891
  85                    -0.769603073613                    -0.575710995609
  86                    -0.358480995159                    -0.572464843386
  87                     0.248988933973                    -0.568272560252
  88                    -0.692798385362                    -0.563429647857
  89                    -0.224100447297                    -0.562912708747
  90                     0.781366141040                    -0.559641845305
  91                     0.383369481835                    -0.558720425612
  92                    -0.089719899435                    -0.553360574109
  93                     0.686525567642                    -0.549363778794
  94                     0.517750029697                    -0.549168290974
  95                    -0.562809280705                    -0.548000722604
  96                     0.044660648427                    -0.543808439469
  97                    -0.428428732843                    -0.538448587965
  98                     0.179041196289                    -0.534256304830
  99                    -0.294048184981                    -0.528896453326
 100                     0.313421744151                    -0.524704170191
 101                    -0.159667637119                    -0.519344318687
 102                     0.447802292013                    -0.515152035552
 103                    -0.632757018389                    -0.513984467182
 104                    -0.813635705281                    -0.511594546952
 105                    -0.025287089257                    -0.509792184048
 106                     0.582182839875                    -0.505599900913
 107                    -0.498376470527                    -0.504432332543
 108                     0.109093458605                    -0.500240049409
 109                    -0.363995922665                    -0.494880197904
 110                     0.824060878482                    -0.494626839078
 111                     0.740565320322                    -0.493421873479
 112                     0.243474006467                    -0.490687914769
 113                    -0.229615374802                    -0.485328063265
 114                    -0.704536364604                    -0.484004475923
 115                     0.377854554329                    -0.481135780130
 116                     0.654999483955                    -0.478258942901
 117                    -0.095234826940                    -0.475775928626
 118                     0.512235102192                    -0.471583645491
 119                    -0.568324208210                    -0.470416077121
 120                     0.039145720922                    -0.466223793987
 121                    -0.433943660348                    -0.460863942482
 122                     0.173526268784                    -0.456671659348
 123                    -0.299563112486                    -0.451311807843
 124                     0.307906816646                    -0.447119524708
 125                    -0.773178126856                    -0.445164312963
 126                    -0.852339598455                    -0.444127515795
 127                    -0.165182564624                    -0.441759673204
 128                     0.442287364508                    -0.437567390070
 129                    -0.638271945895                    -0.436399821700
 130                    -0.030802016762                    -0.432207538565
 131                     0.576667912371                    -0.428015255431
 132                    -0.503891398032                    -0.426847687061
 133                     0.786712397528                    -0.426400138949
 134                     0.103578531100                    -0.422655403926
 135                     0.709039236635                    -0.422317037586
 136                     0.864264884135                    -0.420450058189
 137                    -0.369510850170                    -0.417295552422
 138                     0.237959078962                    -0.413103269287
 139                    -0.235130302308                    -0.407743417783
 140                     0.372339626824                    -0.403551134648
 141                    -0.708219683578                    -0.402383566278
 142                    -0.100749754446                    -0.398191283143
 143                     0.506720174687                    -0.393999000009
 144                    -0.573839135716                    -0.392831431639
 145                     0.033630793416                    -0.388639148504
 146                     0.641100722548                    -0.384446865369
 147                    -0.439458587854                    -0.383279297000
 148                     0.168011341279                    -0.379087013865
 149                    -0.305078039992                    -0.373727162361
 150                     0.302391889141                    -0.369534879226
 151                    -0.778693054362                    -0.367579667480
 152                    -0.856465352638                    -0.366456608807
 153                    -0.170697492129                    -0.364175027722
 154                     0.436772437003                    -0.359982744587
 155                    -0.643786873400                    -0.358815176217
 156                     0.820483323959                    -0.356161905092
 157                    -0.036316944267                    -0.354622893083
 158                     0.571152984865                    -0.350430609948
 159                    -0.509406325538                    -0.349263041578
 160                     0.098063603595                    -0.345070758444
 161                     0.897345185493                    -0.344243604811
 162                     0.705584537045                    -0.340906243684
 163                    -0.375025777675                    -0.339710906939
 164                     0.232444151457                    -0.335518623805
 165                    -0.240645229813                    -0.330158772300
 166                     0.366824699319                    -0.325966489166
 167                    -0.713734611084                    -0.324798920796
 168                    -0.106264681951                    -0.320606637661
 169                     0.501205247181                    -0.316414354526
 170                    -0.579354063221                    -0.315246786157
 171                     0.028115865911                    -0.311054503022
 172                    -0.909797461319                    -0.309839669437
 173                     0.635585795044                    -0.306862219887
 174                    -0.444973515359                    -0.305694651518
 175                     0.162496413773                    -0.301502368383
 176                     0.770203741772                    -0.296817526630
 177                    -0.310592967497                    -0.296142516878
 178                     0.296876961636                    -0.291950233744
 179                    -0.785963126100                    -0.290139770161
 180                    -0.176212419635                    -0.286590382239
 181                     0.431257509497                    -0.282398099105
 182                    -0.649301800905                    -0.281230530735
 183                    -0.041831871772                    -0.277038247600
 184                     0.844534734527                    -0.273911301362
 185                     0.565638057360                    -0.272845964465
 186                    -0.514921253043                    -0.271678396096
 187                     0.922242724605                    -0.270555721234
 188                     0.092548676090                    -0.267486112961
 189                     0.700018605222                    -0.263293829826
 190                    -0.380540705181                    -0.262126261457
 191                     0.226929223952                    -0.257933978323
 192                    -0.855112401922                    -0.254528405496
 193                    -0.246160157318                    -0.252574126818
 194                     0.361309771814                    -0.248381843683
 195                    -0.719695079822                    -0.247246249119
 196                    -0.111779609456                    -0.243021992179
 197                     0.495690319676                    -0.238829709044
 198                    -0.584868990727                    -0.237662140675
 199                    -0.931872272504                    -0.235257537856
 200                     0.022600938406                    -0.233469857540
 201                     0.630070867538                    -0.229277574405
 202                    -0.450488442864                    -0.228110006036
 203                     0.156981486268                    -0.223917722901
 204                     0.770622932595                    -0.219038249705
 205                    -0.316107895002                    -0.218557871396
 206                     0.291362034130                    -0.214365588261
 207                    -0.789697417548                    -0.212449058313
 208                    -0.181727347140                    -0.209005736757
 209                     0.425742581992                    -0.204813453622
 210                    -0.654816728411                    -0.203645885253
 211                    -0.047346799278                    -0.199453602118
 212                     0.844953925350                    -0.196132024437
 213                     0.560123129855                    -0.195261318983
 214                     0.941100226050                    -0.195095889010
 215                    -0.520436180548                    -0.194093750614
 216                     0.087033748585                    -0.189901467479
 217                     0.694503677718                    -0.185709184344
 218                    -0.386055632686                    -0.184541615975
 219                     0.221414296446                    -0.180349332840
 220                    -0.877187213107                    -0.179946273916
 221                    -0.251675084824                    -0.174989481336
 222                     0.355794844309                    -0.170797198201
 223                    -0.724764466094                    -0.169629629832
 224                    -0.117294536961                    -0.165437346697
 225                     0.490175392171                    -0.161245063562
 226                    -0.590383918232                    -0.160077495193
 227                     0.017086010901                    -0.155885212058
 228                     0.624555940034                    -0.151692928923
 229                    -0.456003370370                    -0.150525360553
 230                    -0.949358940136                    -0.149828770830
 231                     0.151466558763                    -0.146333077418
 232                     0.758936487896                    -0.142140794283
 233                    -0.321622822507                    -0.140973225914
 234                    -0.811772228733                    -0.137866926733
 235                     0.285847106625                    -0.136780942779
 236                     0.892368194439                    -0.134474269639
 237                    -0.187242274645                    -0.131421091275
 238                     0.420227654487                    -0.127228808140
 239                    -0.660331655916                    -0.126061239771
 240                    -0.052861726783                    -0.121868956636
 241                     0.554608202350                    -0.117676673501
 242                    -0.525951108054                    -0.116509105132
 243                     0.081518821079                    -0.112316821997
 244                     0.688988750212                    -0.108124538862
 245                    -0.391570560191                    -0.106956970493
 246                    -0.887296713001                    -0.102825656362
 247                     0.215899368941                    -0.102764687358
 248                     0.823369298075                    -0.098572404223
 249                    -0.257190012329                    -0.097404835854
 250                     0.350279916804                    -0.093212552719
 251                    -0.730279393600                    -0.092044984350
 252                     0.956801004618                    -0.090905879579
 253                    -0.122809464467                    -0.087852701214
 254                     0.484660464666                    -0.083660418080
 255                    -0.595898845737                    -0.082492849710
 256                     0.011571083395                    -0.078300566575
 257                     0.619041012528                    -0.074108283440
 258                    -0.461518297875                    -0.072940715071
 259                    -0.958452848776                    -0.071415530899
 260                     0.145951631258                    -0.068748431936
 261                     0.753421560391                    -0.064556148801
 262                    -0.327137750013                    -0.063388580432
 263                    -0.801494399306                    -0.060768561885
 264                     0.280332179120                    -0.059196297297
 265                     0.887802108253                    -0.055004014162
 266                    -0.192757202150                    -0.053836445793
 267                     0.414712726982                    -0.049644162658
 268                    -0.665846583421                    -0.048476594289
 269                    -0.058376654288                    -0.044284311154
 270                     0.549093274845                    -0.040092028019
 271                    -0.531466035559                    -0.038924459650
 272                     0.076003893574                    -0.034732176514
 273                     0.683473822707                    -0.030539893380
 274                    -0.397085487696                    -0.029372325011
 275                    -0.871500284466                    -0.026666188891
 276                     0.210384441436                    -0.025180041875
 277                     0.817854370569                    -0.020987758741
 278                    -0.262704939834                    -0.019820190371
 279                     0.344764989299                    -0.015627907236
 280                    -0.735794321105                    -0.014460338868
 281                     0.961018598303                    -0.013239905411
 282                    -0.128324391972                    -0.010268055732
 283                     0.479145537161                    -0.006075772597
 284                    -0.601413773243                    -0.004908204228
 285                     0.006056155890                    -0.000715921093
 286                     0.613526085023                     0.003476362042
 287                    -0.467033225380                     0.004643930411
 288                    -0.961089015951                     0.006320189736
 289                     0.140436703753                     0.008836213546
 290                     0.747906632886                     0.013028496681
 291                    -0.332652677518                     0.014196065050
 292                    -0.807009326811                     0.016816083597
 293                     0.274817251615                     0.018388348185
 294                     0.892019701939                     0.022661960006
 295                    -0.198272129656                     0.023748199689
 296                     0.409197799477                     0.027940482824
 297                    -0.671361510926                     0.029108051193
 298                    -0.063891581793                     0.033300334328
 299                     0.543578347340                     0.037492617463
 300                    -0.536980963064                     0.038660185832
 301                     0.070488966069                     0.042852468968
 302                     0.677958895202                     0.047044752102
 303                    -0.895076088700                     0.047455151455
 304                    -0.402600415202                     0.048212320471
 305                     0.204869513931                     0.052404603607
 306                     0.822071964255                     0.056678215427
 307                    -0.268219867340                     0.057764455111
 308                     0.339250061794                     0.061956738246
 309                    -0.741309248610                     0.063124306615
 310                     0.958175047221                     0.065377133049
 311                    -0.133839319477                     0.067316589750
 312                     0.473630609656                     0.071508872885
 313                    -0.606928700748                     0.072676441254
 314                     0.000541228385                     0.076868724389
 315                     0.608011157518                     0.081061007524
 316                    -0.472548152885                     0.082228575893
 317                     0.134921776248                     0.086420859028
 318                     0.742391705380                     0.090613142163
 319                    -0.338167605023                     0.091780710532
 320                    -0.812524254317                     0.094400729079
 321                    -0.956369382244                     0.095339635440
 322                     0.269302324110                     0.095972993667
 323                     0.886910701058                     0.100274392966
 324                    -0.203787057161                     0.101332845171
 325                     0.403682871972                     0.105525128306
 326                    -0.676876438432                     0.106692696675
 327                    -0.069406509299                     0.110884979811
 328                     0.538063419834                     0.115077262945
 329                    -0.542495890569                     0.116244831314
 330                     0.064974038564                     0.120437114450
 331                    -0.884253555894                     0.124478942739
 332                     0.672443967697                     0.124629397584
 333                    -0.408115342707                     0.125796965954
 334                     0.199354586426                     0.129989249089
 335                     0.807548806036                     0.133090711234
 336                    -0.273734794845                     0.135349100593
 337                     0.333735134288                     0.139541383728
 338                    -0.748532539047                     0.140587915385
 339                    -0.139354246982                     0.144901235232
 340                     0.949989415601                     0.145781177203
 341                     0.468115682151                     0.149093518367
 342                    -0.612443628253                     0.150261086736
 343                    -0.004973699120                     0.154453369871
 344                     0.602496230013                     0.158645653006
 345                    -0.478063080391                     0.159813221375
 346                     0.129406848742                     0.164005504510
 347                     0.736876777875                     0.168197787645
 348                    -0.343682532528                     0.169365356014
 349                    -0.822340407981                     0.171559233259
 350                    -0.945522053679                     0.172395148966
 351                     0.263787396605                     0.173557639149
 352                     0.872011748370                     0.176614505940
 353                    -0.209301984666                     0.178917490653
 354                     0.398167944467                     0.183109773788
 355                    -0.682391365937                     0.184277342157
 356                    -0.074921436804                     0.188469625293
 357                     0.532548492329                     0.192661908427
 358                    -0.548010818074                     0.193829476797
 359                     0.059459111059                     0.198021759932
 360                     0.666929040192                     0.202214043066
 361                    -0.413630270212                     0.203381611436
 362                     0.193839658921                     0.207573894571
 363                     0.802033878531                     0.210675356716
 364                    -0.279249722350                     0.212933746075
 365                     0.328220206783                     0.217126029210
 366                    -0.752339103621                     0.218293597579
 367                     0.935090462913                     0.222121290177
 368                    -0.144869174487                     0.222485880714
 369                     0.462600754646                     0.226678163849
 370                    -0.617958555758                     0.227845732218
 371                    -0.010488626625                     0.232038015353
 372                    -0.900223159735                     0.235623321860
 373                     0.596981302508                     0.236230298488
 374                    -0.483578007896                     0.237397866857
 375                     0.123891921237                     0.241590149992
 376                     0.731361850370                     0.245782433127
 377                    -0.349197460034                     0.246950001496
 378                    -0.823659714782                     0.249328449981
 379                     0.258272469100                     0.251142284632
 380                     0.865143537819                     0.256139216478
 381                    -0.214816912171                     0.256502136136
 382                     0.392653016962                     0.260694419271
 383                    -0.687906293442                     0.261861987640
 384                    -0.080436364309                     0.266054270775
 385                     0.527033564824                     0.270246553910
 386                    -0.553525745580                     0.271414122279
 387                     0.053944183553                     0.275606405414
 388                     0.661414112686                     0.279798688549
 389                    -0.419145197717                     0.280966256918
 390                     0.188324731416                     0.285158540053
 391                    -0.284764649855                     0.290518391557
 392                     0.322705279278                     0.294710674692
 393                    -0.757854031126                     0.295878243061
 394                    -0.150384101993                     0.300070526196
 395                     0.457085827140                     0.304262809331
 396                    -0.623473483263                     0.305430377700
 397                    -0.016003554130                     0.309622660836
 398                    -0.908736965455                     0.312936365728
 399                     0.591466375003                     0.313814943970
 400                     0.814110375793                     0.314836814501
 401                    -0.489092935401                     0.314982512339
 402                     0.118376993732                     0.319174795475
 403                     0.905296594845                     0.322753956975
 404                     0.736799746230                     0.323372515796
 405                    -0.354712387539                     0.324534646979
 406                    -0.829174642286                     0.326913095463
 407                     0.252757541594                     0.328726930114
 408                    -0.220331839676                     0.334086781618
 409                     0.387138089457                     0.338279064753
 410                    -0.693421220947                     0.339446633122
 411                    -0.085951291814                     0.343638916257
 412                     0.521518637319                     0.347831199392
 413                    -0.559040673085                     0.348998767761
 414                     0.048429256048                     0.353191050896
 415                     0.655899185181                     0.357383334031
 416                    -0.424660125222                     0.358550902400
 417                     0.182809803911                     0.362743185535
 418                    -0.290279577360                     0.368103037039
 419                     0.317190351773                     0.372295320174
 420                    -0.765881762960                     0.373268378971
 421                    -0.155899029498                     0.377655171678
 422                     0.451570899635                     0.381847454813
 423                    -0.628988410769                     0.383015023182
 424                    -0.880456693760                     0.385393372793
 425                    -0.021518481635                     0.387207306318
 426                     0.798548957222                     0.391044648035
 427                     0.585951447498                     0.391399589452
 428                    -0.494607862906                     0.392567157822
 429                     0.876233724760                     0.394900621641
 430                     0.112862066227                     0.396759440957
 431                     0.721238327659                     0.399580349331
 432                    -0.360227315044                     0.402119292461
 433                     0.247242614089                     0.406311575596
 434                    -0.225846767182                     0.411671427100
 435                     0.381623161952                     0.415863710235
 436                    -0.698936148452                     0.417031278604
 437                    -0.091466219319                     0.421223561739
 438                     0.516003709814                     0.425415844874
 439                    -0.564555600590                     0.426583413243
 440                     0.042914328543                     0.430775696378
 441                     0.651606700454                     0.435695895361
 442                    -0.430175052728                     0.436135547882
 443                     0.177294876405                     0.440327831017
 444                    -0.295794504865                     0.445687682521
 445                     0.311675424268                     0.449879965656
 446                    -0.768730815874                     0.451360508706
 447                    -0.161413957003                     0.455239817160
 448                    -0.846410053349                     0.455326325803
 449                     0.446055972130                     0.459432100296
 450                    -0.634503338274                     0.460599668664
 451                     0.841432143421                     0.464460966496
 452                     0.763652386315                     0.464778809959
 453                    -0.027033409141                     0.464791951800
 454                     0.580436519993                     0.468984234935
 455                    -0.500122790411                     0.470151803304
 456                     0.107347138722                     0.474344086439
 457                    -0.365742242549                     0.479703937943
 458                     0.241727686584                     0.483896221078
 459                    -0.231361694687                     0.489256072582
 460                     0.376108234446                     0.493448355717
 461                    -0.704298005696                     0.494928898767
 462                    -0.096981146824                     0.498808207221
 463                     0.510809603001                     0.503652434631
 464                    -0.570070528095                     0.504168058725
 465                     0.037399401038                     0.508360341860
 466                     0.644226814005                     0.513488055330
 467                    -0.435689980233                     0.513720193364
 468                     0.171779948900                     0.517912476500
 469                    -0.806820025641                     0.522277213370
 470                    -0.301309432371                     0.523272328003
 471                     0.306160496763                     0.527464611139
 472                     0.720362435043                     0.529399021649
 473                    -0.166928884508                     0.532824462643
 474                     0.798708672574                     0.534492004320
 475                     0.440548820744                     0.537017298134
 476                    -0.032548336646                     0.542376597282
 477                    -0.643067794305                     0.542894300756
 478                    -0.505637717917                     0.547736448786
 479                     0.101832211217                     0.551928731921
 480                     0.576726286120                     0.552133499761
 481                    -0.371257170054                     0.557288583425
 482                     0.236212759079                     0.561480866560
 483                    -0.740899095684                     0.563559444821
 484                    -0.236876622192                     0.566840718064
 485                     0.370601083060                     0.571033553555
 486                    -0.102496074330                     0.576392852703
 487                     0.504574031262                     0.581182488707
 488                    -0.575585455600                     0.581752704207
 489                     0.031884473533                     0.585944987343
 490                     0.669273375067                     0.588047973820
 491                    -0.441204907738                     0.591304838847
 492                     0.166265021395                     0.595497121982
 493                    -0.306824359876                     0.600856973485
 494                     0.749658991754                     0.601451109785
 495                     0.300653345376                     0.605049808977
 496                    -0.172443812013                     0.610409108125
 497                     0.434626293577                     0.615198744127
 498                    -0.038063263757                     0.619961243573
 499                    -0.642902635949                     0.620716647409
 500                    -0.511152645422                     0.625321094268
 501                     0.601334974556                     0.625918349788
 502                     0.096320689086                     0.629520378996
 503                    -0.376772097560                     0.634873228907
 504                    -0.718713630557                     0.638108735743
 505                     0.230705607693                     0.639066064398
 506                    -0.242391549697                     0.644425363546
 507                    -0.108011001835                     0.653977498185
 508                     0.368786528336                     0.656610299917
 509                     0.498850483117                     0.659074080228
 510                     0.698569931778                     0.660100061957
 511                     0.026369546925                     0.663529632888
 512                    -0.578469825771                     0.664285037469
 513                    -0.446719835243                     0.668889484329
 514                     0.160757870009                     0.673082319820
 515                    -0.312339287381                     0.678441618968
 516                     0.295497725814                     0.682659159102
 517                    -0.177958739519                     0.687993753607
 518                    -0.662945286674                     0.695870381793
 519                     0.567366421280                     0.695889265377
 520                    -0.043573941936                     0.697554623792
 521                     0.433010717875                     0.700485636017
 522                     0.090968391448                     0.707422097369
 523                     0.642905732754                     0.714425825522
 524                    -0.383936208757                     0.714802531333
 525                     0.225549988130                     0.716675414524
 526                    -0.247906477202                     0.722010009028
 527                    -0.529939549869                     0.725068291421
 528                    -0.113525929340                     0.731562143667
 529                     0.364018418766                     0.736400177690
 530                     0.501526656038                     0.737300821167
 531                     0.020864310239                     0.741114966612
 532                    -0.455089887071                     0.746218223310
 533                    -0.604505306848                     0.747198350756
 534                     0.155602250446                     0.750691669945
 535                    -0.317973332296                     0.756017705347
 536                     0.289982798308                     0.760243804584
 537                    -0.182639265757                     0.767513184241
 538                     0.570309997984                     0.773613952550
 539                     0.437103568366                     0.780883586278
 540                    -0.040569159965                     0.788819477705
 541                     0.220035060625                     0.794260060006
 542                    -0.397725166095                     0.798745172844
 543                    -0.253540522118                     0.799586095407
 544                    -0.528385227751                     0.802833166028
 545                    -0.115600689253                     0.809314873595
 546                     0.106350393602                     0.810891721750
 547                     0.366787267704                     0.814131285463
 548                     0.505886910311                     0.817196717661
 549                     0.029465021580                     0.822657401035
 550                    -0.327969273564                     0.833153123918
 551                     0.292751647246                     0.837974912357
 552                    -0.461736721733                     0.842930152019
 553                     0.431733010577                     0.858544526067
 554                    -0.163530863876                     0.870572444561
 555                     0.222803909562                     0.871991167778
 556                    -0.241095319991                     0.876364403437
 557                    -0.391961778573                     0.877550629052
 558                     0.145274284311                     0.878232069032
 559                    -0.086823199743                     0.883445901872
 560                    -0.009325760026                     0.890074512382
 561                     0.068453901848                     0.890414863380
 562                     0.359046328471                     0.891525532664
 563                    -0.311608132818                     0.909193275900
 564                     0.285780556610                     0.917639098363
 565                    -0.197297108409                     0.940641213425
 566                     0.189443875965                     0.942254243418
 567                    -0.120589444275                     0.953514670736
 568                     0.112598128215                     0.954490947729
 569                    -0.043092004558                     0.960143281247
 570                     0.034687657316                     0.960483632245
