   1                     0.026629403691                    -0.958559625579
   2                    -0.055502379698                    -0.957321872088
   3                     0.108565793962                    -0.952763952567
   4                    -0.137226914650                    -0.949059774106
   5                     0.213990800816                    -0.934747890127
   6                    -0.217944547797                    -0.933833954735
   7                     0.293201987342                    -0.913005079695
   8                    -0.297063013904                    -0.911756133349
   9                     0.370261805739                    -0.884563099016
  10                     0.150775722705                    -0.882297763571
  11                    -0.091266668854                    -0.880980278789
  12                     0.068645248554                    -0.880975987485
  13                    -0.366710363822                    -0.868208360436
  14                    -0.011311215203                    -0.862157757499
  15                    -0.239299938842                    -0.853355884757
  16                    -0.446487272753                    -0.848642914422
  17                     0.451741473565                    -0.845857743354
  18                     0.223214958604                    -0.843571558248
  19                    -0.159260562454                    -0.834893487737
  20                     0.304485262831                    -0.831642621703
  21                     0.112738093834                    -0.809494599723
  22                    -0.305957210706                    -0.805356197426
  23                     0.381545081228                    -0.803200641024
  24                     0.528075239256                    -0.799915744589
  25                     0.032356251785                    -0.792585390836
  26                    -0.386339052755                    -0.788446988538
  27                    -0.545911931722                    -0.788369103741
  28                    -0.051204705625                    -0.787504576242
  29                    -0.219257284649                    -0.773404974737
  30                    -0.466115961686                    -0.768881542525
  31                     0.247956331508                    -0.765245149272
  32                     0.453585411666                    -0.763737333171
  33                    -0.128407432311                    -0.758766973061
  34                     0.597184963136                    -0.750277149282
  35                     0.167574120208                    -0.748337653363
  36                    -0.611378202272                    -0.738757317877
  37                     0.087190977264                    -0.731427278063
  38                    -0.289171116408                    -0.724948555286
  39                     0.383507439142                    -0.720885966293
  40                     0.521714936235                    -0.717851281278
  41                     0.006809135216                    -0.714518069175
  42                    -0.369552958457                    -0.708039346398
  43                    -0.533319769789                    -0.707198916270
  44                     0.303053469803                    -0.704323336856
  45                    -0.073572706833                    -0.697608860288
  46                     0.659203194398                    -0.696417137516
  47                    -0.453523799752                    -0.687711355053
  48                     0.222407544791                    -0.687178374177
  49                    -0.153954548881                    -0.680699651400
  50                    -0.678425299676                    -0.677705536122
  51                     0.450714401356                    -0.670774243293
  52                     0.142025702743                    -0.670269165290
  53                    -0.234336390929                    -0.663790442513
  54                    -0.598786040339                    -0.657587130405
  55                     0.061643860694                    -0.653359956402
  56                    -0.314718232978                    -0.646881233625
  57                     0.560406068923                    -0.645393306371
  58                     0.357624112319                    -0.642929470292
  59                     0.716384525488                    -0.637447168455
  60                    -0.018737981354                    -0.636450747515
  61                    -0.395100075026                    -0.629972024737
  62                     0.277242270270                    -0.626020261404
  63                    -0.099119823402                    -0.619541538627
  64                    -0.495202561745                    -0.616929700120
  65                     0.637099103137                    -0.615976637978
  66                    -0.736978121385                    -0.613414923645
  67                     0.196860428222                    -0.609111052517
  68                    -0.179501665451                    -0.602632329740
  69                     0.492840679846                    -0.598680566406
  70                    -0.656028720441                    -0.598676711539
  71                     0.116478586173                    -0.592201843629
  72                    -0.259883507499                    -0.585723120852
  73                     0.412458837797                    -0.581771357519
  74                    -0.569072901470                    -0.581008469834
  75                     0.036096744125                    -0.575292634741
  76                     0.768309388673                    -0.573799933955
  77                    -0.340265349547                    -0.568813911964
  78                     0.332076995749                    -0.564862148631
  79                     0.577062062711                    -0.558981637194
  80                    -0.044285097924                    -0.558383425854
  81                    -0.420647191597                    -0.551904703077
  82                     0.251695153700                    -0.547952939743
  83                    -0.786947331261                    -0.547876931834
  84                    -0.124666939972                    -0.541474216967
  85                     0.658328268130                    -0.536626247746
  86                    -0.501029033645                    -0.534995494189
  87                    -0.705524681629                    -0.533122827579
  88                     0.171313311652                    -0.531043730856
  89                    -0.205048782020                    -0.524565008079
  90                     0.467293563276                    -0.520613244745
  91                    -0.624392428319                    -0.520288523972
  92                     0.090931469603                    -0.514134521968
  93                    -0.285430624069                    -0.507655799191
  94                     0.814596785527                    -0.505942445284
  95                     0.386911721227                    -0.503704035858
  96                     0.731928541763                    -0.500154867220
  97                     0.010549627555                    -0.497225313081
  98                    -0.365812466118                    -0.490746590304
  99                     0.306529879179                    -0.486794826970
 100                    -0.069832214493                    -0.480316104193
 101                     0.602510130803                    -0.476364340860
 102                    -0.446194308166                    -0.473837381416
 103                    -0.758888197759                    -0.470676874767
 104                     0.226148037130                    -0.469885618083
 105                    -0.150214056542                    -0.463406895306
 106                    -0.840524924871                    -0.461588054007
 107                     0.522128288754                    -0.459455131972
 108                    -0.526576150215                    -0.456928172528
 109                     0.145766195082                    -0.452976409195
 110                    -0.230595898590                    -0.446497686418
 111                     0.441746446706                    -0.442545923084
 112                    -0.606957992263                    -0.440018963641
 113                     0.677435614901                    -0.436473971838
 114                     0.065384353034                    -0.436067200308
 115                     0.854907082504                    -0.434372606427
 116                    -0.310977740639                    -0.429588477530
 117                     0.361364604657                    -0.425636714197
 118                    -0.688214048840                    -0.423571670953
 119                     0.760942661563                    -0.423308639411
 120                    -0.014997489015                    -0.419157991420
 121                    -0.391359582687                    -0.412679268643
 122                     0.280982762609                    -0.408727505309
 123                    -0.095379331063                    -0.402248782532
 124                     0.576963014233                    -0.398297019199
 125                    -0.471741424736                    -0.395770059755
 126                     0.200600920561                    -0.391818296422
 127                    -0.780648311925                    -0.391470440004
 128                    -0.876944223607                    -0.387961995061
 129                    -0.175761173112                    -0.385339573645
 130                     0.496581172185                    -0.381387810311
 131                    -0.552123266784                    -0.378860850868
 132                     0.120219078512                    -0.374909087534
 133                    -0.256143015160                    -0.368430364757
 134                     0.416199330136                    -0.364478601424
 135                     0.815777387041                    -0.362150526637
 136                    -0.632505108833                    -0.361951641980
 137                     0.039837236464                    -0.357999878647
 138                     0.711276074372                    -0.357883934650
 139                    -0.336524857209                    -0.351521155870
 140                     0.335817488088                    -0.347569392536
 141                    -0.712886950881                    -0.345042433092
 142                     0.895589897985                    -0.342730820845
 143                    -0.040544605584                    -0.341090669759
 144                     0.631797739712                    -0.337138906426
 145                    -0.416906699257                    -0.334611946982
 146                     0.255435646039                    -0.330660183649
 147                    -0.120926447633                    -0.324181460872
 148                    -0.826374025700                    -0.323233199615
 149                     0.551415897664                    -0.320229697538
 150                    -0.497288541305                    -0.317702738095
 151                     0.175053803991                    -0.313750974761
 152                    -0.907441171394                    -0.309993873147
 153                    -0.201308289681                    -0.307272251984
 154                     0.471034055615                    -0.303320488651
 155                    -0.577670383354                    -0.300793529207
 156                     0.094671961943                    -0.296841765874
 157                     0.766110799850                    -0.296725821876
 158                    -0.281690131730                    -0.290363043097
 159                     0.390652213567                    -0.286411279763
 160                    -0.658052225402                    -0.283884320319
 161                     0.014290119894                    -0.279932556986
 162                     0.845923310794                    -0.277306116084
 163                     0.686632465190                    -0.275980793652
 164                    -0.362071973778                    -0.273453834209
 165                    -0.750654501196                    -0.270418484977
 166                     0.310270371518                    -0.269502070876
 167                    -0.066091722154                    -0.263023348099
 168                     0.606250623142                    -0.259071584765
 169                    -0.442453815827                    -0.256544625321
 170                     0.924683228593                    -0.253981510524
 171                     0.229888529470                    -0.252592861988
 172                    -0.146473564203                    -0.246114139211
 173                     0.525868781094                    -0.242162375877
 174                    -0.827410499940                    -0.241098629564
 175                    -0.522835657875                    -0.239635416434
 176                     0.149506687421                    -0.235683653101
 177                    -0.922780016416                    -0.229297642072
 178                    -0.226855406251                    -0.229204930323
 179                     0.445486939045                    -0.225253166990
 180                    -0.603217499924                    -0.222726207546
 181                     0.069124845373                    -0.218774444213
 182                     0.742844833495                    -0.215493719330
 183                    -0.307237248300                    -0.212295721436
 184                     0.365105096997                    -0.208343958102
 185                    -0.683599341972                    -0.205816998659
 186                    -0.011256996675                    -0.201865235325
 187                     0.661085348621                    -0.197913471991
 188                     0.864266765969                    -0.197239396852
 189                    -0.387619090348                    -0.195386512548
 190                     0.284723254948                    -0.191434749215
 191                    -0.763981184020                    -0.188907789771
 192                    -0.091638838724                    -0.184956026438
 193                     0.580703506573                    -0.181004263104
 194                    -0.468000932396                    -0.178477303661
 195                     0.204341412900                    -0.174525540327
 196                     0.943026683769                    -0.173914791293
 197                    -0.866913856534                    -0.169080252090
 198                    -0.172020680772                    -0.168046817550
 199                     0.500321664524                    -0.164095054217
 200                    -0.548382774445                    -0.161568094773
 201                     0.123959570852                    -0.157616331440
 202                    -0.252402522821                    -0.151137608663
 203                    -0.946996725949                    -0.150807433411
 204                     0.796961194136                    -0.150153073185
 205                     0.419939822476                    -0.147185845329
 206                    -0.628764616493                    -0.144658885886
 207                     0.043577728803                    -0.140707122552
 208                     0.715920074100                    -0.136755359218
 209                    -0.332784364869                    -0.134228399775
 210                     0.339557980427                    -0.130276636442
 211                    -0.709146458542                    -0.127749676998
 212                    -0.036804113245                    -0.123797913665
 213                     0.635538232051                    -0.119846150331
 214                    -0.413166206918                    -0.117319190888
 215                     0.873447797917                    -0.113729600380
 216                     0.259176138379                    -0.113367427554
 217                    -0.797425312294                    -0.113133625604
 218                    -0.117185955294                    -0.106888704777
 219                     0.555156390003                    -0.102936941443
 220                    -0.493548048966                    -0.100409982000
 221                     0.178794296330                    -0.096458218667
 222                     0.954450685326                    -0.092571973142
 223                    -0.197567797342                    -0.089979495890
 224                    -0.876345751964                    -0.087482450496
 225                     0.474774547954                    -0.086027732556
 226                    -0.573929891014                    -0.083500773112
 227                     0.098412454282                    -0.079549009779
 228                    -0.277949639390                    -0.073070287002
 229                    -0.956428621380                    -0.069209631817
 230                     0.394392705906                    -0.069118523668
 231                     0.786180620554                    -0.068722482438
 232                    -0.654311733063                    -0.066591564225
 233                     0.018030612234                    -0.062639800891
 234                     0.690372957530                    -0.058688037558
 235                    -0.358331481439                    -0.056161078114
 236                     0.314010863858                    -0.052209314781
 237                    -0.734693575111                    -0.049682355337
 238                    -0.062351229815                    -0.045730592004
 239                     0.609991115482                    -0.041778828670
 240                    -0.438713323487                    -0.039251869227
 241                     0.233629021809                    -0.035300105893
 242                    -0.815075417160                    -0.032773146450
 243                    -0.142733071863                    -0.028821383116
 244                     0.903671478679                    -0.028007013229
 245                     0.529609273433                    -0.024869619783
 246                    -0.519095165536                    -0.022342660339
 247                     0.153247179761                    -0.018390897006
 248                    -0.223114913912                    -0.011912174229
 249                     0.449227431385                    -0.007960410895
 250                    -0.599477007584                    -0.005433451452
 251                    -0.906118341922                    -0.004278609515
 252                     0.072865337712                    -0.001481688118
 253                     0.827348715269                     0.002357401171
 254                     0.745207683009                     0.002470075216
 255                    -0.303496755960                     0.004997034659
 256                     0.368845589336                     0.008948797992
 257                    -0.679858849633                     0.011475757436
 258                    -0.007516504336                     0.015427520769
 259                     0.664825840960                     0.019379284103
 260                    -0.383878598009                     0.021906243546
 261                     0.288463747288                     0.025858006880
 262                    -0.760240691681                     0.028384966324
 263                    -0.087898346385                     0.032336729657
 264                     0.958351443733                     0.033289506231
 265                     0.584443998912                     0.036288492991
 266                    -0.464260440057                     0.038815452434
 267                     0.208081905239                     0.042767215767
 268                    -0.840622533729                     0.045294175211
 269                    -0.168280188433                     0.049245938544
 270                     0.504062156863                     0.053197701878
 271                    -0.544642282105                     0.055724661321
 272                     0.127700063191                     0.059676424655
 273                    -0.957039561201                     0.060174406733
 274                     0.882396711985                     0.064563146912
 275                    -0.248662030481                     0.066155147432
 276                     0.423680314815                     0.070106910765
 277                    -0.625024124154                     0.072633870209
 278                     0.047318221143                     0.076585633542
 279                     0.801801598699                     0.080424722831
 280                     0.719660566439                     0.080537396877
 281                    -0.329043872530                     0.083064356319
 282                     0.343298472766                     0.087016119653
 283                    -0.705405966202                     0.089543079096
 284                    -0.033063620906                     0.093494842430
 285                     0.639278724390                     0.097446605764
 286                    -0.409425714578                     0.099973565207
 287                     0.262916630718                     0.103925328540
 288                    -0.785787808251                     0.106452287984
 289                    -0.113445462954                     0.110404051317
 290                     0.558896882342                     0.114355814651
 291                     0.951518839590                     0.116095104349
 292                    -0.489807556627                     0.116882774095
 293                     0.182534788670                     0.120834537428
 294                    -0.868540046409                     0.122545546475
 295                    -0.193827305003                     0.127313260205
 296                     0.478515040294                     0.131265023539
 297                    -0.570189398675                     0.133791982982
 298                     0.102152946621                     0.137743746316
 299                    -0.948378664172                     0.141857640869
 300                     0.858885756226                     0.143267637480
 301                    -0.274209147051                     0.144222469093
 302                     0.398133198245                     0.148174232426
 303                    -0.650571240723                     0.150701191870
 304                     0.021771104573                     0.154652955203
 305                     0.778290642940                     0.159129213400
 306                     0.696149610679                     0.159241887445
 307                    -0.354590989100                     0.161131677980
 308                     0.317751356197                     0.165083441314
 309                    -0.730953082772                     0.167610400757
 310                    -0.058610737475                     0.171562164091
 311                     0.615767768631                     0.176151096332
 312                    -0.434972831148                     0.178040886868
 313                     0.237369514148                     0.181992650201
 314                    -0.811334924821                     0.184519609645
 315                    -0.138992579524                     0.188471372978
 316                     0.535385926582                     0.193060305219
 317                    -0.515354673196                     0.194950095755
 318                     0.938372699533                     0.197280243632
 319                     0.156987672100                     0.198901859089
 320                    -0.891734590945                     0.201343864858
 321                    -0.219374421572                     0.205380581866
 322                     0.455004084534                     0.209969514107
 323                    -0.595736515245                     0.211859304643
 324                     0.076605830052                     0.215811067976
 325                    -0.299756263621                     0.222289790753
 326                     0.861170224164                     0.225376973627
 327                     0.374622242485                     0.226878722994
 328                    -0.676118357293                     0.228768513531
 329                    -0.003776011997                     0.232720276864
 330                    -0.380138105669                     0.239198999641
 331                     0.676586643823                     0.239312045180
 332                     0.778568593432                     0.241269852670
 333                     0.294240400437                     0.243787931882
 334                    -0.756500199342                     0.245677722418
 335                    -0.084157854045                     0.249629485751
 336                     0.590220652061                     0.254218417993
 337                    -0.460519947718                     0.256108208528
 338                     0.213858558389                     0.260697140769
 339                    -0.836897330864                     0.262600634462
 340                    -0.164539696094                     0.266538694639
 341                     0.509838810013                     0.271127626880
 342                    -0.540901789766                     0.273017417416
 343                     0.133476716340                     0.277606349657
 344                    -0.917323691057                     0.279397435127
 345                    -0.244921538142                     0.283447903527
 346                     0.914782081304                     0.287609847981
 347                     0.429456967964                     0.288036835768
 348                    -0.621283631814                     0.289926626304
 349                     0.053094874292                     0.294515558544
 350                    -0.325303380190                     0.300357112414
 351                     0.833200302634                     0.302609384996
 352                     0.726514170943                     0.304811169746
 353                     0.349075125916                     0.304946044655
 354                    -0.701665473863                     0.306835835191
 355                    -0.027286967757                     0.311424767432
 356                     0.645055377540                     0.315376530766
 357                    -0.405685222239                     0.317266321302
 358                     0.268693283867                     0.321855253542
 359                    -0.782047315912                     0.323745044078
 360                    -0.107668809805                     0.328333976319
 361                     0.564673535491                     0.332285739653
 362                    -0.486067064287                     0.334175530189
 363                     0.188311441819                     0.338764462430
 364                    -0.188050651854                     0.345243185207
 365                     0.484291693443                     0.349194948541
 366                    -0.566124065173                     0.352564605061
 367                     0.107929599770                     0.355673671317
 368                    -0.890047268042                     0.356877488197
 369                    -0.268432493901                     0.362152394095
 370                     0.886812159774                     0.364842259350
 371                     0.403909851394                     0.366104157428
 372                     0.781435629888                     0.366386971434
 373                    -0.646830748384                     0.367993947964
 374                     0.027547757722                     0.372582880205
 375                    -0.348814335949                     0.379061602983
 376                     0.700967054374                     0.382878491406
 377                     0.323528009346                     0.383013366316
 378                    -0.727648815602                     0.386270194832
 379                    -0.052834084327                     0.389492089093
 380                     0.619508260970                     0.393443852427
 381                    -0.429196177997                     0.395970811870
 382                    -0.818555934667                     0.397326853194
 383                     0.243146167297                     0.399922575203
 384                    -0.133215926375                     0.406401297981
 385                     0.539126418922                     0.410353061314
 386                    -0.509578020045                     0.412880020758
 387                     0.162764325249                     0.416831784091
 388                    -0.213597768423                     0.423310506869
 389                     0.458744576873                     0.427262270201
 390                    -0.589034843744                     0.433707287595
 391                     0.082382483200                     0.433740992978
 392                     0.852335258417                     0.439397642449
 393                    -0.293979610472                     0.440219715757
 394                     0.378362734825                     0.444171479089
 395                     0.761078487116                     0.445965540248
 396                    -0.670132126275                     0.446760740871
 397                     0.002000641152                     0.450650201866
 398                    -0.374361452520                     0.457128924645
 399                     0.675419937804                     0.460945813067
 400                     0.297980892776                     0.461080687976
 401                    -0.078381200896                     0.467559410754
 402                    -0.749594772950                     0.467565780152
 403                     0.593961144400                     0.471511174087
 404                    -0.455504091568                     0.474728897893
 405                     0.217599050728                     0.477989896864
 406                    -0.831002249213                     0.478519532240
 407                    -0.158763042945                     0.484468619642
 408                     0.513579302352                     0.488420382975
 409                     0.137217208679                     0.494899105751
 410                    -0.239144884993                     0.501377828530
 411                    -0.545034128134                     0.503069373075
 412                     0.433197460303                     0.505329591862
 413                     0.811604351325                     0.510728947525
 414                     0.056835366631                     0.511808314639
 415                    -0.626131410665                     0.516122826351
 416                    -0.319526727041                     0.518287037418
 417                     0.730254663282                     0.522103925840
 418                     0.352815618255                     0.522238800750
 419                    -0.023546475418                     0.528717523527
 420                    -0.399908569090                     0.535196246306
 421                    -0.705594057341                     0.536927865633
 422                     0.649872821234                     0.539013134727
 423                     0.272433776206                     0.539148009637
 424                    -0.103928317466                     0.545626732415
 425                    -0.787001533604                     0.547881617720
 426                     0.568414027830                     0.549578495748
 427                    -0.480032459959                     0.553288343702
 428                     0.192051934158                     0.556057218525
 429                    -0.184310159514                     0.562535941303
 430                     0.488032185782                     0.566487704635
 431                     0.111670092110                     0.572966427412
 432                    -0.264692001563                     0.579445150191
 433                    -0.574288329849                     0.579836693348
 434                     0.407650343733                     0.583396913523
 435                     0.031288250061                     0.589875636300
 436                    -0.345076049554                     0.596356337010
 437                     0.327268501685                     0.600306122410
 438                    -0.653750976525                     0.600641732630
 439                     0.745806083511                     0.602759460090
 440                    -0.049093591987                     0.606784845188
 441                    -0.735988781201                     0.614326253690
 442                    -0.425199943697                     0.614448437200
 443                     0.624325704664                     0.617080456388
 444                     0.246886659636                     0.617215331298
 445                    -0.129475434036                     0.623694054076
 446                     0.542866911261                     0.627645817409
 447                    -0.509279400588                     0.630046264076
 448                     0.166504817588                     0.634124540185
 449                    -0.209857276084                     0.640603262964
 450                     0.462485069212                     0.644555026296
 451                     0.086122975540                     0.651033749073
 452                    -0.290239118132                     0.657512471852
 453                    -0.596832884050                     0.659865820849
 454                     0.382103227164                     0.661464235183
 455                     0.691485406285                     0.664374603537
 456                     0.005741133491                     0.667942957962
 457                    -0.370363009029                     0.675604569129
 458                     0.301721385115                     0.678373444071
 459                    -0.676581495200                     0.679546290758
 460                    -0.074640708557                     0.684852166849
 461                    -0.450744016413                     0.692517745302
 462                     0.221339543066                     0.695282652958
 463                     0.616947622593                     0.698889537677
 464                    -0.155022550605                     0.701761375737
 465                     0.517724162168                     0.707414194996
 466                    -0.531169780824                     0.709216796027
 467                    -0.235404392654                     0.718670584625
 468                     0.436937952642                     0.722622347957
 469                     0.144846874780                     0.725216472875
 470                     0.062833981924                     0.729804204529
 471                    -0.315483072531                     0.736961754775
 472                     0.356556110594                     0.739531556844
 473                    -0.608434663682                     0.741183473210
 474                    -0.019805983078                     0.746010279622
 475                    -0.395906272496                     0.753673151591
 476                     0.273955713116                     0.758359594272
 477                    -0.100187825126                     0.762919488510
 478                     0.573451742438                     0.768569307236
 479                    -0.181512706527                     0.780661293950
 480                     0.197463044831                     0.788293414188
 481                    -0.542771560456                     0.790534448389
 482                    -0.263423326867                     0.800498710618
 483                    -0.461582795090                     0.803006266802
 484                     0.424180082144                     0.803766655315
 485                     0.117217451095                     0.805837831029
 486                     0.035086298225                     0.807116738607
 487                     0.505573287213                     0.814825952083
 488                    -0.343846526833                     0.817210107434
 489                     0.330896412991                     0.817561947047
 490                    -0.045161986936                     0.824746993683
 491                    -0.125755897960                     0.840979949231
 492                     0.254403744705                     0.847495766964
 493                    -0.205871790038                     0.859107434243
 494                    -0.409944261545                     0.866886026739
 495                     0.175451618585                     0.870161239770
 496                     0.387378237577                     0.877202246909
 497                     0.094627560591                     0.884811616068
 498                     0.012496407722                     0.886090523646
 499                    -0.334251672300                     0.898788907639
 500                     0.310885569292                     0.907136066826
 501                    -0.097666058638                     0.918168826688
 502                    -0.256106513066                     0.924096929383
 503                     0.231738097778                     0.930186590948
 504                    -0.176082173562                     0.942624394488
 505                     0.147727187637                     0.947482115379
 506                     0.055982063480                     0.957293941012
 507                    -0.026149089390                     0.958572848590
