   1                    -0.027557181902                    -0.958951346082
   2                     0.053569437218                    -0.954990907524
   3                    -0.109066635409                    -0.953169157231
   4                     0.135217999850                    -0.949812121302
   5                    -0.189299173695                    -0.940527934776
   6                     0.211033266618                    -0.920672697325
   7                    -0.287999028196                    -0.915141263966
   8                     0.291971165246                    -0.913881727534
   9                    -0.063529906220                    -0.885912432662
  10                     0.090000653308                    -0.882340258450
  11                    -0.353972860050                    -0.867764959600
  12                    -0.222893424685                    -0.866578715677
  13                    -0.141715018774                    -0.863909049287
  14                     0.417743610685                    -0.863665009704
  15                     0.012619533896                    -0.857657814015
  16                    -0.434260601422                    -0.855479224358
  17                     0.164442657172                    -0.849852587471
  18                     0.245621063577                    -0.847182936089
  19                     0.338225075719                    -0.847116193980
  20                     0.489299275050                    -0.825235234761
  21                    -0.498337044462                    -0.805566599180
  22                    -0.296594860331                    -0.805359608007
  23                    -0.052122009867                    -0.800576986648
  24                     0.105967059142                    -0.792631507786
  25                    -0.380098931871                    -0.790859244103
  26                    -0.217742117201                    -0.785519942333
  27                    -0.136563688952                    -0.782850277363
  28                     0.025793101163                    -0.777510962359
  29                     0.188149764146                    -0.772167107593
  30                     0.549914071864                    -0.771171317846
  31                    -0.571606578422                    -0.770514693409
  32                     0.269328170551                    -0.769497456211
  33                     0.431721142853                    -0.767948068680
  34                     0.350506576956                    -0.766827804830
  35                     0.620777477939                    -0.731479525441
  36                    -0.504189276928                    -0.724555414272
  37                    -0.423010460844                    -0.721897940561
  38                    -0.341821712725                    -0.719221857220
  39                    -0.260643306320                    -0.716552205839
  40                    -0.179464899915                    -0.713882554457
  41                    -0.098286494356                    -0.711212877362
  42                    -0.017108087955                    -0.708543225864
  43                     0.064070318450                    -0.705873574483
  44                     0.145248575028                    -0.703199371099
  45                    -0.614182216696                    -0.701345511468
  46                     0.226426981433                    -0.700529719717
  47                     0.307605387837                    -0.697860068335
  48                     0.469998360139                    -0.696310680803
  49                     0.388783794242                    -0.695190416953
  50                     0.550971674358                    -0.689955911784
  51                    -0.688363976373                    -0.668267917296
  52                     0.659135393394                    -0.659885314594
  53                    -0.547080114417                    -0.655581239653
  54                    -0.465901308248                    -0.652923772107
  55                    -0.384722901843                    -0.650254120726
  56                    -0.303544495438                    -0.647584469344
  57                    -0.222366089033                    -0.644914817962
  58                    -0.141187683474                    -0.642245140868
  59                    -0.060009277073                    -0.639575489370
  60                     0.021169129331                    -0.636905837988
  61                     0.102347385910                    -0.634231634604
  62                     0.183525792315                    -0.631561983222
  63                     0.264704198720                    -0.628892331841
  64                     0.345882605124                    -0.626222680459
  65                     0.427061011529                    -0.623553029078
  66                     0.730773174262                    -0.621608832817
  67                     0.508239417934                    -0.620883377692
  68                     0.589417824339                    -0.618213726313
  69                    -0.753252079839                    -0.594119408577
  70                    -0.671906862086                    -0.588730353251
  71                    -0.590701607614                    -0.587066817550
  72                    -0.508792145737                    -0.583949597488
  73                    -0.427613739332                    -0.581279946107
  74                    -0.346435332927                    -0.578610294725
  75                    -0.265256926523                    -0.575940643343
  76                    -0.183951721146                    -0.573192278604
  77                    -0.102773271501                    -0.570522600325
  78                    -0.021594865092                    -0.567852948941
  79                     0.059583391486                    -0.565178745557
  80                     0.140761797891                    -0.562509094175
  81                     0.221940204296                    -0.559839442793
  82                     0.303118610702                    -0.557169791410
  83                     0.384297017107                    -0.554500140029
  84                     0.465475423525                    -0.551830488636
  85                     0.546653829930                    -0.549160837255
  86                     0.628032641032                    -0.546699271807
  87                     0.710283044707                    -0.543013570264
  88                     0.791501001998                    -0.542174452637
  89                    -0.800829948302                    -0.528282009189
  90                    -0.714808051205                    -0.519762616756
  91                    -0.632744899028                    -0.517572772107
  92                    -0.551566492623                    -0.514903120725
  93                    -0.470388086218                    -0.512233469344
  94                    -0.389209679813                    -0.509563817962
  95                    -0.308031273409                    -0.506894166580
  96                    -0.226852867004                    -0.504224515199
  97                    -0.145674460599                    -0.501554863818
  98                    -0.064496054194                    -0.498885212436
  99                     0.016682202385                    -0.496211009052
 100                     0.097860608789                    -0.493541357670
 101                     0.179039015194                    -0.490871706288
 102                     0.260217421599                    -0.488202054907
 103                     0.341395828003                    -0.485532403525
 104                     0.422574234408                    -0.482862752141
 105                     0.503752640813                    -0.480193100761
 106                     0.584931047218                    -0.477523449380
 107                     0.666109453623                    -0.474853797997
 108                     0.834524094145                    -0.473282695169
 109                     0.748560261995                    -0.471376182389
 110                    -0.764425008861                    -0.455456954348
 111                    -0.845615069191                    -0.453168983948
 112                    -0.675646088146                    -0.448605035612
 113                    -0.594467681741                    -0.445935384231
 114                    -0.513289275336                    -0.443265732849
 115                    -0.432110868931                    -0.440596081468
 116                    -0.350932462526                    -0.437926430086
 117                    -0.269754056122                    -0.435256778704
 118                    -0.188575649717                    -0.432587127323
 119                    -0.107397243312                    -0.429917475941
 120                    -0.026218986733                    -0.427243272557
 121                     0.054959419672                    -0.424573621176
 122                     0.136137826076                    -0.421903969794
 123                     0.217316232481                    -0.419234318412
 124                     0.298494638886                    -0.416564667030
 125                     0.379673045291                    -0.413895015647
 126                     0.460851451696                    -0.411225364266
 127                     0.542029858100                    -0.408555712885
 128                     0.623208264505                    -0.405886061502
 129                     0.793070112982                    -0.403435518056
 130                     0.704386670911                    -0.403216410121
 131                     0.874246531066                    -0.395055658112
 132                    -0.799725683667                    -0.382306950498
 133                    -0.880915743996                    -0.380018980098
 134                    -0.718547277262                    -0.379637299117
 135                    -0.637368870857                    -0.376967647735
 136                    -0.556190464452                    -0.374297996354
 137                    -0.475012058048                    -0.371628344972
 138                    -0.393833651643                    -0.368958693591
 139                    -0.312655245238                    -0.366289042209
 140                    -0.231476838834                    -0.363619390828
 141                    -0.150298432429                    -0.360949739446
 142                    -0.069120175850                    -0.358275536062
 143                     0.012058230554                    -0.355605884680
 144                     0.093236636959                    -0.352936233299
 145                     0.174415043364                    -0.350266581917
 146                     0.255593449769                    -0.347596930536
 147                     0.336771856173                    -0.344927279152
 148                     0.417950262578                    -0.342257627771
 149                     0.499128668983                    -0.339587976390
 150                     0.580307075388                    -0.336918325008
 151                     0.661485481793                    -0.334248673627
 152                     0.743014126627                    -0.331767130791
 153                     0.824457410491                    -0.328522913910
 154                     0.905037581427                    -0.318329938053
 155                    -0.761448466380                    -0.310669562622
 156                    -0.842638526709                    -0.308381592223
 157                    -0.680270059975                    -0.307999911241
 158                    -0.599091653571                    -0.305330259859
 159                    -0.517913247166                    -0.302660608477
 160                    -0.436734840761                    -0.299990957096
 161                    -0.355556434356                    -0.297321305715
 162                    -0.274378027952                    -0.294651654333
 163                    -0.193199621547                    -0.291982002952
 164                    -0.112021364968                    -0.289307799568
 165                    -0.030842958563                    -0.286638148186
 166                     0.050335447841                    -0.283968496804
 167                     0.131513854246                    -0.281298845422
 168                     0.212692260651                    -0.278629194041
 169                    -0.918114652188                    -0.278374673226
 170                     0.293870667056                    -0.275959542658
 171                     0.375049073460                    -0.273289891277
 172                     0.456227479865                    -0.270620239895
 173                     0.537405886270                    -0.267950588513
 174                     0.618584292675                    -0.265280937132
 175                     0.699762699079                    -0.262611285750
 176                     0.780941105484                    -0.259941634369
 177                     0.861521276420                    -0.249748658512
 178                    -0.723171249093                    -0.239032174746
 179                    -0.641992842688                    -0.236362523365
 180                    -0.560814436284                    -0.233692871983
 181                    -0.479636029879                    -0.231023220602
 182                    -0.398457623474                    -0.228353569220
 183                    -0.834752649248                    -0.227543026911
 184                    -0.317279217070                    -0.225683917839
 185                    -0.236100810665                    -0.223014266457
 186                    -0.154922554086                    -0.220340063073
 187                    -0.073744147681                    -0.217670411691
 188                     0.934970479043                    -0.215074816225
 189                     0.007434258723                    -0.215000760309
 190                     0.088612665128                    -0.212331108928
 191                     0.169791071533                    -0.209661457546
 192                     0.250969477937                    -0.206991806164
 193                     0.332147884342                    -0.204322154782
 194                     0.413326290747                    -0.201652503401
 195                    -0.938370609542                    -0.199718733231
 196                     0.494504697152                    -0.198982852019
 197                     0.575683103557                    -0.196313200637
 198                     0.656861509961                    -0.193643549256
 199                     0.738039916366                    -0.190973897874
 200                    -0.772944572039                    -0.174847464512
 201                     0.838197424367                    -0.171947253445
 202                    -0.684894031807                    -0.167394786870
 203                    -0.603715625402                    -0.164725135489
 204                    -0.522537218997                    -0.162055484107
 205                    -0.441358812592                    -0.159385832726
 206                    -0.360180406188                    -0.156716181344
 207                    -0.870745394705                    -0.154731056883
 208                    -0.279001999783                    -0.154046529962
 209                    -0.197823743204                    -0.151372326578
 210                    -0.116645336799                    -0.148702675197
 211                    -0.035466930395                    -0.146033023815
 212                     0.045711476010                    -0.143363372433
 213                     0.126889882415                    -0.140693721052
 214                     0.208068288820                    -0.138024069669
 215                     0.289246695224                    -0.135354418288
 216                     0.949811839278                    -0.135219980859
 217                     0.370425101629                    -0.132684766906
 218                     0.451603508034                    -0.130015115524
 219                     0.532781914439                    -0.127345464143
 220                     0.613960320843                    -0.124675812761
 221                     0.695138727248                    -0.122006161380
 222                    -0.951900897121                    -0.119631330832
 223                     0.776317133653                    -0.119336509998
 224                    -0.808937317496                    -0.102035494483
 225                     0.876474641653                    -0.100309865569
 226                    -0.727795220924                    -0.098427050376
 227                    -0.646616814520                    -0.095757398994
 228                    -0.565438408115                    -0.093087747612
 229                    -0.484260001710                    -0.090418096231
 230                    -0.403081595306                    -0.087748444849
 231                    -0.321903188901                    -0.085078793468
 232                    -0.240724932322                    -0.082404590084
 233                    -0.159546525917                    -0.079734938702
 234                    -0.078368119513                    -0.077065287320
 235                     0.002810286892                    -0.074395635938
 236                    -0.885006130933                    -0.073564521071
 237                     0.083988693297                    -0.071725984557
 238                     0.165167099701                    -0.069056333175
 239                     0.246345506106                    -0.066386681793
 240                     0.327523912511                    -0.063717030412
 241                     0.408702318916                    -0.061047379030
 242                     0.489880725321                    -0.058377727649
 243                     0.571059131725                    -0.055708076267
 244                     0.957845525961                    -0.054395970917
 245                     0.652237538130                    -0.053038424885
 246                     0.733415944535                    -0.050368773504
 247                     0.814594350940                    -0.047699122122
 248                    -0.958338233867                    -0.033791858674
 249                    -0.770841364474                    -0.029549300968
 250                    -0.689518003638                    -0.026789662500
 251                    -0.608339597233                    -0.024120011118
 252                    -0.527161190828                    -0.021450359736
 253                    -0.445982784424                    -0.018780708355
 254                    -0.364804378019                    -0.016111056973
 255                    -0.283626121440                    -0.013436853589
 256                     0.888001590325                    -0.012936528568
 257                    -0.202447715035                    -0.010767202208
 258                    -0.121269308631                    -0.008097550826
 259                    -0.040090902226                    -0.005427899444
 260                     0.041087504179                    -0.002758248062
 261                     0.122265910584                    -0.000088596681
 262                     0.203444316988                     0.002581054701
 263                     0.284622723393                     0.005250706083
 264                    -0.888286097897                     0.007591517039
 265                     0.365801129798                     0.007920357464
 266                     0.446979536203                     0.010590008846
 267                     0.528157942607                     0.013259660227
 268                     0.609336349012                     0.015929311609
 269                     0.690514755417                     0.018598962990
 270                     0.773117990797                     0.022141013491
 271                     0.958591631014                     0.029058954610
 272                    -0.813597599160                     0.039508422614
 273                    -0.732419192756                     0.042178073995
 274                    -0.651240786351                     0.044847725377
 275                    -0.570062379946                     0.047517376758
 276                    -0.958134496994                     0.049043439170
 277                    -0.488883973542                     0.050187028140
 278                    -0.407705567137                     0.052856679521
 279                    -0.326527310558                     0.055530882905
 280                    -0.245348904153                     0.058200534287
 281                    -0.164170497749                     0.060870185669
 282                    -0.082992091344                     0.063539837051
 283                    -0.001813684939                     0.066209488432
 284                     0.886351607033                     0.068269002401
 285                     0.079364721465                     0.068879139814
 286                     0.160543127870                     0.071548791195
 287                     0.241721534275                     0.074218442577
 288                     0.322899940680                     0.076888093959
 289                     0.404078347085                     0.079557745340
 290                     0.485256753489                     0.082227396722
 291                     0.566435159894                     0.084897048104
 292                     0.647613566299                     0.087566699485
 293                    -0.880704117206                     0.088459151317
 294                     0.728791972704                     0.090236350867
 295                     0.809841459615                     0.095531761744
 296                    -0.775320381874                     0.111145810489
 297                    -0.694141975469                     0.113815461871
 298                     0.952407219370                     0.115531215464
 299                    -0.612963569064                     0.116485113253
 300                    -0.531785162660                     0.119154764634
 301                    -0.450606756255                     0.121824416016
 302                    -0.369428499676                     0.124498619400
 303                    -0.288250093271                     0.127168270781
 304                    -0.207071686867                     0.129837922163
 305                    -0.950552516303                     0.129911073448
 306                    -0.125893280462                     0.132507573545
 307                    -0.044714874057                     0.135177224927
 308                     0.036463532348                     0.137846876308
 309                     0.117641938752                     0.140516527690
 310                     0.198820345157                     0.143186179072
 311                     0.279998751562                     0.145855830453
 312                     0.873166311430                     0.148413925415
 313                     0.361177157966                     0.148525481835
 314                     0.442355564371                     0.151195133216
 315                     0.523533970776                     0.153864784598
 316                     0.604712377181                     0.156534435979
 317                    -0.840799818907                     0.159203109943
 318                     0.685890783586                     0.159204087361
 319                     0.778493142612                     0.170460686239
 320                    -0.737043164587                     0.182783198365
 321                    -0.655864758183                     0.185452849747
 322                    -0.574686351778                     0.188122501128
 323                    -0.493507945373                     0.190792152510
 324                    -0.412329688794                     0.193466355894
 325                     0.939221923768                     0.195676138477
 326                    -0.331151282390                     0.196136007276
 327                    -0.249972875985                     0.198805658658
 328                    -0.168794469580                     0.201475310039
 329                    -0.087616063175                     0.204144961421
 330                    -0.006437656771                     0.206814612803
 331                     0.074740749634                     0.209484264184
 332                    -0.936157553339                     0.209847584168
 333                     0.155919156039                     0.212153915566
 334                     0.237097562444                     0.214823566948
 335                     0.318275968848                     0.217493218329
 336                     0.399454375253                     0.220162869711
 337                     0.840589049198                     0.222816766021
 338                     0.480632781658                     0.222832521092
 339                     0.561811188063                     0.225502172474
 340                     0.642989594468                     0.228171823856
 341                     0.724168000873                     0.230841475237
 342                    -0.860014660360                     0.238119841837
 343                    -0.779944353705                     0.251750934860
 344                    -0.698765947300                     0.254420586242
 345                    -0.617587540896                     0.257090237623
 346                    -0.536409134491                     0.259759889005
 347                    -0.455230877912                     0.262434092389
 348                    -0.374052471507                     0.265103743771
 349                    -0.292874065103                     0.267773395153
 350                    -0.211695658698                     0.270443046534
 351                    -0.130517252294                     0.273112697916
 352                     0.919304856687                     0.274418573948
 353                    -0.049338845889                     0.275782349297
 354                     0.031839560516                     0.278452000679
 355                     0.113017966921                     0.281121652061
 356                     0.194196373325                     0.283791303442
 357                     0.275374779730                     0.286460954824
 358                     0.356553186135                     0.289130606205
 359                     0.437731592540                     0.291800257587
 360                     0.518909998944                     0.294469908968
 361                     0.600088405350                     0.297139560350
 362                     0.681266811755                     0.299809211731
 363                    -0.910773081581                     0.301528385269
 364                     0.762445218159                     0.302478863113
 365                     0.843653614390                     0.303981223422
 366                    -0.830702774925                     0.315159478292
 367                    -0.660488730014                     0.326057974118
 368                    -0.749420903904                     0.327578963769
 369                    -0.579310323609                     0.328727625499
 370                    -0.498132067030                     0.331401828883
 371                    -0.416953660626                     0.334071480265
 372                    -0.335775254221                     0.336741131647
 373                    -0.254596847816                     0.339410783029
 374                    -0.173418441411                     0.342080434410
 375                    -0.092240035007                     0.344750085792
 376                    -0.011061628602                     0.347419737173
 377                     0.070116777803                     0.350089388555
 378                     0.151295184207                     0.352759039937
 379                     0.232473590612                     0.355428691318
 380                     0.313651997017                     0.358098342700
 381                     0.394830403422                     0.360767994081
 382                     0.476008809826                     0.363437645463
 383                     0.557187216231                     0.366107296844
 384                     0.638365622637                     0.368776948226
 385                     0.719544029041                     0.371446599608
 386                     0.801852561399                     0.373621245490
 387                     0.883063116126                     0.375002008252
 388                    -0.881581787658                     0.378471300002
 389                    -0.801312635331                     0.390877906692
 390                    -0.703389919133                     0.395025710611
 391                    -0.622211512727                     0.397695361993
 392                    -0.541033256149                     0.400369565378
 393                    -0.459854849744                     0.403039216760
 394                    -0.378676443339                     0.405708868141
 395                    -0.297498036934                     0.408378519523
 396                    -0.216319630530                     0.411048170905
 397                    -0.135141224125                     0.413717822286
 398                    -0.053962817720                     0.416387473668
 399                     0.027215588685                     0.419057125049
 400                     0.108393995089                     0.421726776431
 401                     0.189572401494                     0.424396427813
 402                     0.270750807899                     0.427066079194
 403                     0.351929214304                     0.429735730576
 404                     0.433107620708                     0.432405381957
 405                     0.514286027113                     0.435075033339
 406                     0.595464433518                     0.437744684720
 407                     0.677478006775                     0.440927872569
 408                     0.758849078175                     0.442525244906
 409                     0.842451838424                     0.445703588599
 410                    -0.755092470806                     0.457666806191
 411                    -0.840575534049                     0.462418101480
 412                    -0.665112701846                     0.466663098487
 413                    -0.583934445267                     0.469337301872
 414                    -0.502756038862                     0.472006953254
 415                    -0.421577632457                     0.474676604636
 416                    -0.340399226053                     0.477346256018
 417                    -0.259220819648                     0.480015907399
 418                    -0.178042413243                     0.482685558781
 419                    -0.096864006838                     0.485355210162
 420                    -0.015685600434                     0.488024861544
 421                     0.065492805971                     0.490694512925
 422                     0.146671212376                     0.493364164307
 423                     0.227849618781                     0.496033815689
 424                     0.309028025185                     0.498703467070
 425                     0.390206431590                     0.501373118452
 426                     0.471384837995                     0.504042769834
 427                     0.552563244400                     0.506712421215
 428                     0.633741650805                     0.509382072595
 429                     0.725540068242                     0.516603383127
 430                     0.807012433404                     0.518788668423
 431                    -0.716815253519                     0.529304194066
 432                    -0.798459811002                     0.531869986021
 433                    -0.545657227980                     0.540974689748
 434                    -0.635755335117                     0.542441256023
 435                    -0.464478821575                     0.543644341131
 436                    -0.383300415171                     0.546313992512
 437                    -0.302122008766                     0.548983643894
 438                    -0.220943602361                     0.551653295275
 439                    -0.139765195956                     0.554322946657
 440                    -0.058586789552                     0.556992598038
 441                     0.022591616853                     0.559662249420
 442                     0.103770023258                     0.562331900802
 443                     0.184948429663                     0.565001552183
 444                     0.266126836067                     0.567671203565
 445                     0.347305242472                     0.570340854946
 446                     0.428483648877                     0.573010506328
 447                     0.509662055282                     0.575680157709
 448                     0.591150762240                     0.578541877842
 449                     0.674393405181                     0.579699179838
 450                     0.754609299535                     0.592445591012
 451                    -0.743854858322                     0.605893491471
 452                    -0.588548539074                     0.609948569859
 453                    -0.507404771183                     0.613519233299
 454                    -0.426201604289                     0.615281729007
 455                    -0.345023197884                     0.617951380388
 456                    -0.263844791479                     0.620621031770
 457                    -0.182666385074                     0.623290683151
 458                    -0.101487978670                     0.625960334533
 459                    -0.020309572265                     0.628629985914
 460                     0.060868834140                     0.631299637296
 461                    -0.666820985576                     0.631639231985
 462                     0.142047240544                     0.633969288677
 463                     0.223225646949                     0.636638940059
 464                     0.304404053354                     0.639308591441
 465                     0.385582459759                     0.641978242822
 466                     0.466760866163                     0.644647894204
 467                     0.547939272568                     0.647317545586
 468                     0.699040527183                     0.657091557253
 469                     0.621591111439                     0.681558855956
 470                    -0.557295148972                     0.684917138687
 471                    -0.387924387002                     0.686919116883
 472                    -0.476151381081                     0.688487802126
 473                    -0.306745980597                     0.689588768264
 474                    -0.225567574193                     0.692258419646
 475                    -0.144389167788                     0.694928071027
 476                    -0.063210761383                     0.697597722409
 477                     0.017967645022                     0.700267373791
 478                     0.099146051426                     0.702937025172
 479                     0.180324457831                     0.705606676554
 480                     0.261502864236                     0.708276327935
 481                    -0.645284419275                     0.709954217887
 482                     0.342681270641                     0.710945979317
 483                     0.435283973778                     0.719522896379
 484                     0.516462380183                     0.722192547760
 485                    -0.430825576120                     0.755886853377
 486                     0.590114219053                     0.756433858131
 487                    -0.349647169715                     0.758556504759
 488                    -0.268468763311                     0.761226156140
 489                    -0.582920746426                     0.761991060736
 490                    -0.187290356906                     0.763895807522
 491                    -0.106111950501                     0.766565458903
 492                    -0.024933544096                     0.769235110285
 493                     0.056244862308                     0.771904761666
 494                     0.137391161491                     0.775544899186
 495                     0.218601675118                     0.777244064430
 496                     0.382840868826                     0.781545323354
 497                     0.299836451920                     0.785339743556
 498                    -0.505735716988                     0.787280029388
 499                     0.524016799204                     0.803637584616
 500                    -0.311369952429                     0.830193892635
 501                    -0.230191546024                     0.832863544016
 502                    -0.067834733214                     0.838202846779
 503                     0.092136337768                     0.844766704368
 504                     0.454163545665                     0.845081325699
 505                    -0.450644796309                     0.846962951264
 506                     0.249363274846                     0.852415765801
 507                    -0.146735556424                     0.861959063313
 508                     0.374802332403                     0.862368851099
 509                     0.012330609817                     0.864458338172
 510                     0.169775101239                     0.868626358843
 511                    -0.377389828360                     0.882045288353
 512                     0.308019818535                     0.908598241603
 513                    -0.301429959664                     0.910805661309
 514                    -0.220251553259                     0.913475312690
 515                    -0.070802977780                     0.919370883771
 516                     0.072817630984                     0.923658074448
 517                     0.230062580818                     0.931395824643
 518                     0.150456394455                     0.947517728923
 519                    -0.146776673517                     0.948094711180
 520                    -0.000123253713                     0.959388846122
