   1                    -0.037611570738                    -0.959764032090
   2                     0.041386842249                    -0.959608647750
   3                    -0.163766250130                    -0.946436602666
   4                     0.177214418628                    -0.944010951938
   5                    -0.240988324018                    -0.929777529969
   6                     0.254191672287                    -0.926254944002
   7                     0.104783580969                    -0.912474510243
   8                    -0.095741518825                    -0.906269335772
   9                    -0.318142109602                    -0.901765774280
  10                     0.373368379489                    -0.884961965706
  11                     0.032050211570                    -0.881163758011
  12                    -0.393133393945                    -0.876293996180
  13                    -0.174417921488                    -0.868159432967
  14                     0.168310359451                    -0.865515785660
  15                     0.298203254101                    -0.860651940526
  16                    -0.251639995376                    -0.851500360270
  17                    -0.040467805261                    -0.849828304708
  18                    -0.466765321935                    -0.839459207935
  19                     0.437603746023                    -0.838977282549
  20                     0.095446950289                    -0.834029620503
  21                    -0.324332639445                    -0.820572170910
  22                    -0.112985535090                    -0.818492187219
  23                     0.231576365052                    -0.818206315846
  24                     0.512073686057                    -0.812614402774
  25                     0.365662158957                    -0.806340164887
  26                     0.022928501754                    -0.802693586552
  27                    -0.399868605563                    -0.797440132059
  28                    -0.541611606088                    -0.793232939116
  29                    -0.185503264918                    -0.787156069728
  30                     0.158972768971                    -0.787069597509
  31                    -0.049589228075                    -0.771357469063
  32                     0.294973103769                    -0.771072178336
  33                    -0.262830362155                    -0.770991496379
  34                     0.577120476875                    -0.767784854448
  35                    -0.469706550901                    -0.760515414189
  36                     0.429088407431                    -0.759245744800
  37                     0.086325240473                    -0.755559449044
  38                    -0.607241821373                    -0.744190162475
  39                    -0.122106957903                    -0.740021351572
  40                     0.222239744578                    -0.739761424892
  41                     0.503955909061                    -0.734034029299
  42                    -0.328510750994                    -0.727095483795
  43                     0.013807510643                    -0.724223331552
  44                     0.358399352242                    -0.723977758249
  45                    -0.533993286230                    -0.714602572200
  46                    -0.406309812184                    -0.713381276679
  47                     0.646657820450                    -0.710045448512
  48                    -0.194624947426                    -0.708685835073
  49                     0.149722000548                    -0.708425340262
  50                    -0.058710219186                    -0.692887214062
  51                     0.285636483295                    -0.692627287382
  52                     0.569124012434                    -0.689192043357
  53                    -0.267142417558                    -0.677349116591
  54                     0.077204249361                    -0.677089194043
  55                     0.421766545643                    -0.676803907449
  56                    -0.470596547513                    -0.667468434690
  57                    -0.616362812483                    -0.665719907473
  58                    -0.695302048828                    -0.662658802434
  59                    -0.131227949013                    -0.661551096571
  60                     0.213118717907                    -0.661291174024
  61                     0.497775693884                    -0.655277579791
  62                     0.702511681064                    -0.653898990395
  63                    -0.340957093261                    -0.649058955411
  64                     0.004686519532                    -0.645753076550
  65                     0.349062731768                    -0.645532867294
  66                    -0.543114277341                    -0.636132317199
  67                    -0.203745678841                    -0.630214979080
  68                     0.140600988079                    -0.629955056533
  69                     0.615317414658                    -0.625106608274
  70                    -0.067831210296                    -0.614416959061
  71                    -0.412063970999                    -0.614414585769
  72                     0.276515456624                    -0.614157036514
  73                    -0.747406098973                    -0.603279164870
  74                    -0.276263408669                    -0.598878861589
  75                     0.068083258250                    -0.598618939042
  76                     0.412429925169                    -0.598359016494
  77                    -0.653181435928                    -0.595825970924
  78                     0.756482921666                    -0.591857429434
  79                     0.543969096108                    -0.591192144708
  80                    -0.140348940124                    -0.583080841570
  81                    -0.484581700827                    -0.583078468278
  82                     0.203997726796                    -0.582820919023
  83                     0.678714153375                    -0.577972470764
  84                    -0.004434471579                    -0.567282821550
  85                    -0.348667232282                    -0.567280448258
  86                     0.339912195341                    -0.567022899003
  87                    -0.559847628403                    -0.556062041924
  88                    -0.212866669952                    -0.551744724079
  89                     0.131479996968                    -0.551484801532
  90                     0.475826663885                    -0.551224878983
  91                     0.607365834825                    -0.544058007198
  92                    -0.794454235278                    -0.539818576557
  93                    -0.076952201407                    -0.535946704060
  94                    -0.421184962109                    -0.535944330767
  95                     0.267394465513                    -0.535686781513
  96                    -0.711336601548                    -0.532517829794
  97                     0.058962267139                    -0.520148684041
  98                    -0.285270493565                    -0.520146310748
  99                     0.403308934058                    -0.519888761493
 100                    -0.631801189637                    -0.519775602960
 101                     0.748042807667                    -0.513311023568
 102                    -0.149469931235                    -0.504610586569
 103                    -0.493702691937                    -0.504608213276
 104                     0.194876735684                    -0.504350664022
 105                     0.539223402602                    -0.504090741473
 106                     0.670762573542                    -0.496923869687
 107                     0.824367151943                    -0.492930447776
 108                    -0.013555462690                    -0.488812566549
 109                    -0.357788223393                    -0.488810193257
 110                     0.330791204229                    -0.488552644002
 111                    -0.566859343867                    -0.474794161601
 112                     0.122359005856                    -0.473014546531
 113                    -0.221873754848                    -0.473012173238
 114                     0.466705672774                    -0.472754623982
 115                    -0.838096980017                    -0.469206862305
 116                    -0.759098421298                    -0.469173408169
 117                    -0.086073192518                    -0.457476449058
 118                    -0.430305953220                    -0.457474075766
 119                     0.258273474401                    -0.457216526511
 120                     0.602620141319                    -0.456956603962
 121                    -0.648186990623                    -0.442495081968
 122                     0.049841276027                    -0.441678429040
 123                    -0.294391484675                    -0.441676055747
 124                     0.394187942946                    -0.441418506492
 125                     0.769325413202                    -0.435760826368
 126                    -0.502823683048                    -0.426137958275
 127                     0.185755744573                    -0.425880409020
 128                    -0.158477016131                    -0.425878035727
 129                     0.530102411491                    -0.425620486472
 130                     0.862086778751                    -0.423518610513
 131                     0.671304024868                    -0.417927159444
 132                    -0.022676453801                    -0.410342311548
 133                    -0.366909214503                    -0.410339938256
 134                     0.321670213118                    -0.410082389001
 135                    -0.716425411462                    -0.402691924805
 136                    -0.873820618680                    -0.398746979823
 137                    -0.575980334977                    -0.396323906600
 138                     0.113238014744                    -0.394544291530
 139                    -0.230994745959                    -0.394541918237
 140                     0.457584681663                    -0.394284368981
 141                    -0.794957626100                    -0.394120771857
 142                    -0.439426944331                    -0.379003820765
 143                     0.249152483290                    -0.378746271510
 144                    -0.095080277414                    -0.378743898217
 145                     0.593499150208                    -0.378486348961
 146                     0.808870091867                    -0.365134043752
 147                     0.729871837524                    -0.364912211368
 148                    -0.647835655789                    -0.363497297426
 149                     0.040720284916                    -0.363208174038
 150                    -0.303512475786                    -0.363205800746
 151                     0.385066951835                    -0.362948251491
 152                     0.893974721175                    -0.351241833283
 153                    -0.511944674159                    -0.347667703274
 154                     0.176634753460                    -0.347410154020
 155                    -0.167598007241                    -0.347407780726
 156                     0.520981420380                    -0.347150231471
 157                     0.657791862160                    -0.332581876537
 158                    -0.376030205614                    -0.331869683255
 159                     0.312549222007                    -0.331612134000
 160                    -0.031683538697                    -0.331609760707
 161                    -0.748268682589                    -0.330395455439
 162                    -0.903633198060                    -0.325589727896
 163                    -0.584462403986                    -0.316331585783
 164                     0.104117023633                    -0.316074036528
 165                    -0.240115737069                    -0.316071663235
 166                     0.448463690552                    -0.315814113980
 167                    -0.825389391403                    -0.311775732870
 168                    -0.448547935441                    -0.300533565764
 169                     0.240031492177                    -0.300276016509
 170                    -0.104201268524                    -0.300273643216
 171                     0.584378159097                    -0.300016093960
 172                     0.840758034291                    -0.292857266522
 173                     0.722228516170                    -0.285322104277
 174                    -0.656990724608                    -0.285019988750
 175                    -0.312633466897                    -0.284735545744
 176                     0.375945960724                    -0.284477996489
 177                     0.031713200020                    -0.284475623197
 178                     0.919815269590                    -0.276589040593
 179                    -0.521065665269                    -0.269197448273
 180                     0.167513762350                    -0.268939899018
 181                    -0.176718998352                    -0.268937525725
 182                     0.511860429269                    -0.268679976470
 183                     0.648670871049                    -0.254111621536
 184                    -0.729497863642                    -0.253659350802
 185                    -0.385151196725                    -0.253399428253
 186                     0.303428230894                    -0.253141878999
 187                    -0.040804529808                    -0.253139505706
 188                    -0.927333047563                    -0.250229987103
 189                    -0.593583395097                    -0.237861330782
 190                    -0.249236728180                    -0.237601408234
 191                     0.439342699440                    -0.237343858979
 192                     0.095109938737                    -0.237341485686
 193                     0.785305163356                    -0.236592246270
 194                    -0.806482547591                    -0.235050888220
 195                    -0.457668926552                    -0.222063310763
 196                     0.230910501067                    -0.221805761507
 197                    -0.113322259635                    -0.221803388215
 198                     0.575257167985                    -0.221545838959
 199                     0.862235350714                    -0.216834255019
 200                     0.712067609766                    -0.206977484025
 201                    -0.666101124925                    -0.206525213292
 202                    -0.321754458008                    -0.206265290743
 203                     0.366824969611                    -0.206007741488
 204                     0.022592208909                    -0.206005368195
 205                     0.939433622659                    -0.200065229778
 206                    -0.873306093224                    -0.192594393902
 207                    -0.530186656380                    -0.190727193272
 208                    -0.185839989463                    -0.190467270724
 209                     0.502739438157                    -0.190209721469
 210                     0.158506677454                    -0.190207348176
 211                     0.639549879938                    -0.175641366534
 212                    -0.738618854753                    -0.175189095801
 213                    -0.394272187835                    -0.174929173252
 214                     0.294307239783                    -0.174671623996
 215                    -0.049925520919                    -0.174669250704
 216                    -0.946563791055                    -0.163029497366
 217                    -0.602704386208                    -0.159391075781
 218                    -0.258357719291                    -0.159131153233
 219                     0.430221708327                    -0.158873603978
 220                     0.085988947626                    -0.158871230685
 221                     0.787038651419                    -0.157612701970
 222                    -0.811136584581                    -0.143852978311
 223                    -0.466789917663                    -0.143593055761
 224                    -0.122443250746                    -0.143333133213
 225                     0.566136176874                    -0.143075583958
 226                     0.221903416170                    -0.143073210665
 227                     0.863524329980                    -0.137846205725
 228                     0.702946618654                    -0.128507229024
 229                    -0.675222116036                    -0.128054958291
 230                    -0.330875449119                    -0.127795035742
 231                     0.357703978500                    -0.127537486486
 232                     0.013471217798                    -0.127535113194
 233                     0.952697069792                    -0.122188054888
 234                    -0.884394282412                    -0.114288081774
 235                    -0.539307647491                    -0.112256938271
 236                    -0.194960980574                    -0.111997015722
 237                     0.493618447044                    -0.111739466468
 238                     0.149385686343                    -0.111737093174
 239                     0.630428888826                    -0.097171111533
 240                    -0.747739845864                    -0.096718840800
 241                    -0.403393178947                    -0.096458918251
 242                    -0.059046512029                    -0.096198995703
 243                     0.285300154887                    -0.095939073154
 244                    -0.956912012240                    -0.082951964283
 245                     0.766343357369                    -0.081373091511
 246                    -0.611825377319                    -0.080920820780
 247                    -0.267478710402                    -0.080660898231
 248                     0.421100717216                    -0.080403348975
 249                     0.076867956515                    -0.080400975683
 250                     0.896913724622                    -0.066250663096
 251                    -0.820257575692                    -0.065382723310
 252                    -0.475910908774                    -0.065122800760
 253                    -0.131564241857                    -0.064862878212
 254                     0.557015185760                    -0.064605328957
 255                     0.212782425059                    -0.064602955663
 256                     0.693825627541                    -0.050036974020
 257                    -0.684343107147                    -0.049584703290
 258                    -0.339996440230                    -0.049324780740
 259                     0.004350226687                    -0.049064858192
 260                     0.348696893604                    -0.048804935643
 261                    -0.893515273523                    -0.035817826772
 262                    -0.548428638602                    -0.033786683270
 263                    -0.204081971685                    -0.033526760721
 264                     0.484497455933                    -0.033269211464
 265                     0.140264695231                    -0.033266838172
 266                     0.826585440644                    -0.030268641592
 267                     0.960310463338                    -0.019116525586
 268                     0.621307897712                    -0.018700856532
 269                    -0.756860836975                    -0.018248585799
 270                    -0.412514170058                    -0.017988663250
 271                    -0.068167503141                    -0.017728740701
 272                     0.276179163776                    -0.017468818153
 273                    -0.620946368430                    -0.002450565779
 274                    -0.276599701513                    -0.002190643230
 275                     0.067746965404                    -0.001930720681
 276                     0.412093632320                    -0.001670798133
 277                     0.754067710816                     0.001067475898
 278                    -0.960481406895                     0.006090530151
 279                    -0.831030623761                     0.012882953072
 280                    -0.485031899886                     0.013347454241
 281                    -0.140685232968                     0.013607376790
 282                     0.547894194651                     0.013864926044
 283                     0.203661433948                     0.013867299338
 284                     0.889982179361                     0.016865495919
 285                    -0.693464098258                     0.028885551711
 286                    -0.349117431341                     0.029145474261
 287                    -0.004770764424                     0.029405396810
 288                     0.339575902492                     0.029665319358
 289                     0.681549980984                     0.032403593389
 290                    -0.557549629714                     0.044683571731
 291                    -0.213202962796                     0.044943494281
 292                     0.131143704120                     0.045203416830
 293                     0.475490371039                     0.045463339376
 294                     0.817464449533                     0.048201613409
 295                    -0.765981828086                     0.060221669202
 296                    -0.421635161169                     0.060481591751
 297                    -0.077288494252                     0.060741514301
 298                     0.267058172665                     0.061001436849
 299                     0.958177117876                     0.061285553147
 300                     0.609075932136                     0.063840604099
 301                    -0.914609973556                     0.070406818929
 302                    -0.630067359542                     0.076019689222
 303                    -0.285720692624                     0.076279611771
 304                     0.058625974293                     0.076539534321
 305                     0.402972641209                     0.076799456868
 306                     0.744946719701                     0.079537730899
 307                    -0.838497100731                     0.091563472470
 308                    -0.494152890997                     0.091817709242
 309                    -0.149806224080                     0.092077631792
 310                     0.194540442837                     0.092337554340
 311                     0.536672108524                     0.095439017431
 312                     0.887123065337                     0.095812306277
 313                    -0.702585089370                     0.107355806712
 314                    -0.358238422452                     0.107615729262
 315                    -0.013891755535                     0.107875651812
 316                     0.330454911382                     0.108135574359
 317                     0.672472670853                     0.110974741610
 318                    -0.566670620825                     0.123153826732
 319                    -0.222323953908                     0.123413749282
 320                     0.122022713009                     0.123673671831
 321                     0.808343458416                     0.126671868409
 322                     0.464154378696                     0.126775134922
 323                    -0.430756152280                     0.138951846753
 324                    -0.086409485363                     0.139211769302
 325                    -0.775489978733                     0.139217181417
 326                     0.257937181554                     0.139471691851
 327                    -0.950097124484                     0.140986104260
 328                     0.600068847241                     0.142573154942
 329                     0.949625968667                     0.144125456392
 330                    -0.639188350653                     0.154489944223
 331                    -0.294841683735                     0.154749866773
 332                     0.049504983181                     0.155009789322
 333                     0.735869409569                     0.158108879121
 334                     0.391636648868                     0.158111252413
 335                    -0.873650693973                     0.162942870571
 336                    -0.503273882108                     0.170287964243
 337                    -0.158927215191                     0.170547886793
 338                     0.185419451726                     0.170807809342
 339                     0.872067240448                     0.173362906118
 340                     0.527551117412                     0.173909272433
 341                    -0.711706080481                     0.185826061713
 342                    -0.367359413564                     0.186085984263
 343                    -0.023012746647                     0.186345906813
 344                     0.319118919041                     0.189447369904
 345                     0.663465585957                     0.189707292453
 346                    -0.575791611936                     0.201624081734
 347                    -0.231444945019                     0.201884004283
 348                     0.112901721898                     0.202143926833
 349                     0.799331683888                     0.205154741182
 350                     0.455033387585                     0.205245389924
 351                    -0.439877143391                     0.217422101754
 352                    -0.095530476474                     0.217682024304
 353                    -0.783962503986                     0.217760097804
 354                    -0.935297690734                     0.218586040854
 355                     0.246601189213                     0.220783487395
 356                     0.590947856129                     0.221043409944
 357                     0.934570143778                     0.221676056233
 358                    -0.648309341764                     0.232960199224
 359                    -0.303962674847                     0.233220121774
 360                     0.040383992070                     0.233480044323
 361                     0.382515657757                     0.236581507415
 362                     0.726924358684                     0.236760070897
 363                    -0.859506241946                     0.240866743032
 364                    -0.512394873219                     0.248758219244
 365                    -0.168048206302                     0.249018141794
 366                     0.174083459385                     0.252119604886
 367                     0.518430126301                     0.252379527435
 368                     0.862100136873                     0.253122383490
 369                    -0.376480404675                     0.264556239264
 370                    -0.032133737758                     0.264816161814
 371                     0.309997927929                     0.267917624906
 372                     0.654344594846                     0.268177547454
 373                    -0.724671840058                     0.269965371196
 374                    -0.584912603047                     0.280094336735
 375                    -0.240565936130                     0.280354259285
 376                     0.101565729557                     0.283455722377
 377                     0.445912396474                     0.283715644926
 378                     0.789696978332                     0.284722320706
 379                    -0.448998134503                     0.295892356755
 380                    -0.104651467586                     0.296152279305
 381                     0.237480198102                     0.299253742397
 382                    -0.912681636537                     0.299288920404
 383                     0.581826865018                     0.299513664945
 384                    -0.802290058663                     0.300340447108
 385                    -0.657430332876                     0.311430454225
 386                    -0.313083665958                     0.311690376775
 387                     0.029047999729                     0.314791839868
 388                     0.373394666646                     0.315051762417
 389                     0.717179248505                     0.316058438197
 390                     0.906066448359                     0.318755735173
 391                    -0.521515864331                     0.327228474245
 392                    -0.177169197414                     0.327488396795
 393                     0.164962468274                     0.330589859888
 394                     0.509309135190                     0.330849782437
 395                    -0.385601395786                     0.343026494266
 396                    -0.043469730099                     0.346127957358
 397                     0.300876936818                     0.346387879908
 398                     0.644661518677                     0.347394555688
 399                    -0.733792831170                     0.348435626197
 400                    -0.594033594159                     0.358564591736
 401                    -0.251901928471                     0.361666054828
 402                     0.092444738446                     0.361925977378
 403                     0.436791405363                     0.362185899928
 404                     0.780575987222                     0.363192575707
 405                    -0.884999792383                     0.373278709585
 406                    -0.458119125614                     0.374362611756
 407                    -0.115987459927                     0.377464074849
 408                     0.228359206990                     0.377723997399
 409                     0.572143788850                     0.378730673179
 410                    -0.806275281206                     0.379853261939
 411                     0.857522849662                     0.381079827018
 412                    -0.666551323987                     0.389900709226
 413                    -0.324419658299                     0.393002172318
 414                     0.019927008618                     0.393262094869
 415                     0.364273675535                     0.393522017419
 416                     0.708058257394                     0.394528693198
 417                    -0.530636855443                     0.405698729246
 418                    -0.188505189755                     0.408800192339
 419                     0.155841477162                     0.409060114889
 420                     0.499626059022                     0.410066790670
 421                    -0.396937388127                     0.424338289809
 422                    -0.052590721210                     0.424598212359
 423                     0.291755945707                     0.424858134909
 424                     0.635540527567                     0.425864810690
 425                    -0.603154585271                     0.437034846737
 426                    -0.261022919583                     0.440136309829
 427                     0.083323747334                     0.440396232380
 428                     0.427108329194                     0.441402908161
 429                    -0.759296632823                     0.444396981994
 430                    -0.851331266151                     0.444743412342
 431                     0.765440795549                     0.448824344163
 432                    -0.469455117956                     0.455674407299
 433                    -0.125108451038                     0.455934329850
 434                     0.219238215879                     0.456194252400
 435                     0.563022797739                     0.457200928180
 436                     0.843797162554                     0.458876863672
 437                    -0.675672315099                     0.468370964227
 438                    -0.333540649411                     0.471472427320
 439                     0.010806017506                     0.471732349870
 440                     0.354590599366                     0.472739025651
 441                    -0.541972847784                     0.487010524790
 442                    -0.197626180866                     0.487270447340
 443                     0.146720486051                     0.487530369891
 444                     0.490505067911                     0.488537045671
 445                     0.705301804587                     0.500050071732
 446                    -0.406058379239                     0.502808544810
 447                    -0.061711712322                     0.503068467361
 448                     0.282072869539                     0.504075143142
 449                     0.626419536456                     0.504335065691
 450                    -0.811903812427                     0.513199597539
 451                    -0.270143910694                     0.518606564830
 452                     0.074202756223                     0.518866487381
 453                     0.417987338083                     0.519873163162
 454                    -0.617136203645                     0.521581600190
 455                     0.795913241785                     0.521709208293
 456                    -0.733427678110                     0.522269864422
 457                    -0.478576109067                     0.534144662300
 458                    -0.134229442150                     0.534404584851
 459                     0.209555139711                     0.535411260632
 460                     0.553901806628                     0.535671183182
 461                    -0.342661640523                     0.549942682321
 462                     0.001685026395                     0.550202604872
 463                     0.345469608255                     0.551209280653
 464                    -0.551093838895                     0.565480779791
 465                    -0.206747171978                     0.565740702341
 466                     0.137037409883                     0.566747378123
 467                     0.481384076800                     0.567007300673
 468                     0.679996841870                     0.574886107575
 469                    -0.675182045377                     0.575638578725
 470                    -0.415179370350                     0.581278799811
 471                    -0.070832703433                     0.581538722362
 472                     0.272951878428                     0.582545398143
 473                     0.757399740752                     0.590683722695
 474                    -0.279264901806                     0.597076819831
 475                     0.064519680055                     0.598083495613
 476                     0.408866346972                     0.598343418163
 477                    -0.750523524096                     0.599396419180
 478                    -0.143350433261                     0.612874839852
 479                     0.200434148600                     0.613881515633
 480                     0.544780815517                     0.614141438183
 481                    -0.609169856669                     0.619034020200
 482                    -0.494542982739                     0.621414971992
 483                    -0.351784064533                     0.628414864555
 484                     0.622381863179                     0.628935044929
 485                    -0.007998049773                     0.629419613103
 486                     0.336348617144                     0.629679535654
 487                    -0.215868163090                     0.644210957342
 488                     0.127916418772                     0.645217633124
 489                     0.472263085689                     0.645477555674
 490                     0.705439060530                     0.650189164618
 491                    -0.692277891363                     0.652765133482
 492                    -0.425228111176                     0.659635651500
 493                    -0.080515779601                     0.660755730593
 494                     0.263830887316                     0.661015653144
 495                    -0.288385892918                     0.675547074832
 496                     0.055398688943                     0.676553750614
 497                    -0.568178419236                     0.686565312620
 498                     0.572035620731                     0.689812210354
 499                    -0.153033509429                     0.692091848084
 500                     0.191313157488                     0.692351770635
 501                     0.407287445577                     0.698499993541
 502                    -0.490994899940                     0.703402110055
 503                    -0.361832805364                     0.706771716246
 504                     0.649520013096                     0.707092389744
 505                    -0.017119040885                     0.707889868104
 506                     0.327227626033                     0.708149790655
 507                    -0.642420374010                     0.714043199396
 508                     0.498961458702                     0.719827876972
 509                    -0.225551239257                     0.723427965574
 510                     0.118795427660                     0.723687888125
 511                    -0.089636770713                     0.739225985594
 512                    -0.298434633825                     0.753903926511
 513                     0.046277697832                     0.755024005615
 514                     0.265040431375                     0.758578342281
 515                    -0.581569084407                     0.764420713750
 516                     0.575877911709                     0.768717281160
 517                    -0.448459403029                     0.769971659410
 518                    -0.162154500541                     0.770562103085
 519                     0.186002639965                     0.771171639972
 520                     0.441154445611                     0.773671378309
 521                     0.362330496010                     0.778920984782
 522                    -0.370950995924                     0.785243208998
 523                    -0.024637570099                     0.789834897201
 524                    -0.234589422058                     0.802089163581
 525                     0.113484910137                     0.802507757463
 526                    -0.516783704372                     0.809627216960
 527                     0.510758698947                     0.813441564587
 528                    -0.098550996162                     0.817719997999
 529                    -0.307552200104                     0.832374579521
 530                     0.040967180309                     0.833843874953
 531                     0.306960223434                     0.835267291792
 532                     0.228011558717                     0.838074735148
 533                    -0.171068725990                     0.849056115490
 534                    -0.448502482002                     0.849356904479
 535                     0.442184400686                     0.852663229733
 536                     0.155493828889                     0.869410852638
 537                    -0.373880275736                     0.875285647811
 538                     0.370618895591                     0.886116957167
 539                    -0.018142057152                     0.886254479277
 540                    -0.096448259477                     0.896690574148
 541                     0.082976099061                     0.900746970128
 542                    -0.224666297724                     0.907091222994
 543                    -0.303554162677                     0.911271912148
 544                     0.296546296687                     0.913576445334
 545                     0.217679193404                     0.918132037342
 546                    -0.156848886513                     0.947607542365
 547                     0.145161463576                     0.949468154832
 548                    -0.048257235040                     0.959287687200
 549                     0.030738039926                     0.960008750194
