   1                    -0.003716878945                    -0.962114355347
   2                     0.076445817418                    -0.959066642571
   3                    -0.079402988622                    -0.958839409574
   4                    -0.154596807506                    -0.949619752881
   5                     0.157604969305                    -0.949125134850
   6                     0.231792062127                    -0.933782784104
   7                    -0.252991537005                    -0.928263502545
   8                     0.304542066747                    -0.912651071075
   9                    -0.325241575965                    -0.905480957954
  10                     0.033761517214                    -0.896277570119
  11                    -0.046008306471                    -0.890840088460
  12                     0.109316707941                    -0.890752570384
  13                    -0.191786702718                    -0.883619569836
  14                     0.382435627866                    -0.882842424158
  15                    -0.396983652116                    -0.876399746022
  16                     0.183554071257                    -0.875358668935
  17                    -0.117891856451                    -0.866926332792
  18                    -0.261034136987                    -0.852896527752
  19                     0.451838323152                    -0.849423320662
  20                    -0.467426386987                    -0.840946146137
  21                     0.320133588028                    -0.838515944907
  22                     0.244384100225                    -0.830193863775
  23                    -0.333296618972                    -0.830153481227
  24                    -0.001747159014                    -0.829357869131
  25                     0.130614465557                    -0.818051002393
  26                    -0.199803484926                    -0.808288011570
  27                     0.389044000627                    -0.807044251223
  28                     0.525890003627                    -0.805678317965
  29                    -0.073630708994                    -0.805444113463
  30                    -0.532141697218                    -0.801562887137
  31                    -0.403154085395                    -0.800843980161
  32                     0.061332822507                    -0.787242530325
  33                    -0.270915988598                    -0.777786864748
  34                     0.192756252404                    -0.774720749737
  35                     0.457142512612                    -0.773852307423
  36                    -0.137661698078                    -0.764957758914
  37                     0.327333508098                    -0.763101930170
  38                     0.587649262700                    -0.761804562865
  39                    -0.465622294235                    -0.757985662974
  40                    -0.343052900296                    -0.754648618521
  41                    -0.006881229903                    -0.753775107976
  42                    -0.607140733128                    -0.746363167721
  43                     0.123856549921                    -0.742596095037
  44                     0.257093145311                    -0.734722291281
  45                    -0.206257691055                    -0.732806519196
  46                     0.395432020083                    -0.729909986369
  47                    -0.534218287211                    -0.725834423256
  48                    -0.075495412456                    -0.721662647936
  49                     0.511087268048                    -0.720663250007
  50                    -0.405548775502                    -0.711830654416
  51                     0.055260556944                    -0.710444855320
  52                     0.651461429345                    -0.708001243947
  53                    -0.275544082835                    -0.702171435030
  54                     0.185998336768                    -0.699265842381
  55                    -0.144073215856                    -0.689472628540
  56                     0.316790814933                    -0.688082172181
  57                     0.578740684095                    -0.686573254920
  58                    -0.645472135687                    -0.681019338282
  59                    -0.474144768479                    -0.679679414698
  60                    -0.013335436032                    -0.678293615601
  61                     0.449376775519                    -0.676720928954
  62                    -0.343406988655                    -0.668500401760
  63                     0.117402343792                    -0.667114602663
  64                    -0.212669208832                    -0.657321388822
  65                     0.248171469699                    -0.655980579192
  66                     0.706951857851                    -0.652607783155
  67                    -0.545509650880                    -0.649143195417
  68                     0.379991218558                    -0.646311112231
  69                    -0.712775110877                    -0.646242593202
  70                    -0.081931429008                    -0.646142375883
  71                     0.517030191565                    -0.642630933867
  72                    -0.412002981632                    -0.636349162042
  73                     0.048806350815                    -0.634963362945
  74                     0.633467943198                    -0.634189673724
  75                    -0.281265201808                    -0.625170149103
  76                     0.179544130639                    -0.623784350007
  77                    -0.150527421985                    -0.613991136165
  78                     0.310281891021                    -0.612605378547
  79                    -0.613284395883                    -0.612440464902
  80                    -0.480598974608                    -0.604197922324
  81                    -0.019789642161                    -0.602812123227
  82                     0.441019670845                    -0.601426365609
  83                    -0.349861194785                    -0.593018909385
  84                     0.110948137662                    -0.591633110289
  85                     0.571757450668                    -0.590247352671
  86                    -0.761410885220                    -0.588159257193
  87                    -0.219123414961                    -0.581839896447
  88                     0.241685917486                    -0.580454097351
  89                     0.714014469734                    -0.577180785460
  90                    -0.684743320923                    -0.575862686838
  91                    -0.549194967584                    -0.572046682606
  92                    -0.088385635138                    -0.570660883509
  93                     0.372423677868                    -0.569275125891
  94                    -0.418457187761                    -0.560867669667
  95                     0.042352144686                    -0.559481870571
  96                     0.503161457692                    -0.558096112953
  97                     0.786285816734                    -0.554465925334
  98                     0.636833324331                    -0.550869049435
  99                    -0.287719407937                    -0.549688656729
 100                     0.173089924510                    -0.548302857632
 101                    -0.156981628114                    -0.538509643791
 102                     0.303827704333                    -0.537123844694
 103                    -0.619738602012                    -0.536958972528
 104                    -0.487053180737                    -0.528716429949
 105                    -0.026243848290                    -0.527330630853
 106                    -0.805325986259                    -0.526429391095
 107                     0.434565464716                    -0.525944873235
 108                    -0.356315400914                    -0.517537417011
 109                     0.104493931533                    -0.516151617914
 110                     0.565303244539                    -0.514765860296
 111                    -0.225577621090                    -0.506358404073
 112                     0.235231711357                    -0.504972604976
 113                    -0.708314247749                    -0.503865993328
 114                     0.696041024386                    -0.503586847325
 115                    -0.555649173714                    -0.496565190231
 116                    -0.094839841267                    -0.495179391135
 117                     0.365969491180                    -0.493793592038
 118                     0.827472868776                    -0.490883386757
 119                    -0.424911393890                    -0.485386177293
 120                     0.035897938557                    -0.484000378196
 121                     0.496707251563                    -0.482614620578
 122                    -0.294173614067                    -0.474207164355
 123                     0.166635718380                    -0.472821365258
 124                     0.627445031391                    -0.471435607647
 125                    -0.163435834243                    -0.463028151417
 126                     0.297373498204                    -0.461642352320
 127                    -0.626192808141                    -0.461477480153
 128                    -0.844248144648                    -0.461435714063
 129                     0.758182811233                    -0.460256594669
 130                    -0.768571403461                    -0.457950988663
 131                    -0.493507386867                    -0.453234937575
 132                    -0.032698054419                    -0.451849138478
 133                     0.428111278027                    -0.450463339382
 134                    -0.362769607043                    -0.442055924637
 135                     0.098039725404                    -0.440670125540
 136                     0.558849038410                    -0.439284367922
 137                    -0.232031827219                    -0.430876911698
 138                     0.228777505228                    -0.429491112602
 139                    -0.694788801118                    -0.429326240435
 140                     0.689586818257                    -0.428105354951
 141                    -0.562103379843                    -0.421083697857
 142                    -0.101294047396                    -0.419697898760
 143                     0.359515285051                    -0.418312099664
 144                     0.821018708289                    -0.415401890479
 145                    -0.431365600019                    -0.409904684919
 146                     0.029443732428                    -0.408518885822
 147                     0.490253064875                    -0.407133086726
 148                    -0.300627820196                    -0.398725671980
 149                     0.160181512251                    -0.397339872884
 150                     0.620990825262                    -0.395954115273
 151                    -0.877936046795                    -0.393581180561
 152                    -0.802259305608                    -0.390096455161
 153                    -0.169890040372                    -0.387546659042
 154                     0.290919292075                    -0.386160859946
 155                    -0.632647014270                    -0.385995987779
 156                     0.751728650746                    -0.384775098392
 157                    -0.499961592996                    -0.377753445201
 158                    -0.039152260549                    -0.376367646104
 159                     0.885655156319                    -0.375889334831
 160                     0.421657071898                    -0.374981847007
 161                    -0.369223813172                    -0.366574432262
 162                     0.091585519275                    -0.365188633166
 163                     0.552394851722                    -0.363802834070
 164                    -0.238486033349                    -0.355395419324
 165                     0.222323299098                    -0.354009620227
 166                    -0.701243007247                    -0.353844748061
 167                     0.683132657770                    -0.352623858674
 168                    -0.568557585972                    -0.345602205483
 169                    -0.107748253525                    -0.344216406386
 170                     0.353061078922                    -0.342830607289
 171                     0.819118055344                    -0.339668806651
 172                    -0.437819806149                    -0.334423192544
 173                     0.022989526299                    -0.333037393448
 174                     0.483798858746                    -0.331651594351
 175                    -0.906180830990                    -0.323286482087
 176                    -0.307082026325                    -0.323244179606
 177                     0.153727306122                    -0.321858380509
 178                    -0.769813554106                    -0.321639273819
 179                     0.614536664775                    -0.320472618996
 180                    -0.176344246501                    -0.312065166668
 181                     0.284465085946                    -0.310679367571
 182                    -0.639101220399                    -0.310514495405
 183                     0.746333530504                    -0.309195554091
 184                     0.912484045283                    -0.305042152919
 185                    -0.506415799125                    -0.302271952826
 186                    -0.045606466678                    -0.300886153730
 187                     0.415202865769                    -0.299500354633
 188                    -0.375678019301                    -0.291092939888
 189                     0.085131313146                    -0.289707140791
 190                    -0.838395855108                    -0.289458837881
 191                     0.545940645593                    -0.288321341695
 192                    -0.244940239478                    -0.279913926950
 193                     0.215869092969                    -0.278528127853
 194                    -0.707671767259                    -0.278309021162
 195                     0.676678451641                    -0.277142366300
 196                    -0.575011792101                    -0.270120713108
 197                    -0.114202459654                    -0.268734914011
 198                     0.346606872793                    -0.267349114915
 199                     0.807978505602                    -0.264735350175
 200                    -0.444274012278                    -0.258941700170
 201                     0.016535320169                    -0.257555901073
 202                     0.477344652616                    -0.256170101977
 203                    -0.913496311162                    -0.247883589452
 204                    -0.313536232454                    -0.247762687232
 205                     0.147273099993                    -0.246376888135
 206                    -0.776254068261                    -0.246128585225
 207                     0.608082458646                    -0.244991126621
 208                     0.878589416358                    -0.237290646679
 209                    -0.182798452631                    -0.236583674293
 210                     0.278010879817                    -0.235197875197
 211                    -0.646028686805                    -0.234272183175
 212                     0.738820238488                    -0.233812113643
 213                    -0.512870005254                    -0.226790460452
 214                    -0.052060672807                    -0.225404661355
 215                     0.408748659640                    -0.224018862259
 216                    -0.382132225430                    -0.215611447514
 217                     0.078677107017                    -0.214225648417
 218                    -0.845711335280                    -0.214055945246
 219                     0.539486439464                    -0.212839849321
 220                    -0.251394445607                    -0.204432434575
 221                     0.209414886840                    -0.203046635479
 222                    -0.714610987806                    -0.202091747237
 223                     0.670224245512                    -0.201660873925
 224                     0.941984211282                    -0.195815202806
 225                    -0.581465998230                    -0.194639220734
 226                    -0.120656665783                    -0.193253421637
 227                     0.340152666664                    -0.191867622540
 228                     0.803757115036                    -0.189096125367
 229                    -0.450728218407                    -0.183460207796
 230                     0.010081114040                    -0.182074408699
 231                     0.470890446487                    -0.180688609602
 232                    -0.945299862257                    -0.179125705500
 233                    -0.319990438583                    -0.172281194857
 234                     0.140818893864                    -0.170895395761
 235                    -0.783569548433                    -0.170725692590
 236                     0.601628252517                    -0.169509634247
 237                     0.874368025793                    -0.161651421871
 238                    -0.189252658760                    -0.161102181919
 239                     0.271556673687                    -0.159716382822
 240                    -0.652710629652                    -0.158417290994
 241                     0.733355886080                    -0.158239446837
 242                    -0.519324211383                    -0.151308968078
 243                    -0.058514878936                    -0.149923168981
 244                     0.402294453511                    -0.148537369884
 245                    -0.877514886375                    -0.145298061294
 246                    -0.388586431560                    -0.140129955139
 247                     0.072222900887                    -0.138744156043
 248                     0.533032233335                    -0.137358356947
 249                    -0.257848651736                    -0.128950942201
 250                     0.202960680711                    -0.127565143104
 251                     0.663770039383                    -0.126179381551
 252                    -0.724194717928                    -0.123675273141
 253                     0.954470535761                    -0.121094361210
 254                    -0.587920204360                    -0.119157728359
 255                    -0.127110871913                    -0.117771929263
 256                     0.333698460535                    -0.116386130166
 257                     0.795038670188                    -0.113842546135
 258                    -0.457182424536                    -0.107978715421
 259                     0.003626907911                    -0.106592916324
 260                     0.464436240358                    -0.105207117228
 261                    -0.956462805197                    -0.104195730371
 262                    -0.815373099528                    -0.101967808638
 263                    -0.326444644712                    -0.096799702483
 264                     0.134364687735                    -0.095413903386
 265                     0.595174046388                    -0.094028141873
 266                     0.865649580944                    -0.086397842639
 267                    -0.195706864889                    -0.085620689545
 268                     0.265102467558                    -0.084234890448
 269                    -0.660259763579                    -0.083037432645
 270                     0.725911826230                    -0.082849128895
 271                    -0.525778417512                    -0.075827475703
 272                    -0.064969085065                    -0.074441676606
 273                     0.395840247382                    -0.073055877510
 274                    -0.888734501785                    -0.070254761253
 275                    -0.395040637689                    -0.064648462765
 276                     0.065768694758                    -0.063262663668
 277                     0.526578027206                    -0.061876864572
 278                    -0.754809860838                    -0.054380067733
 279                    -0.264302857865                    -0.053469449827
 280                     0.196506474582                    -0.052083650730
 281                     0.657315833254                    -0.050697889177
 282                     0.931480950532                    -0.048909934643
 283                    -0.595469338287                    -0.043777870010
 284                    -0.133565078042                    -0.042290436888
 285                     0.327244254405                    -0.040904637792
 286                     0.788584464059                    -0.038361053761
 287                    -0.463636630665                    -0.032497223047
 288                    -0.002827298218                    -0.031111423950
 289                     0.457982034229                    -0.029725624854
 290                    -0.961695771934                    -0.028619751867
 291                    -0.825398105313                    -0.026877118623
 292                    -0.332898850842                    -0.021318210109
 293                     0.127910481606                    -0.019932411012
 294                     0.588719840258                    -0.018546649498
 295                     0.859195374815                    -0.010916350265
 296                    -0.683191732702                    -0.010834681589
 297                    -0.202161071018                    -0.010139197170
 298                     0.258648261429                    -0.008753398074
 299                     0.719457620101                    -0.007367636520
 300                    -0.533327551439                    -0.000447617354
 301                    -0.071423291194                     0.001039815768
 302                     0.389386041253                     0.002425614864
 303                    -0.893969810267                     0.005325889739
 304                    -0.401494843818                     0.010833029610
 305                     0.059314488629                     0.012218828706
 306                     0.520123821077                     0.013604627802
 307                     0.961903752948                     0.020469929590
 308                    -0.751787725678                     0.021316558129
 309                    -0.270757063994                     0.022012042548
 310                     0.190052268453                     0.023397841644
 311                     0.650861627125                     0.024783603198
 312                    -0.601923544416                     0.031703622364
 313                    -0.140019284171                     0.033191055486
 314                     0.320790048276                     0.034576854583
 315                     0.793281424911                     0.037525454778
 316                    -0.471185764592                     0.042882635303
 317                    -0.009281504347                     0.044370068424
 318                     0.451527828100                     0.045755867521
 319                    -0.960966318584                     0.047133666311
 320                    -0.822375970153                     0.048819507239
 321                    -0.339353056971                     0.054163282266
 322                     0.121456275476                     0.055549081363
 323                     0.894932644774                     0.055881553921
 324                     0.582265634129                     0.056934842876
 325                    -0.670519537392                     0.063854862082
 326                    -0.208615277147                     0.065342295204
 327                     0.252194055300                     0.066728094301
 328                     0.713003413972                     0.068113855854
 329                    -0.539781757569                     0.075033875020
 330                    -0.077877497324                     0.076521308142
 331                     0.382931835124                     0.077907107239
 332                    -0.890947675107                     0.081022515601
 333                    -0.409043977745                     0.086212887959
 334                     0.052860282500                     0.087700321080
 335                     0.513669614947                     0.089086120177
 336                    -0.739115530369                     0.096006101800
 337                    -0.277211270124                     0.097493534922
 338                     0.183598062324                     0.098879334019
 339                     0.956978354163                     0.099349270842
 340                     0.644407420995                     0.100265095572
 341                    -0.608377750545                     0.107185114739
 342                    -0.146473490300                     0.108672547860
 343                     0.314335842147                     0.110058346957
 344                     0.775145200819                     0.111444108510
 345                     0.850670548384                     0.117363090100
 346                    -0.477639970722                     0.118364127677
 347                    -0.015735710476                     0.119851560798
 348                     0.445073621971                     0.121237359895
 349                    -0.954278967687                     0.122594860350
 350                    -0.809703774844                     0.123509050910
 351                    -0.346902190898                     0.129543140615
 352                     0.115002069347                     0.131030573737
 353                     0.575811428000                     0.132416335250
 354                    -0.676973743521                     0.139336354457
 355                    -0.215069483277                     0.140823787578
 356                     0.245739849171                     0.142209586675
 357                     0.706549207843                     0.143595348228
 358                    -0.546235963680                     0.150515367434
 359                    -0.084331703453                     0.152002800517
 360                     0.376477628994                     0.153388599613
 361                    -0.878343887585                     0.155723633450
 362                    -0.415498183875                     0.161694380333
 363                     0.046406076371                     0.163181813455
 364                     0.507215408818                     0.164567612551
 365                    -0.745569736498                     0.171487594174
 366                    -0.284760404051                     0.172873393271
 367                     0.946195124796                     0.174334832334
 368                     0.177143856194                     0.174360826393
 369                     0.637953214866                     0.175746587947
 370                    -0.614831956674                     0.182666607113
 371                    -0.152927696429                     0.184154040235
 372                     0.307881636018                     0.185539839331
 373                     0.789201313210                     0.187407625080
 374                     0.872082130100                     0.190031216787
 375                    -0.484094176832                     0.193845620091
 376                    -0.022189916606                     0.195333053173
 377                     0.438619415842                     0.196718852270
 378                    -0.941675180165                     0.197295978199
 379                    -0.816157980973                     0.198990543285
 380                    -0.353356397033                     0.205024632998
 381                     0.108547863218                     0.206512066111
 382                     0.569357221871                     0.207897827624
 383                    -0.683427949651                     0.214817846831
 384                    -0.222618617204                     0.216203645928
 385                     0.239285643042                     0.217691079049
 386                     0.700095001714                     0.219076840603
 387                    -0.552690169809                     0.225996859808
 388                    -0.090785909582                     0.227484292891
 389                     0.370023422865                     0.228870091988
 390                    -0.421952389991                     0.237175872756
 391                     0.039951870242                     0.238663305829
 392                     0.500761202689                     0.240049104925
 393                    -0.879489273553                     0.240562888034
 394                     0.922732095133                     0.246366760718
 395                    -0.757016307286                     0.246790931605
 396                    -0.291214610180                     0.248354885646
 397                     0.170689650065                     0.249842318767
 398                     0.631499008737                     0.251228080321
 399                     0.837841594004                     0.257608566215
 400                    -0.621286162804                     0.258148099488
 401                    -0.160476830356                     0.259533898584
 402                     0.301427429889                     0.261021331706
 403                     0.762236788561                     0.262407093259
 404                    -0.490548382967                     0.269327112473
 405                    -0.028644122735                     0.270814545547
 406                     0.432165209712                     0.272200344644
 407                    -0.359810603133                     0.280506125413
 408                     0.102093657089                     0.281993558486
 409                     0.562903015742                     0.283379319999
 410                    -0.694613519409                     0.289744447561
 411                    -0.229072823333                     0.291685138302
 412                     0.232831436912                     0.293172571424
 413                     0.693640795585                     0.294558332977
 414                    -0.559144375947                     0.301478352188
 415                    -0.835578521445                     0.302295847764
 416                    -0.098335043509                     0.302864151240
 417                     0.363569216736                     0.304351584362
 418                    -0.910996208876                     0.309457194724
 419                    -0.428406596109                     0.312657365131
 420                     0.033497664112                     0.314144798204
 421                     0.494306996560                     0.315530597300
 422                     0.907167442892                     0.320507532689
 423                    -0.762696605349                     0.322968021672
 424                    -0.297668816286                     0.323836378070
 425                     0.164235443936                     0.325323811142
 426                     0.625044802608                     0.326709572695
 427                    -0.632471732562                     0.333074700218
 428                     0.832477152546                     0.333175326339
 429                    -0.166931036486                     0.335015390959
 430                     0.294973223759                     0.336502824080
 431                     0.756872347104                     0.337973853383
 432                    -0.497002589086                     0.344808604849
 433                    -0.036193256662                     0.346194403897
 434                     0.425711003583                     0.347681837018
 435                    -0.366264809263                     0.355987617788
 436                     0.095639450960                     0.357475050860
 437                     0.556448809613                     0.358860812373
 438                    -0.235527029439                     0.367166630727
 439                     0.226377230783                     0.368654063798
 440                    -0.699423262609                     0.370034386828
 441                     0.688276354127                     0.370125093101
 442                    -0.565598582062                     0.376959844567
 443                    -0.104789249639                     0.378345643615
 444                     0.357115010607                     0.379833076736
 445                    -0.883824563644                     0.380173629612
 446                    -0.808144187429                     0.383578497259
 447                    -0.434860802239                     0.388138857506
 448                     0.025948530185                     0.389524656553
 449                     0.487852790431                     0.391012089674
 450                     0.877803629988                     0.393876421145
 451                    -0.304123022415                     0.399317870445
 452                     0.157781237807                     0.400805303516
 453                     0.618590596479                     0.402191065070
 454                     0.802560404405                     0.402774899962
 455                    -0.634335492194                     0.408808700956
 456                    -0.173385242592                     0.410496883383
 457                     0.288519017630                     0.411984316455
 458                    -0.503456795215                     0.420290097224
 459                    -0.042647462792                     0.421675896271
 460                     0.419256797454                     0.423163329393
 461                    -0.372719015392                     0.431469110163
 462                     0.088090317032                     0.432854909209
 463                     0.549994603484                     0.434342304747
 464                    -0.241981235568                     0.442648123101
 465                     0.219923024654                     0.444135556173
 466                     0.680742711903                     0.445506501304
 467                    -0.699914804840                     0.446735818177
 468                    -0.851173292230                     0.448533025036
 469                    -0.775492916014                     0.451937892684
 470                    -0.572297683828                     0.452424317080
 471                    -0.111243455745                     0.453827136040
 472                     0.350660804477                     0.455314569111
 473                    -0.441315008368                     0.463620349881
 474                     0.019494324055                     0.465006148927
 475                     0.481398584301                     0.466493582049
 476                     0.764645427856                     0.468361232540
 477                     0.840402346285                     0.468403399126
 478                    -0.310577228545                     0.474799362819
 479                     0.150232103879                     0.476185161865
 480                     0.612154386036                     0.477674094043
 481                    -0.179839448721                     0.485978375758
 482                     0.282064811501                     0.487465808829
 483                    -0.509911001344                     0.495771589599
 484                    -0.049101668897                     0.497157388696
 485                     0.412802591325                     0.498644821767
 486                    -0.650400997908                     0.504072502690
 487                    -0.379173221521                     0.506950602537
 488                     0.081636110902                     0.508336401584
 489                     0.543540397354                     0.509823797121
 490                     0.706389487433                     0.516790127564
 491                    -0.248435441697                     0.518129615476
 492                    -0.724812926731                     0.518284375075
 493                    -0.809837375363                     0.519462485092
 494                     0.212373890727                     0.519515414522
 495                    -0.578500777572                     0.527936089670
 496                    -0.117697661874                     0.529308628414
 497                     0.344206598349                     0.530796061485
 498                     0.799103391383                     0.535827974106
 499                    -0.447769214497                     0.539101842255
 500                     0.013040117950                     0.540487641353
 501                     0.474944378180                     0.541975074424
 502                    -0.317031434674                     0.550280855193
 503                     0.143777897749                     0.551666654240
 504                     0.605682187020                     0.553154045737
 505                    -0.186293654850                     0.561459868132
 506                     0.274515677574                     0.562845667178
 507                    -0.516358990725                     0.571266342326
 508                    -0.055555875027                     0.572638881071
 509                     0.406348385201                     0.574126314142
 510                    -0.676328346499                     0.576739041963
 511                    -0.766456434354                     0.581568897200
 512                    -0.385627427650                     0.582432094911
 513                     0.075181904797                     0.583817894009
 514                     0.537086191250                     0.585305289498
 515                     0.674239875440                     0.585386883439
 516                    -0.254889647827                     0.593611107850
 517                     0.205919684596                     0.594996906896
 518                     0.754468114477                     0.597039121157
 519                    -0.604161815681                     0.599793336762
 520                    -0.124151868003                     0.604790120789
 521                     0.336657464421                     0.606175919834
 522                    -0.454217203878                     0.614596594982
 523                     0.006585911820                     0.615969133727
 524                     0.468490175935                     0.617456567130
 525                    -0.323485640803                     0.625762347568
 526                     0.137323691644                     0.627148146666
 527                     0.599227981003                     0.628635538121
 528                    -0.192747860980                     0.636941360507
 529                     0.268061471443                     0.638327159552
 530                    -0.718323538128                     0.640069638809
 531                    -0.522813196854                     0.646747834700
 532                    -0.062010081156                     0.648120373445
 533                     0.398799251268                     0.649506172491
 534                     0.705155208769                     0.654548683827
 535                    -0.392075417031                     0.657926847639
 536                     0.068727698667                     0.659299386384
 537                     0.530631990118                     0.660786782299
 538                    -0.261343853956                     0.669092600225
 539                     0.199465478491                     0.670478399322
 540                    -0.591820002827                     0.678007604329
 541                    -0.130606074133                     0.680271613163
 542                     0.330203258290                     0.681657412209
 543                    -0.460671410007                     0.690078087357
 544                     0.000131705691                     0.691450626102
 545                     0.639694041489                     0.692679354501
 546                     0.460941038153                     0.692836425093
 547                    -0.665737105952                     0.694602011019
 548                    -0.329933630184                     0.701257100295
 549                     0.130869485514                     0.702629639040
 550                    -0.199202067109                     0.712422852881
 551                     0.261607265338                     0.713808651979
 552                    -0.529267402984                     0.722229327075
 553                    -0.068464287285                     0.723601865820
 554                     0.392345045137                     0.724987664865
 555                    -0.398375589807                     0.733739046041
 556                     0.062273492538                     0.734780878758
 557                     0.523082851217                     0.736166640151
 558                     0.193011272361                     0.745959891697
 559                    -0.265429544202                     0.749206459905
 560                    -0.598274208957                     0.753489096703
 561                     0.596485536660                     0.754905856719
 562                    -0.137060280262                     0.755753105538
 563                     0.323749109609                     0.757139027153
 564                    -0.467125616137                     0.765559579731
 565                    -0.006322500438                     0.766932118476
 566                     0.454486832021                     0.768317917468
 567                    -0.335993658213                     0.776771261405
 568                     0.124415279385                     0.778111131415
 569                     0.255153059209                     0.789290144353
 570                    -0.203287757355                     0.792536712561
 571                    -0.537136260200                     0.798224582502
 572                    -0.074918493415                     0.799083358194
 573                     0.389026120381                     0.806449370356
 574                     0.055819286409                     0.810262371133
 575                     0.516628645085                     0.811648132525
 576                     0.186836097536                     0.822043558820
 577                    -0.392278721633                     0.827477317292
 578                     0.317953015379                     0.832673904921
 579                    -0.466761024888                     0.841315632565
 580                    -0.012776706561                     0.842413610866
 581                    -0.299559164563                     0.843191440118
 582                    -0.152643928078                     0.848879386843
 583                     0.451167933445                     0.849779585413
 584                     0.117961073272                     0.853592623790
 585                    -0.226869520133                     0.864529857597
 586                     0.249356964978                     0.864825022121
 587                    -0.081372699544                     0.874564850568
 588                     0.381845607833                     0.883015377056
 589                     0.049365080296                     0.885743863508
 590                    -0.355844227984                     0.893897496005
 591                     0.310809950421                     0.910491646333
 592                    -0.284410690711                     0.919123716897
 593                     0.148479040854                     0.922930680603
 594                    -0.136419625712                     0.926612409467
 595                     0.223118766018                     0.935893083746
 596                    -0.211213834866                     0.938651460295
 597                     0.006625154996                     0.948293134113
 598                     0.081670945528                     0.958648895378
 599                    -0.068268618040                     0.959696433121
