   1                     0.009091715197                    -0.961187029873
   2                    -0.068411248185                    -0.958792504562
   3                     0.122029980067                    -0.953452594336
   4                     0.198482914528                    -0.940514592296
   5                    -0.217118538078                    -0.936388117238
   6                    -0.139944139678                    -0.928867790376
   7                     0.273644274529                    -0.921456443192
   8                    -0.291886663690                    -0.915841329730
   9                     0.061939868165                    -0.904446252541
  10                     0.347243210004                    -0.896306395148
  11                    -0.078262131246                    -0.881880846230
  12                     0.135261532377                    -0.877049916975
  13                    -0.415931531716                    -0.866581863765
  14                     0.211714466838                    -0.864111914935
  15                     0.424007857834                    -0.862658972118
  16                    -0.003362176348                    -0.859813774558
  17                    -0.215476355786                    -0.858865563605
  18                    -0.339336339171                    -0.854514570634
  19                     0.286875826838                    -0.845053765831
  20                    -0.141203507242                    -0.836594796808
  21                    -0.484426288087                    -0.830237518480
  22                     0.067656231153                    -0.827117304025
  23                     0.492160144903                    -0.825676424183
  24                     0.359914338076                    -0.819018809316
  25                    -0.275770065638                    -0.810109931759
  26                    -0.064955860520                    -0.805491146375
  27                     0.140233452306                    -0.799669537701
  28                    -0.408803270547                    -0.789370265043
  29                    -0.549768770001                    -0.788490624683
  30                     0.216686386767                    -0.786731535661
  31                    -0.197626981322                    -0.783408006557
  32                     0.557109831511                    -0.783321007835
  33                     0.428066625144                    -0.782036261380
  34                     0.007581816441                    -0.778091721096
  35                     0.291847746768                    -0.767673386556
  36                    -0.336359813517                    -0.761722686161
  37                    -0.124953297341                    -0.756371388035
  38                    -0.477298026917                    -0.753025919759
  39                     0.080196471293                    -0.750598120406
  40                     0.493016311752                    -0.739680845033
  41                     0.363769729111                    -0.738696300086
  42                    -0.615225344623                    -0.738553275678
  43                    -0.263398995211                    -0.733563215951
  44                    -0.052415620380                    -0.728971962756
  45                     0.156111589784                    -0.723772714087
  46                    -0.395869551426                    -0.712013188292
  47                     0.586719628863                    -0.711657188615
  48                    -0.542640508832                    -0.711279025961
  49                     0.232564524244                    -0.710834712047
  50                    -0.190861318250                    -0.706163790672
  51                     0.020122056581                    -0.701572537478
  52                     0.662714672829                    -0.696256007585
  53                     0.429339716722                    -0.694252218578
  54                     0.306251325701                    -0.686695565922
  55                    -0.323396432032                    -0.684443457611
  56                    -0.677746874541                    -0.681632114657
  57                    -0.113883697497                    -0.679625658227
  58                    -0.464798914289                    -0.676500007363
  59                     0.094874152988                    -0.674460030434
  60                     0.501334674731                    -0.662588381576
  61                    -0.602726231995                    -0.662027363283
  62                    -0.250858755071                    -0.657044032332
  63                    -0.041346020536                    -0.652226232948
  64                     0.167411829949                    -0.647060605156
  65                     0.368799560949                    -0.640868048515
  66                     0.716677924929                    -0.640574677615
  67                    -0.383454002983                    -0.635319455412
  68                     0.573872351692                    -0.635188956298
  69                    -0.530141396204                    -0.634753113566
  70                     0.243864764410                    -0.634122603115
  71                    -0.173881134317                    -0.630505899887
  72                     0.031191656425                    -0.624826807670
  73                    -0.733383209387                    -0.621379299519
  74                     0.441337237910                    -0.613468623236
  75                    -0.310856191892                    -0.607924273992
  76                     0.646410028652                    -0.607789531019
  77                    -0.657214765993                    -0.606859956717
  78                    -0.101343457357                    -0.603106474608
  79                    -0.452456558014                    -0.599948656454
  80                     0.103729333386                    -0.597427382391
  81                     0.308802124129                    -0.591748290174
  82                     0.513874914871                    -0.586069197957
  83                    -0.233878571139                    -0.581386141547
  84                     0.765977587187                    -0.580724979322
  85                    -0.584629930202                    -0.579585707000
  86                    -0.028805780396                    -0.575707049330
  87                     0.176267010347                    -0.570027957112
  88                     0.381339801089                    -0.564348864896
  89                    -0.781081337480                    -0.560245580011
  90                    -0.370853628713                    -0.558804515652
  91                     0.586412591832                    -0.558669772679
  92                    -0.161340894178                    -0.553986716268
  93                    -0.512564306431                    -0.550963947975
  94                     0.043731896565                    -0.548307624051
  95                    -0.704912894086                    -0.545726237209
  96                     0.248804687308                    -0.542628531834
  97                     0.453877478050                    -0.536949439617
  98                    -0.293876007960                    -0.532266383207
  99                     0.659246533886                    -0.531319489709
 100                    -0.088803217217                    -0.526587290989
 101                    -0.439858827759                    -0.523438916702
 102                     0.116269573526                    -0.520908198772
 103                    -0.631010702608                    -0.517446612740
 104                     0.810292855242                    -0.517096368606
 105                     0.321342364268                    -0.515229106556
 106                     0.526415155011                    -0.509550014338
 107                     0.733263488321                    -0.508212487727
 108                    -0.221338330999                    -0.504866957928
 109                    -0.016265540256                    -0.499187865711
 110                     0.188807250487                    -0.493508773493
 111                    -0.558946235523                    -0.488825717084
 112                     0.393880041229                    -0.487829681277
 113                    -0.793954355997                    -0.483781676902
 114                    -0.353873444780                    -0.483146624867
 115                     0.598952831972                    -0.482150589060
 116                    -0.148800654038                    -0.477467532649
 117                     0.056272136705                    -0.471788440432
 118                    -0.691794982522                    -0.469303966367
 119                     0.261344927448                    -0.466109348215
 120                    -0.486408558562                    -0.461426291805
 121                     0.466417718190                    -0.460430255998
 122                    -0.281335767820                    -0.455747199588
 123                     0.671490508932                    -0.454751163781
 124                    -0.076262977077                    -0.450068107371
 125                     0.128809813666                    -0.444389015153
 126                     0.822537155214                    -0.440529272523
 127                    -0.619015105458                    -0.439793081673
 128                     0.333882604408                    -0.438709922937
 129                    -0.856005868528                    -0.437283796552
 130                    -0.413870881601                    -0.434026866527
 131                     0.538955395151                    -0.433030830720
 132                     0.745507821385                    -0.431645308641
 133                    -0.208798090859                    -0.428347774309
 134                    -0.003725300116                    -0.422668682092
 135                    -0.750997080954                    -0.419228477095
 136                     0.201347490626                    -0.416989589874
 137                    -0.546405995383                    -0.412306533465
 138                     0.406420281369                    -0.411310497658
 139                    -0.341333204641                    -0.406627441248
 140                     0.611493072112                    -0.405631405441
 141                    -0.136260413898                    -0.400948349030
 142                     0.068812376845                    -0.395269256813
 143                    -0.678941109165                    -0.390586200404
 144                     0.273885167587                    -0.389590164596
 145                     0.879484823805                    -0.387904125240
 146                    -0.473868318422                    -0.384907108186
 147                     0.478957958330                    -0.383911072379
 148                    -0.268795527680                    -0.379228015969
 149                     0.684030749072                    -0.378231980162
 150                    -0.063722736937                    -0.373548923752
 151                    -0.810994517774                    -0.370108718754
 152                     0.141350053806                    -0.367869831534
 153                    -0.888466604912                    -0.366865448957
 154                    -0.606403432204                    -0.363186775125
 155                     0.346422844548                    -0.362190739318
 156                    -0.401330641461                    -0.357507682908
 157                     0.551495635291                    -0.356511647101
 158                     0.758048061525                    -0.355126125022
 159                    -0.196257850719                    -0.351828590690
 160                     0.008814940024                    -0.346149498473
 161                    -0.738938545985                    -0.341466442064
 162                     0.213887730766                    -0.340470406256
 163                    -0.533865755243                    -0.335787349846
 164                     0.418960521509                    -0.334791314039
 165                    -0.328792964501                    -0.330108257629
 166                     0.624033312251                    -0.329112221822
 167                     0.830585738486                    -0.327726699743
 168                    -0.123720173758                    -0.324429165411
 169                     0.081352616985                    -0.318750073194
 170                     0.907889079434                    -0.315753994632
 171                    -0.666400869025                    -0.314067016785
 172                     0.286425407727                    -0.313070980977
 173                    -0.461328078282                    -0.308387924567
 174                     0.491498198470                    -0.307391888760
 175                    -0.256255287540                    -0.302708832350
 176                     0.696570989212                    -0.301712796543
 177                    -0.051182496797                    -0.297029740133
 178                    -0.915145882582                    -0.294059822612
 179                    -0.802458012982                    -0.292799860535
 180                     0.153890293945                    -0.291350647915
 181                    -0.593863192064                    -0.286667591506
 182                     0.358963084688                    -0.285671555699
 183                    -0.388790401322                    -0.280988499289
 184                     0.564035875431                    -0.279992463482
 185                     0.770588301665                    -0.278606941403
 186                    -0.183717610579                    -0.275309407071
 187                     0.021355180164                    -0.269630314854
 188                    -0.726398305846                    -0.264947258445
 189                     0.226427970906                    -0.263951222637
 190                    -0.521325515103                    -0.259268166227
 191                     0.431500761649                    -0.258272130420
 192                     0.858989994114                    -0.255576569136
 193                    -0.316252724361                    -0.253589074010
 194                     0.636573552391                    -0.252593038203
 195                    -0.111179933618                    -0.247909981792
 196                     0.093892857124                    -0.242230889575
 197                    -0.860320787879                    -0.239226875626
 198                    -0.653860628885                    -0.237547833166
 199                     0.298965647867                    -0.236551797359
 200                     0.932832720061                    -0.231918697101
 201                    -0.448787838142                    -0.231868740949
 202                     0.504038438610                    -0.230872705142
 203                    -0.243715047400                    -0.226189648731
 204                     0.712046540818                    -0.225686684194
 205                    -0.038642256657                    -0.220510556514
 206                    -0.935870093279                    -0.219340680651
 207                    -0.786395742666                    -0.215827500104
 208                     0.166430534085                    -0.214831464297
 209                    -0.581322951924                    -0.210148407887
 210                     0.371503324828                    -0.209152372080
 211                     0.798992557293                    -0.206456810796
 212                    -0.376250161182                    -0.204469315670
 213                     0.576576115571                    -0.203473279863
 214                    -0.171177370439                    -0.198790223452
 215                     0.033895420303                    -0.193111131235
 216                    -0.713858065706                    -0.188428074826
 217                     0.238968211046                    -0.187432039018
 218                    -0.508785274963                    -0.182748982608
 219                     0.444041001789                    -0.181752946801
 220                     0.875423038906                    -0.179797956564
 221                    -0.303712484221                    -0.177069890391
 222                     0.649113792531                    -0.176073854584
 223                    -0.098639693478                    -0.171390798174
 224                     0.106433097264                    -0.165711705956
 225                    -0.847780545910                    -0.162707692307
 226                    -0.641320388745                    -0.161028649547
 227                     0.311505888007                    -0.160032613740
 228                    -0.436247598002                    -0.155349557330
 229                     0.516578678750                    -0.154353521523
 230                     0.948806598341                    -0.153977398975
 231                     0.741236598794                    -0.153412590152
 232                    -0.231174807260                    -0.149670465112
 233                    -0.026102016518                    -0.143991372895
 234                    -0.922752699826                    -0.142918320876
 235                    -0.773855501276                    -0.139308314958
 236                     0.178970774225                    -0.138312280678
 237                    -0.568782711784                    -0.133629224268
 238                     0.384043564968                    -0.132633188461
 239                     0.815425602085                    -0.130678198224
 240                    -0.363709921042                    -0.127950132051
 241                     0.589116355711                    -0.126954096244
 242                    -0.158637130299                    -0.122271039833
 243                     0.046435660443                    -0.116591947616
 244                    -0.701321893421                    -0.111898119482
 245                     0.251508451186                    -0.110912855399
 246                    -0.496245034823                    -0.106229798989
 247                     0.456581241928                    -0.105233763182
 248                     0.889703660244                    -0.103584395181
 249                     0.674530965551                    -0.102818067099
 250                    -0.291172244081                    -0.100550706772
 251                    -0.086099453339                    -0.094871614555
 252                     0.118973337404                    -0.089192522338
 253                    -0.849168336393                    -0.085180167375
 254                    -0.628780148605                    -0.084509465928
 255                     0.324046128147                    -0.083513430121
 256                    -0.423707357863                    -0.078830373711
 257                     0.529118918889                    -0.077834337904
 258                    -0.958373906636                    -0.074044721363
 259                     0.746207452434                    -0.073238947560
 260                    -0.218634567120                    -0.073151281493
 261                     0.958794304628                    -0.068386015345
 262                    -0.013561776378                    -0.067472189276
 263                    -0.762209695597                    -0.062576123655
 264                     0.191511014365                    -0.061793097059
 265                    -0.556242471644                    -0.057110040649
 266                     0.396583805107                    -0.056114004842
 267                     0.821153274823                    -0.053350086586
 268                    -0.351169680902                    -0.051430948432
 269                     0.601656595850                    -0.050434912625
 270                    -0.146096890160                    -0.045751856215
 271                     0.058975900583                    -0.040072763998
 272                    -0.689647355561                    -0.035242080905
 273                     0.264048691326                    -0.034393671780
 274                    -0.483704794683                    -0.029710615370
 275                     0.469121482068                    -0.028714579563
 276                     0.893766291326                    -0.026150952063
 277                     0.675002701181                    -0.025279556989
 278                    -0.898214947391                    -0.025122919402
 279                    -0.278632003941                    -0.024031523153
 280                    -0.073559213199                    -0.018352430936
 281                    -0.821680539466                    -0.012675932295
 282                     0.131513577544                    -0.012673338719
 283                    -0.616239908465                    -0.007990282309
 284                     0.336586368287                    -0.006994246502
 285                    -0.411167117723                    -0.002311190092
 286                     0.541659159029                    -0.001315154285
 287                    -0.206094326980                     0.003367902125
 288                     0.746679188064                     0.004299562550
 289                    -0.001021536238                     0.009046994343
 290                     0.961152478667                     0.012209767953
 291                    -0.749134803599                     0.014702148207
 292                     0.204051254505                     0.014726086560
 293                    -0.543702231504                     0.019409142970
 294                    -0.961014383853                     0.020359757131
 295                     0.409124045247                     0.020405178777
 296                     0.821625010453                     0.024188423523
 297                    -0.338629440762                     0.025088235187
 298                     0.614196835990                     0.026084270994
 299                    -0.133556650020                     0.030767327404
 300                     0.071516140723                     0.036446419621
 301                    -0.676237345286                     0.041129476031
 302                     0.276588931466                     0.042125511839
 303                    -0.471164554544                     0.046808568248
 304                     0.481661722208                     0.047804604055
 305                     0.894238026956                     0.051387558046
 306                    -0.885652192679                     0.051392571046
 307                    -0.266091763801                     0.052487660466
 308                     0.686734512951                     0.053483696272
 309                    -0.061018973059                     0.058166752683
 310                    -0.809117784754                     0.063839558154
 311                     0.144053817684                     0.063845844900
 312                    -0.603699668325                     0.068528901310
 313                     0.349126608427                     0.069524937117
 314                    -0.398626877583                     0.074207993527
 315                     0.554199399169                     0.075204029334
 316                    -0.193554086841                     0.079887085744
 317                     0.759272189911                     0.080883121551
 318                     0.011518703902                     0.085566177962
 319                     0.216591494645                     0.091245270179
 320                    -0.736872348997                     0.092000525762
 321                    -0.531161991365                     0.095928326589
 322                     0.421664285387                     0.096924362396
 323                    -0.956246579266                     0.097752981149
 324                     0.956224098868                     0.097972641210
 325                     0.834238238152                     0.100695609927
 326                    -0.326089200622                     0.101607418806
 327                     0.626737077571                     0.102603456373
 328                    -0.121016409880                     0.107286511023
 329                     0.084056380863                     0.112965603240
 330                    -0.663697105146                     0.117648659650
 331                     0.289129171605                     0.118644695458
 332                    -0.458624314404                     0.123327751867
 333                     0.494201962348                     0.124323787674
 334                    -0.885251196739                     0.128931479258
 335                    -0.253551523661                     0.129006844084
 336                     0.699274754532                     0.130002881652
 337                    -0.048478732919                     0.134685936302
 338                     0.156594057824                     0.140365028519
 339                    -0.808732801845                     0.142029366351
 340                    -0.591159428185                     0.145048084929
 341                     0.361666848566                     0.146044120736
 342                     0.896299203726                     0.147180872500
 343                    -0.386086637443                     0.150727177146
 344                     0.566739639309                     0.151723212953
 345                     0.777158543534                     0.156331921665
 346                    -0.181013846701                     0.156406269363
 347                     0.024058944042                     0.162085361580
 348                     0.229131734784                     0.167764453798
 349                    -0.735041874671                     0.169518861969
 350                    -0.518621751225                     0.172447510207
 351                     0.434204525527                     0.173443546015
 352                    -0.313548960482                     0.178126602425
 353                    -0.944403937393                     0.179065263850
 354                     0.639277320348                     0.179122643213
 355                    -0.108476169740                     0.183805694642
 356                     0.096596621003                     0.189484786859
 357                    -0.651156865007                     0.194167843269
 358                     0.301669411745                     0.195163879077
 359                    -0.446084074264                     0.199846935486
 360                     0.506742202488                     0.200842971293
 361                    -0.871410436021                     0.205226147664
 362                    -0.241011283521                     0.205526027703
 363                     0.711953510880                     0.206499235958
 364                    -0.035938492779                     0.211205119921
 365                     0.937340643605                     0.212968738380
 366                     0.859845954494                     0.215617830051
 367                     0.169134297964                     0.216884212138
 368                    -0.795039311491                     0.218638620310
 369                    -0.578619188046                     0.221567268548
 370                     0.374207088706                     0.222563304355
 371                    -0.373546397303                     0.227246360765
 372                     0.579279879449                     0.228242396572
 373                    -0.168473606561                     0.232925452982
 374                     0.784491535411                     0.233897741963
 375                     0.036599184182                     0.238604545199
 376                    -0.711154301828                     0.243287601609
 377                     0.241671974924                     0.244283637417
 378                    -0.506081511085                     0.248966693826
 379                     0.446744765667                     0.249962729634
 380                    -0.301008720342                     0.254645786044
 381                     0.651956072109                     0.255618998280
 382                    -0.095935929600                     0.260324878261
 383                    -0.925038694042                     0.261240148091
 384                     0.109136861142                     0.266003970478
 385                    -0.638616624866                     0.270687026888
 386                     0.314209651885                     0.271683062695
 387                    -0.433543834124                     0.276366119105
 388                     0.519282442628                     0.277362154912
 389                    -0.847522863179                     0.278994887305
 390                    -0.228471043382                     0.282045211322
 391                     0.724494569750                     0.283018285397
 392                    -0.023398252639                     0.287724303540
 393                     0.917125238171                     0.287827141166
 394                    -0.771151738649                     0.292407359951
 395                     0.835379419834                     0.292492982254
 396                     0.181674538104                     0.293403395757
 397                    -0.566078947906                     0.298086452166
 398                     0.386747328846                     0.299082487974
 399                    -0.361006157163                     0.303765544384
 400                     0.591820119588                     0.304761580191
 401                    -0.155933366421                     0.309444636601
 402                     0.049139424322                     0.315123728818
 403                    -0.698614061687                     0.319806785228
 404                     0.254212215064                     0.320802821036
 405                    -0.493541270945                     0.325485877445
 406                     0.459285005807                     0.326481913252
 407                    -0.288468480203                     0.331164969662
 408                     0.664357897015                     0.332160739493
 409                    -0.900836074402                     0.335316816618
 410                    -0.083395689460                     0.336844061880
 411                     0.121677101282                     0.342523154097
 412                    -0.626076384727                     0.347206210507
 413                     0.326749892025                     0.348202246314
 414                    -0.421003593984                     0.352885302724
 415                    -0.825389129053                     0.353308687491
 416                     0.531822682768                     0.353881338531
 417                    -0.215930803242                     0.358564394941
 418                     0.736895473513                     0.359560430738
 419                     0.890941885636                     0.360812585841
 420                    -0.010858012499                     0.364243487158
 421                     0.813846217212                     0.369101192163
 422                     0.194214778244                     0.369922579376
 423                    -0.553538707766                     0.374605635785
 424                     0.399287568986                     0.375601671593
 425                    -0.348465917023                     0.380284728003
 426                     0.604360359729                     0.381280763810
 427                    -0.143393126281                     0.385963820220
 428                     0.061679664462                     0.391642912437
 429                    -0.686073821547                     0.396325968847
 430                     0.266752455205                     0.397322004655
 431                    -0.763524077441                     0.400054366152
 432                    -0.481001030805                     0.402005061064
 433                     0.471825245947                     0.403001096871
 434                    -0.275928240063                     0.407684153281
 435                     0.676898036693                     0.408680189079
 436                    -0.070855449320                     0.413363245499
 437                     0.134217341422                     0.419042337716
 438                    -0.864485894636                     0.420270512477
 439                    -0.613536144587                     0.423725394125
 440                     0.339290132165                     0.424721429933
 441                    -0.408463353844                     0.429404486343
 442                     0.544362922908                     0.430400522150
 443                     0.858401658417                     0.432561855124
 444                    -0.203390563102                     0.435083578560
 445                     0.749435713655                     0.436079614356
 446                     0.001682227641                     0.440762670777
 447                     0.206755018384                     0.446441762995
 448                    -0.540998467626                     0.451124819404
 449                     0.411827809126                     0.452120855212
 450                    -0.335925676884                     0.456803911621
 451                     0.616900599871                     0.457799947428
 452                    -0.130852886141                     0.462483003839
 453                     0.074219904601                     0.468162096056
 454                    -0.673533581407                     0.472845152466
 455                     0.279292695345                     0.473841188273
 456                    -0.751189013309                     0.476606892415
 457                    -0.468460790665                     0.478524244683
 458                     0.484365486087                     0.479520280490
 459                    -0.263387999923                     0.484203336900
 460                     0.689438276835                     0.485199372697
 461                    -0.827798639272                     0.488582212633
 462                     0.805698006352                     0.489436877264
 463                    -0.058315209180                     0.489882429118
 464                     0.146757581562                     0.495561521334
 465                     0.351830372305                     0.501240613552
 466                    -0.601913889026                     0.502810314260
 467                    -0.395923113704                     0.505923669962
 468                     0.556903163051                     0.506919705768
 469                    -0.190850322962                     0.511602762179
 470                     0.014222467781                     0.517281854396
 471                     0.219295258524                     0.522960946614
 472                    -0.528458227486                     0.527644003023
 473                     0.424368049266                     0.528640038831
 474                    -0.323385436744                     0.533323095240
 475                     0.629440840011                     0.534319131047
 476                    -0.118312646001                     0.539002187458
 477                    -0.709115079786                     0.541739274549
 478                     0.086760144741                     0.544681279675
 479                     0.291832935485                     0.550360371892
 480                    -0.785724705749                     0.553714594767
 481                    -0.455920550525                     0.555043428302
 482                     0.496905726230                     0.556039464109
 483                    -0.250847759783                     0.560722520519
 484                     0.701978516976                     0.561718556316
 485                     0.779515266257                     0.562422541648
 486                    -0.045774969040                     0.566401612736
 487                     0.159297821702                     0.572080704953
 488                     0.364370612446                     0.577759797171
 489                    -0.586223785502                     0.579370044739
 490                    -0.383382873564                     0.582442853580
 491                     0.569443403192                     0.583438889388
 492                    -0.178310082822                     0.588121945798
 493                     0.026762707921                     0.593801038015
 494                     0.231835498664                     0.599480130233
 495                    -0.660374251791                     0.602044952315
 496                     0.436908289409                     0.605159222449
 497                    -0.310845196604                     0.609842278859
 498                     0.641981080161                     0.610838314664
 499                    -0.105772405861                     0.615521371076
 500                    -0.737590233712                     0.615699337881
 501                    -0.520010905206                     0.619722214040
 502                     0.099300384881                     0.621200463294
 503                     0.304373175625                     0.626879555511
 504                    -0.443380310385                     0.631562611921
 505                     0.509445966370                     0.632558647727
 506                     0.719667792923                     0.637213805180
 507                    -0.238307519643                     0.637241704138
 508                    -0.033234728900                     0.642920796355
 509                     0.171838061842                     0.648599888572
 510                     0.376910852588                     0.654278980789
 511                    -0.603507977359                     0.654959063758
 512                    -0.370842633425                     0.658962037199
 513                    -0.165769842682                     0.664641129417
 514                     0.591939655945                     0.670069209870
 515                     0.039302948060                     0.670320221634
 516                     0.244375738806                     0.675999313853
 517                    -0.683224522265                     0.676141566432
 518                     0.449606286379                     0.681870469667
 519                    -0.298304956464                     0.686361462478
 520                    -0.093232165721                     0.692040554695
 521                     0.665965705230                     0.693147058812
 522                    -0.537295097063                     0.695311233060
 523                     0.111840625021                     0.697719646913
 524                     0.316913415767                     0.703398739129
 525                    -0.430840070245                     0.708081795540
 526                     0.524647108850                     0.708593957629
 527                    -0.225767279503                     0.713760887757
 528                    -0.020694488761                     0.719439979974
 529                     0.184378301982                     0.725119072191
 530                    -0.626503360265                     0.729010771702
 531                     0.389451092728                     0.730798164408
 532                    -0.358302393284                     0.735481220819
 533                    -0.153229602542                     0.741160313035
 534                     0.605710534998                     0.746376522590
 535                     0.051843188200                     0.746839405253
 536                    -0.490740296901                     0.757320052322
 537                     0.464809931613                     0.757908816493
 538                     0.269326562714                     0.764619115647
 539                    -0.080691925582                     0.768559738314
 540                    -0.289537589854                     0.771312002189
 541                     0.126107902187                     0.776578973864
 542                    -0.565705395276                     0.777136134430
 543                    -0.418202619941                     0.784719477601
 544                    -0.214399851603                     0.790463069391
 545                     0.542236264382                     0.790912576011
 546                     0.200798427568                     0.800900485217
 547                    -0.010901709532                     0.802349808279
 548                     0.404653146684                     0.806833292079
 549                     0.327626661864                     0.815741923898
 550                    -0.141862174642                     0.817862494669
 551                    -0.349437816510                     0.820550258972
 552                     0.063707518658                     0.823466298360
 553                    -0.478200056762                     0.833839235941
 554                     0.477101377873                     0.834468358246
 555                    -0.277261043356                     0.848886746079
 556                     0.259098526718                     0.852023293468
 557                    -0.201862236016                     0.866982683084
 558                    -0.053705418856                     0.867004936092
 559                    -0.409435253331                     0.869670017312
 560                     0.182540890376                     0.876260324788
 561                     0.383474988183                     0.881425038855
 562                     0.020903809334                     0.888121426174
 563                     0.105917614964                     0.888510520658
 564                    -0.126448250586                     0.893854955017
 565                    -0.336430590476                     0.899292887562
 566                     0.311182883507                     0.909465985452
 567                    -0.261844566587                     0.924878688602
 568                     0.236865839478                     0.931588825486
 569                    -0.186445759247                     0.942974625608
 570                     0.154827949883                     0.948678803187
 571                    -0.082429642518                     0.957689156102
 572                     0.072521982452                     0.958490337845
 573                    -0.004970000507                     0.961217178777
