   1                     0.058675622289                    -0.957217964732
   2                    -0.102620263896                    -0.953508333521
   3                     0.140203706694                    -0.948710694198
   4                    -0.021637799768                    -0.940818073386
   5                     0.220707492116                    -0.933272341592
   6                    -0.222728505544                    -0.932792084805
   7                     0.299598834725                    -0.911015696291
   8                    -0.301571453676                    -0.910364607718
   9                    -0.153356341695                    -0.889126250546
  10                     0.376301370856                    -0.882103360694
  11                     0.088750588599                    -0.880963793698
  12                    -0.072373877567                    -0.876435990411
  13                    -0.392142401923                    -0.875176209269
  14                     0.008608586562                    -0.863745730276
  15                     0.239923771364                    -0.853585850826
  16                    -0.243726960388                    -0.852285206938
  17                     0.159238911402                    -0.839123638977
  18                    -0.466222106598                    -0.837940934452
  19                     0.466626401747                    -0.837835820342
  20                    -0.322947443544                    -0.831230106671
  21                     0.311996053707                    -0.814537312871
  22                    -0.173677525019                    -0.809714338928
  23                     0.392978517835                    -0.801847052735
  24                    -0.092695060891                    -0.797024078793
  25                     0.536842348437                    -0.794650725982
  26                    -0.538827891255                    -0.793330677752
  27                    -0.395603363980                    -0.793278566200
  28                     0.071910060052                    -0.790764388464
  29                    -0.011712596762                    -0.784333818657
  30                     0.230940536351                    -0.767432829716
  31                    -0.242775604013                    -0.762992932408
  32                     0.147602195904                    -0.757983087765
  33                     0.464197472201                    -0.755901074966
  34                    -0.467230139909                    -0.753418722139
  35                    -0.324894106323                    -0.749282484969
  36                     0.602865454485                    -0.745829943382
  37                    -0.617167522545                    -0.733970707668
  38                     0.309567124160                    -0.732602567494
  39                    -0.146826516204                    -0.732266127043
  40                     0.390549588288                    -0.719912307359
  41                    -0.065844052076                    -0.719575866907
  42                    -0.537593783058                    -0.711369228426
  43                    -0.397242047871                    -0.710747078492
  44                     0.530385131402                    -0.707544110958
  45                     0.015138412053                    -0.706885606772
  46                     0.096120876181                    -0.694195346637
  47                     0.664354015260                    -0.691623310094
  48                     0.177103340310                    -0.681505086501
  49                    -0.279290300055                    -0.681168646049
  50                    -0.677659549727                    -0.678499309250
  51                     0.258085804438                    -0.668814826366
  52                    -0.198307835926                    -0.668478385914
  53                     0.339068268567                    -0.656124566230
  54                    -0.117325371798                    -0.655788125779
  55                    -0.589075102780                    -0.647581487297
  56                     0.581953228441                    -0.643826502981
  57                     0.420050732695                    -0.643434306095
  58                    -0.036342907669                    -0.643097865643
  59                    -0.492736548034                    -0.642761425192
  60                     0.501033196824                    -0.630744045960
  61                     0.044639556459                    -0.630407605508
  62                    -0.411754083906                    -0.630071165056
  63                     0.125622020588                    -0.617717345373
  64                    -0.330771619777                    -0.617380904921
  65                    -0.735720125566                    -0.615162545588
  66                     0.738579846233                    -0.611726140847
  67                     0.656626914370                    -0.610017586578
  68                     0.206604484716                    -0.605027085237
  69                    -0.249789155648                    -0.604690644786
  70                    -0.655302894175                    -0.599279501359
  71                     0.287586948844                    -0.592336825102
  72                    -0.168806691520                    -0.592000384650
  73                     0.368569412973                    -0.579646564966
  74                    -0.087824227391                    -0.579310124515
  75                    -0.544217867756                    -0.578973684063
  76                     0.449551877101                    -0.566956304831
  77                    -0.006841763263                    -0.566619864379
  78                    -0.463235403628                    -0.566283423928
  79                     0.530534341230                    -0.554266044696
  80                     0.074140700866                    -0.553929604244
  81                    -0.382252939499                    -0.553593163792
  82                    -0.779401470595                    -0.545800147308
  83                     0.611516805358                    -0.541575784560
  84                     0.155123164994                    -0.541239344109
  85                    -0.301270475371                    -0.540902903657
  86                     0.775186185819                    -0.538383260478
  87                     0.693264852975                    -0.535537663210
  88                     0.236105629123                    -0.528549083973
  89                    -0.220288011242                    -0.528212643521
  90                    -0.686338328043                    -0.523411167759
  91                    -0.599489394056                    -0.518067272735
  92                     0.317088093251                    -0.515858823838
  93                    -0.139305547113                    -0.515522383386
  94                     0.398070557379                    -0.503168563702
  95                    -0.058323082985                    -0.502832123251
  96                    -0.514716723350                    -0.502495682799
  97                     0.479053021508                    -0.490478303567
  98                     0.022659381143                    -0.490141863115
  99                    -0.433734259221                    -0.489805422664
 100                    -0.829647301425                    -0.481034734603
 101                     0.831129056624                    -0.478470011487
 102                     0.560035485636                    -0.477788043431
 103                     0.103641845272                    -0.477451602980
 104                    -0.352751795093                    -0.477115162528
 105                    -0.748435893321                    -0.469903275023
 106                     0.641017949765                    -0.465097783296
 107                     0.184624309400                    -0.464761342844
 108                    -0.271769330964                    -0.464424902393
 109                     0.722765997382                    -0.459059661946
 110                     0.265606773529                    -0.452071082709
 111                    -0.190786866836                    -0.451734642258
 112                    -0.647180507200                    -0.451398201806
 113                     0.346589237657                    -0.439380822574
 114                    -0.109804402707                    -0.439044382122
 115                    -0.566198043072                    -0.438707941671
 116                     0.427571701786                    -0.426690562438
 117                    -0.028821938579                    -0.426354121987
 118                    -0.485215578943                    -0.426017681535
 119                     0.508554165914                    -0.414000302303
 120                     0.052160525550                    -0.413663861851
 121                    -0.404233114815                    -0.413327421400
 122                    -0.867695045803                    -0.408429147033
 123                     0.787017083097                    -0.408157793777
 124                     0.868952371651                    -0.405747256871
 125                     0.589536630043                    -0.401310042167
 126                     0.133142989678                    -0.400973601716
 127                    -0.323250650686                    -0.400637161265
 128                    -0.786483637699                    -0.397297687453
 129                    -0.704056101423                    -0.391610806545
 130                     0.677250706091                    -0.390886643402
 131                     0.214125453807                    -0.388283341581
 132                    -0.242268186558                    -0.387946901129
 133                     0.295107917935                    -0.375593081445
 134                    -0.161285722429                    -0.375256640994
 135                    -0.617679362794                    -0.374920200542
 136                     0.376090382064                    -0.362902821310
 137                    -0.080303258301                    -0.362566380858
 138                    -0.536696898665                    -0.362229940407
 139                     0.457072846192                    -0.350212561174
 140                     0.000679205828                    -0.349876120723
 141                    -0.455714434537                    -0.349539680271
 142                     0.538055310321                    -0.337522301039
 143                     0.081661669956                    -0.337185860587
 144                    -0.374731970408                    -0.336849420136
 145                     0.900427302243                    -0.330060197589
 146                    -0.844777607176                    -0.329727220720
 147                     0.780736442261                    -0.326428021055
 148                     0.619037774449                    -0.324832040903
 149                     0.162644134085                    -0.324495600452
 150                    -0.293749506280                    -0.324159160001
 151                    -0.750143146644                    -0.323822719548
 152                     0.700020238578                    -0.312141780768
 153                     0.243626598213                    -0.311805340316
 154                    -0.212767042151                    -0.311468899865
 155                    -0.669160682516                    -0.311132459413
 156                     0.324609062341                    -0.299115080181
 157                    -0.131784578023                    -0.298778639730
 158                    -0.588178218387                    -0.298442199278
 159                    -0.914950060754                    -0.287359438652
 160                     0.405591526470                    -0.286424820046
 161                    -0.050802113894                    -0.286088379594
 162                    -0.507195754259                    -0.285751939143
 163                     0.486573990599                    -0.273734559910
 164                     0.030180350234                    -0.273398119459
 165                    -0.426213290131                    -0.273061679007
 166                     0.842280058299                    -0.272283902966
 167                     0.567556454727                    -0.261044299775
 168                     0.111162814362                    -0.260707859323
 169                    -0.345230826002                    -0.260371418872
 170                    -0.801624466366                    -0.260034978420
 171                     0.925323899134                    -0.251961787478
 172                     0.648538918856                    -0.248354039639
 173                     0.192145278491                    -0.248017599188
 174                    -0.264248361873                    -0.247681158737
 175                    -0.720642002238                    -0.247344718284
 176                     0.755305163329                    -0.241947202132
 177                     0.273127742619                    -0.235327339053
 178                    -0.183265897745                    -0.234990898601
 179                    -0.639659538109                    -0.234654458149
 180                     0.354110206748                    -0.222637078917
 181                    -0.102283433617                    -0.222300638466
 182                    -0.558677073981                    -0.221964198014
 183                     0.435092670876                    -0.209946818782
 184                    -0.021300969488                    -0.209610378330
 185                    -0.477694609852                    -0.209273937879
 186                    -0.936147140876                    -0.208176826969
 187                    -0.854849373279                    -0.197694690621
 188                     0.516075135005                    -0.197256558646
 189                     0.059681494640                    -0.196920118195
 190                    -0.396712145724                    -0.196583677743
 191                     0.833446560388                    -0.190790519717
 192                     0.597057599133                    -0.184566298511
 193                     0.140663958769                    -0.184229858059
 194                    -0.315729681595                    -0.183893417608
 195                    -0.772123321960                    -0.183556977156
 196                     0.943460272989                    -0.172022597202
 197                     0.678040063262                    -0.171876038374
 198                     0.221646422897                    -0.171539597924
 199                    -0.234747217467                    -0.171203157473
 200                    -0.691140857831                    -0.170866717020
 201                     0.302628887026                    -0.158849337788
 202                    -0.153764753339                    -0.158512897337
 203                    -0.610158393703                    -0.158176456885
 204                     0.758682864862                    -0.157181115827
 205                     0.383611351154                    -0.146159077653
 206                    -0.072782289210                    -0.145822637202
 207                    -0.529175929574                    -0.145486196750
 208                     0.464593815283                    -0.133468817518
 209                     0.008200174918                    -0.133132377066
 210                    -0.448193465446                    -0.132795936615
 211                    -0.904576053440                    -0.132529826785
 212                     0.878355866439                    -0.122216789845
 213                     0.545576279411                    -0.120778557382
 214                     0.089182639047                    -0.120442116931
 215                    -0.367211001317                    -0.120105676479
 216                    -0.823604641682                    -0.119769236027
 217                     0.626749770567                    -0.107934495754
 218                     0.170165103175                    -0.107751856795
 219                    -0.286228537189                    -0.107415416344
 220                    -0.742622177553                    -0.107078975892
 221                     0.251147567303                    -0.095061596660
 222                    -0.205246073061                    -0.094725156208
 223                    -0.661639713425                    -0.094388715757
 224                     0.708768960539                    -0.092159547453
 225                     0.954703923252                    -0.090826645779
 226                     0.800541189848                    -0.084747402395
 227                     0.332130031432                    -0.082371336524
 228                    -0.124263608932                    -0.082034896073
 229                    -0.580657249296                    -0.081698455621
 230                     0.413112495560                    -0.069681076389
 231                    -0.043281144804                    -0.069344635937
 232                    -0.956520601283                    -0.069118738259
 233                    -0.499674785168                    -0.069008195486
 234                     0.494094959688                    -0.056990816253
 235                     0.037701319325                    -0.056654375802
 236                    -0.418692321039                    -0.056317935351
 237                    -0.875644024048                    -0.055764369457
 238                     0.575077423817                    -0.044300556118
 239                     0.118683783453                    -0.043964115667
 240                    -0.337709856911                    -0.043627675215
 241                    -0.794103497275                    -0.043291234763
 242                     0.889599516703                    -0.041020838423
 243                     0.199666247582                    -0.031273855531
 244                    -0.256727392783                    -0.030937415080
 245                    -0.713121033147                    -0.030600974628
 246                     0.655730252379                    -0.029660766382
 247                     0.280648711710                    -0.018583595396
 248                    -0.175744928654                    -0.018247154944
 249                    -0.632138569018                    -0.017910714492
 250                     0.736375138572                    -0.014977288267
 251                     0.361631175838                    -0.005893335260
 252                    -0.094762464526                    -0.005556894809
 253                    -0.551156104890                    -0.005220454357
 254                     0.817357602699                    -0.002287028131
 255                     0.959011153630                     0.002582221765
 256                     0.442613639967                     0.006796924876
 257                    -0.013780000397                     0.007133365327
 258                    -0.470173640761                     0.007469805778
 259                    -0.958928983330                     0.012816613662
 260                     0.523596104095                     0.019487185011
 261                     0.067202463731                     0.019823625462
 262                    -0.389191176633                     0.020160065913
 263                    -0.845584816997                     0.020496506366
 264                     0.148184927860                     0.032513885598
 265                    -0.308208712505                     0.032850326049
 266                    -0.764602352869                     0.033186766501
 267                     0.604248932657                     0.034126974747
 268                     0.886769239627                     0.041316032056
 269                     0.229167391988                     0.045204145733
 270                    -0.227226248376                     0.045540586184
 271                    -0.683619888740                     0.045877026636
 272                     0.684893818850                     0.048810452862
 273                     0.310149856116                     0.057894405869
 274                    -0.146243784248                     0.058230846320
 275                    -0.602637424612                     0.058567286771
 276                     0.765876282979                     0.061500712998
 277                     0.391132320245                     0.070584666004
 278                    -0.065261320119                     0.070921106455
 279                    -0.521654960483                     0.071257546907
 280                    -0.906252150157                     0.075620701470
 281                     0.472114784373                     0.083274926140
 282                     0.015721144009                     0.083611366591
 283                    -0.440672496355                     0.083947807042
 284                     0.955096665015                     0.086599198226
 285                     0.096703608138                     0.096301626726
 286                    -0.359690032227                     0.096638067178
 287                    -0.816083672591                     0.096974507630
 288                     0.552767612936                     0.097914715876
 289                     0.177686072266                     0.108991886862
 290                    -0.278707568098                     0.109328327313
 291                    -0.735154808934                     0.110010911358
 292                     0.633412499128                     0.112598193991
 293                     0.258668536394                     0.121682146997
 294                    -0.197725103970                     0.122018587449
 295                    -0.654118744334                     0.122355027900
 296                     0.875885161101                     0.122560964410
 297                     0.714394963257                     0.125288454127
 298                     0.339651000523                     0.134372407133
 299                    -0.116742639841                     0.134708847584
 300                    -0.573136280205                     0.135045288035
 301                     0.795377427385                     0.137978714262
 302                    -0.947791808638                     0.146286527524
 303                     0.420633464651                     0.147062667269
 304                    -0.035760175713                     0.147399107720
 305                    -0.492153816077                     0.147735548171
 306                     0.045222288416                     0.160089367855
 307                    -0.411171351948                     0.160425808307
 308                    -0.867167250671                     0.161081217490
 309                     0.501286293213                     0.161702457005
 310                     0.944212586490                     0.167844130580
 311                     0.126204752544                     0.172779627991
 312                    -0.330188887820                     0.173116068442
 313                     0.581931179406                     0.176385935120
 314                    -0.786653457662                     0.176467293463
 315                     0.207187216673                     0.185469888126
 316                    -0.249206423691                     0.185806328578
 317                    -0.705286110433                     0.186394881469
 318                     0.662913643535                     0.189076195256
 319                     0.288169680801                     0.198160148262
 320                    -0.168223959563                     0.198496588713
 321                    -0.624303646305                     0.199085141604
 322                     0.743896107663                     0.201766455391
 323                     0.849056212056                     0.201969423297
 324                     0.369152144929                     0.210850408398
 325                    -0.087241495434                     0.211186848849
 326                    -0.543321182176                     0.211775401738
 327                    -0.006259031306                     0.223877108984
 328                    -0.462338718048                     0.224465661875
 329                     0.449804973492                     0.225490198134
 330                    -0.931837365106                     0.226689624045
 331                     0.074723432822                     0.236567369120
 332                    -0.381356253920                     0.237155922010
 333                     0.530449859684                     0.240173676249
 334                    -0.851212807138                     0.241484314011
 335                     0.926430288127                     0.247862828792
 336                     0.155705896951                     0.249257629255
 337                    -0.300373789791                     0.249846182146
 338                     0.611432323813                     0.252863936384
 339                    -0.770699014129                     0.256870389984
 340                     0.236688361079                     0.261947889391
 341                    -0.219391325663                     0.262536442281
 342                     0.692414787941                     0.265554196519
 343                    -0.689331666900                     0.266797977990
 344                     0.317670825208                     0.274638149527
 345                    -0.138408861534                     0.275226702417
 346                    -0.594802501898                     0.275563142867
 347                     0.773397252070                     0.278244456655
 348                     0.854815631237                     0.287744442566
 349                    -0.057426397406                     0.287916962552
 350                    -0.513820037770                     0.288253403004
 351                     0.398323653770                     0.289277939263
 352                     0.023556066723                     0.300607222688
 353                    -0.432837573641                     0.300943663139
 354                     0.478968539963                     0.303961417378
 355                    -0.909075112517                     0.305436573546
 356                     0.104538530851                     0.313297482823
 357                    -0.351855109513                     0.313633923275
 358                     0.559951004091                     0.316651677513
 359                    -0.828450554549                     0.320231263512
 360                     0.185520994979                     0.325987742959
 361                    -0.270872645384                     0.326324183410
 362                     0.640933468220                     0.329341937649
 363                    -0.740341002486                     0.333012318825
 364                    -0.648237256244                     0.337723654662
 365                     0.266503459108                     0.338678003095
 366                    -0.189890181256                     0.339014443546
 367                     0.721915932348                     0.342032197784
 368                    -0.108907717128                     0.351704703681
 369                    -0.565301357492                     0.352041144132
 370                     0.347156287670                     0.353317792831
 371                     0.805879212519                     0.353504834304
 372                     0.887735858102                     0.362814149251
 373                    -0.027925252999                     0.364394963816
 374                    -0.484318893364                     0.364731404268
 375                     0.427801173863                     0.368001270946
 376                     0.053057211129                     0.377085223952
 377                    -0.403336429235                     0.377421664403
 378                     0.508783637991                     0.380691531081
 379                    -0.877255451773                     0.386958333608
 380                     0.134039675258                     0.389775484088
 381                    -0.322353965107                     0.390111924539
 382                     0.589766102120                     0.393381791217
 383                    -0.794276720767                     0.394738654308
 384                     0.215022139386                     0.402465744223
 385                    -0.241371500978                     0.402802184674
 386                    -0.697751246701                     0.403050272113
 387                     0.672964390943                     0.407922999737
 388                    -0.160389036850                     0.415492444810
 389                    -0.616782677214                     0.415828885261
 390                     0.295674967948                     0.417105533960
 391                     0.754397892798                     0.417292575434
 392                    -0.079406572721                     0.428182704945
 393                    -0.535800213086                     0.428519145396
 394                     0.838799439384                     0.428574540990
 395                     0.376319854141                     0.431789012074
 396                     0.001575891407                     0.440872965080
 397                    -0.454817748957                     0.441209405532
 398                     0.457302318270                     0.444479272210
 399                     0.082558355535                     0.453563225217
 400                    -0.373835284829                     0.453899665667
 401                     0.538284782398                     0.457169532345
 402                    -0.839953523918                     0.462803563421
 403                    -0.751686964981                     0.464776607596
 404                     0.163540819664                     0.466253485352
 405                    -0.292852820700                     0.466589925803
 406                     0.619267246527                     0.469859792480
 407                    -0.211870356572                     0.479280185938
 408                    -0.668960723257                     0.479798840958
 409                     0.244193648226                     0.480893275088
 410                    -0.130887892443                     0.491970446074
 411                    -0.587281532808                     0.492306886525
 412                     0.324838534419                     0.495576753203
 413                     0.732875503138                     0.496387385263
 414                    -0.049905428315                     0.504660706209
 415                    -0.506299068679                     0.504997146660
 416                     0.814186940716                     0.506762948749
 417                     0.405820998547                     0.508267013339
 418                     0.031077035813                     0.517350966345
 419                    -0.425316604551                     0.517687406796
 420                     0.486803462676                     0.520957273474
 421                     0.112059499942                     0.530041226481
 422                    -0.344334140422                     0.530377666931
 423                    -0.797363768132                     0.532841516709
 424                     0.575255093035                     0.539012856332
 425                     0.662976412035                     0.539204662869
 426                    -0.263351676294                     0.543067927067
 427                     0.192712328504                     0.544681016217
 428                    -0.182369212166                     0.555758187202
 429                    -0.638541327612                     0.556272780838
 430                     0.273357214697                     0.559364494332
 431                    -0.720376414574                     0.560986668881
 432                    -0.101386748037                     0.568448447338
 433                    -0.557558863483                     0.568963040973
 434                     0.354339678825                     0.572054754467
 435                     0.767937359473                     0.574439964297
 436                    -0.020404283909                     0.581138707474
 437                    -0.476576399355                     0.581653301109
 438                     0.435322142954                     0.584745014602
 439                     0.060578180220                     0.593828967609
 440                    -0.395593935226                     0.594343561245
 441                     0.516304607082                     0.597435274738
 442                    -0.314611471098                     0.607033821380
 443                     0.141231008782                     0.608468757346
 444                     0.636847767038                     0.616899554009
 445                    -0.233629006970                     0.619724081515
 446                     0.221875894975                     0.623152235460
 447                    -0.152646542841                     0.632414341651
 448                    -0.609040183205                     0.632750782102
 449                     0.302858359103                     0.635842495596
 450                     0.716077388364                     0.637920241511
 451                    -0.711950167024                     0.642523167155
 452                    -0.071664078713                     0.645104601787
 453                    -0.528165755164                     0.646112517582
 454                     0.383840823232                     0.648532755731
 455                     0.009318385415                     0.657794861922
 456                    -0.447075254949                     0.658131302373
 457                     0.567857026768                     0.661165567559
 458                     0.464823287360                     0.661223015866
 459                    -0.366092790820                     0.670821562509
 460                     0.089971213978                     0.672434651659
 461                    -0.285110326692                     0.683511822644
 462                     0.170616100171                     0.687118129773
 463                    -0.204127862563                     0.696202082779
 464                     0.657382153149                     0.698109423394
 465                     0.251598564299                     0.699808389909
 466                    -0.654480689823                     0.700973670907
 467                     0.332581028428                     0.712498650044
 468                    -0.498018721105                     0.722349410836
 469                    -0.044715158310                     0.722518798726
 470                    -0.126684072790                     0.723065843203
 471                     0.516375707046                     0.724953308688
 472                     0.416206984938                     0.729054017627
 473                    -0.579230389582                     0.733478970661
 474                     0.036267305818                     0.735209058862
 475                    -0.418373310775                     0.741735251339
 476                    -0.336591646414                     0.747299563773
 477                     0.116920134381                     0.749848848598
 478                     0.594617867109                     0.751158953453
 479                    -0.255609182285                     0.759989823908
 480                     0.197565020573                     0.764532326713
 481                     0.278547484702                     0.777222586848
 482                    -0.178165392512                     0.786853584332
 483                     0.359529948830                     0.789912846983
 484                    -0.530166904933                     0.799144613678
 485                    -0.017067173847                     0.799686092016
 486                     0.518284188293                     0.806901828491
 487                    -0.098710443755                     0.807005837724
 488                     0.063915290282                     0.812376352152
 489                    -0.382301314516                     0.815342406457
 490                     0.436926876468                     0.816911324548
 491                     0.144560176475                     0.827059830266
 492                    -0.300724157599                     0.828428418290
 493                    -0.459986644944                     0.841499463535
 494                     0.223321829621                     0.849771153264
 495                     0.305140631983                     0.854759718058
 496                    -0.223280367826                     0.855292178714
 497                    -0.143825419070                     0.875444432106
 498                     0.383437532834                     0.879024868289
 499                     0.019829388803                     0.881482325044
 500                    -0.062137748739                     0.882250805195
 501                    -0.352726640939                     0.891792003456
 502                     0.109131461815                     0.900978761375
 503                    -0.275282851166                     0.918655763881
 504                     0.259911006961                     0.923122597014
 505                    -0.195827902409                     0.938808017272
 506                     0.180130761033                     0.941945842173
 507                    -0.114828631397                     0.952115113736
 508                     0.049966168779                     0.957712087547
 509                    -0.032000968763                     0.958480567698
