   1                     0.010492289013                    -0.959664276261
   2                    -0.070602709968                    -0.957095060159
   3                     0.090936275972                    -0.955403686916
   4                    -0.159704805916                    -0.946340312059
   5                     0.234376173321                    -0.930662893125
   6                    -0.241880017742                    -0.928740904815
   7                     0.156786375180                    -0.909001616987
   8                     0.311599309070                    -0.907728749047
   9                    -0.318915534288                    -0.905184231662
  10                    -0.026728629895                    -0.888222055865
  11                    -0.107229400071                    -0.885219779986
  12                     0.053715357064                    -0.883961466520
  13                     0.386627065156                    -0.878399182461
  14                    -0.393704124547                    -0.875250063453
  15                    -0.186399036461                    -0.870335011487
  16                    -0.263434553006                    -0.846778338334
  17                     0.260799161196                    -0.845208891119
  18                     0.458930831903                    -0.842880835462
  19                     0.181289638717                    -0.832261941880
  20                     0.101780116238                    -0.819314992640
  21                    -0.500919448586                    -0.818624039036
  22                    -0.338223143266                    -0.816844170124
  23                    -0.057928307506                    -0.813952494291
  24                     0.022270593759                    -0.806368043401
  25                    -0.138079433894                    -0.805878796370
  26                    -0.422537921772                    -0.800030386526
  27                     0.393233104969                    -0.796263281524
  28                     0.313563943353                    -0.784337999690
  29                    -0.215114950439                    -0.782322123217
  30                     0.509458926949                    -0.780140901844
  31                    -0.567807628911                    -0.773731289150
  32                     0.234465813946                    -0.769077803632
  33                     0.587220187758                    -0.759103459582
  34                     0.154956291467                    -0.756130854392
  35                    -0.289903540699                    -0.752387955008
  36                     0.075446768988                    -0.743183905153
  37                    -0.369417687836                    -0.739469438663
  38                    -0.084261654756                    -0.737821406803
  39                    -0.475942280324                    -0.736663063906
  40                     0.444429830253                    -0.732595089807
  41                    -0.004062753491                    -0.730236955913
  42                    -0.630695308321                    -0.723387198754
  43                     0.364723606576                    -0.720920092311
  44                    -0.163016765640                    -0.720879737196
  45                     0.285432962129                    -0.706694011942
  46                    -0.551240232599                    -0.694896594765
  47                     0.205923439650                    -0.693747062702
  48                     0.665499144859                    -0.691503072626
  49                    -0.237805355899                    -0.690945568986
  50                     0.126413917171                    -0.680800113463
  51                     0.585989622380                    -0.678556123386
  52                    -0.318472850934                    -0.677067425455
  53                     0.500148518616                    -0.671957436160
  54                    -0.689139410313                    -0.667946468224
  55                     0.046904394692                    -0.667853164223
  56                    -0.400595713307                    -0.665190785019
  57                    -0.113115458409                    -0.657640135710
  58                    -0.480638446133                    -0.656105160049
  59                     0.419629756866                    -0.655950820488
  60                    -0.032605127787                    -0.654906214984
  61                     0.339912192489                    -0.644223108262
  62                    -0.612629288369                    -0.642735579714
  63                     0.721146722073                    -0.633255885486
  64                     0.260610711908                    -0.630056922009
  65                    -0.187904048669                    -0.627705967501
  66                     0.181101189429                    -0.617109972769
  67                     0.636956770563                    -0.616172331697
  68                    -0.267413571148                    -0.614759018261
  69                    -0.742728165705                    -0.607799706424
  70                     0.550120768846                    -0.606425595830
  71                     0.101591666950                    -0.604163023530
  72                    -0.349650876405                    -0.602788771810
  73                     0.470596905048                    -0.593567028799
  74                     0.022082144472                    -0.591216074290
  75                    -0.429165023542                    -0.589870255466
  76                    -0.666825528101                    -0.580814946571
  77                    -0.509207756368                    -0.580784630496
  78                     0.391087382569                    -0.580620079559
  79                    -0.057427378007                    -0.578269125051
  80                     0.772436865095                    -0.569390762498
  81                     0.311577860091                    -0.567673130319
  82                    -0.136936900486                    -0.565322175811
  83                    -0.588019852323                    -0.564110063317
  84                     0.692604347777                    -0.557925144557
  85                     0.232068337612                    -0.554726181080
  86                    -0.216446422965                    -0.552375226571
  87                     0.601087917029                    -0.544041804141
  88                    -0.791084013761                    -0.543370678663
  89                     0.152558815133                    -0.541779231840
  90                    -0.297759568382                    -0.540136361649
  91                     0.521578394550                    -0.531094854901
  92                     0.073049292654                    -0.528832282601
  93                    -0.378220186640                    -0.527468242257
  94                     0.442054530752                    -0.518236287869
  95                    -0.006460229825                    -0.515885333361
  96                    -0.457729709120                    -0.514521293024
  97                    -0.695559204216                    -0.505556966819
  98                     0.362545008273                    -0.505289338630
  99                    -0.085969752304                    -0.502938384121
 100                    -0.537239231597                    -0.501574343779
 101                     0.818818984786                    -0.500600720548
 102                     0.283035485794                    -0.492342389390
 103                     0.738735158573                    -0.491884733030
 104                    -0.165479274783                    -0.489991434882
 105                    -0.616771469061                    -0.488767671165
 106                     0.656736463729                    -0.485794134905
 107                     0.203525963315                    -0.479395440150
 108                    -0.244988834703                    -0.477044499829
 109                     0.572545542732                    -0.468711063211
 110                    -0.766161349371                    -0.466766184937
 111                     0.124016440836                    -0.466448490911
 112                    -0.324506832710                    -0.464149708147
 113                     0.493036020253                    -0.455764113972
 114                    -0.845664600176                    -0.453780778867
 115                     0.044506918358                    -0.453501541671
 116                    -0.404007842219                    -0.451150587163
 117                     0.413512156455                    -0.442905546940
 118                    -0.035002604121                    -0.440554592432
 119                    -0.483517364699                    -0.438203637930
 120                     0.334002633977                    -0.429958597700
 121                    -0.114512126600                    -0.427607643192
 122                    -0.563026887177                    -0.425256688684
 123                     0.802266032040                    -0.421762992177
 124                     0.702949542057                    -0.419712873486
 125                     0.254493111498                    -0.417011648461
 126                    -0.194021649079                    -0.414660693952
 127                    -0.642559393656                    -0.412450106970
 128                     0.623512690914                    -0.406327271522
 129                     0.174983589019                    -0.404064699221
 130                    -0.273531171558                    -0.401713744713
 131                    -0.722045932134                    -0.399362790204
 132                     0.544003168436                    -0.393380322282
 133                     0.095474066540                    -0.391117749982
 134                     0.876593988730                    -0.390702687708
 135                    -0.353040694037                    -0.388766795473
 136                    -0.801807777159                    -0.386208841391
 137                     0.464493645957                    -0.380433373042
 138                     0.015964544061                    -0.378170800742
 139                    -0.882295142405                    -0.377651814439
 140                    -0.432550216516                    -0.375819846234
 141                     0.384969782159                    -0.367574806011
 142                    -0.063544978418                    -0.365223851503
 143                    -0.512059738995                    -0.362872896995
 144                     0.753916690240                    -0.357329081796
 145                     0.305460259680                    -0.354627856771
 146                    -0.143054500897                    -0.352276902263
 147                    -0.591569261473                    -0.349925947755
 148                     0.674479839097                    -0.343943479832
 149                     0.225950737201                    -0.341680907532
 150                    -0.222564023375                    -0.339329953023
 151                    -0.671078783952                    -0.336978998515
 152                     0.594970316618                    -0.330996530592
 153                     0.146441214722                    -0.328733958292
 154                    -0.302073545854                    -0.326383003784
 155                     0.828244646930                    -0.326268777327
 156                    -0.750588306431                    -0.324032049275
 157                     0.515460794139                    -0.318049581353
 158                     0.066931692244                    -0.315787009052
 159                    -0.381583068333                    -0.313436054544
 160                    -0.834687798040                    -0.312667751608
 161                     0.907549368110                    -0.312121379759
 162                     0.435951271660                    -0.305102632113
 163                    -0.012577830235                    -0.302840059813
 164                    -0.461092590812                    -0.300489105305
 165                    -0.913272952421                    -0.294954446714
 166                     0.356427407863                    -0.292244065081
 167                    -0.092087352714                    -0.289893110573
 168                    -0.540602113291                    -0.287542156065
 169                     0.725790536019                    -0.281841949725
 170                     0.276917885384                    -0.279297115842
 171                    -0.171596875193                    -0.276946161334
 172                    -0.620111635770                    -0.274595206825
 173                     0.645937464801                    -0.268612738903
 174                     0.197408362905                    -0.266350166602
 175                    -0.251106397672                    -0.263999212094
 176                    -0.699621158249                    -0.261648257585
 177                     0.566427942322                    -0.255665789663
 178                     0.117898840426                    -0.253403217363
 179                    -0.330615920151                    -0.251052262854
 180                     0.851223205677                    -0.249058845989
 181                    -0.779130680728                    -0.248701308346
 182                     0.486918419843                    -0.242718840424
 183                     0.038389317947                    -0.240456268123
 184                    -0.410125442630                    -0.238105313615
 185                    -0.858640203206                    -0.235754359106
 186                     0.930527926857                    -0.234911448420
 187                     0.407408897364                    -0.229771891184
 188                    -0.041120204532                    -0.227509318884
 189                    -0.489634965108                    -0.225158364375
 190                     0.776414135462                    -0.219175896453
 191                     0.327885033566                    -0.216913324152
 192                    -0.120629727011                    -0.214562369644
 193                    -0.935843043835                    -0.212751988395
 194                    -0.569144487587                    -0.212211415136
 195                     0.696904612983                    -0.206228947213
 196                     0.248375511087                    -0.203966374913
 197                    -0.200139249489                    -0.201615420404
 198                    -0.648654010066                    -0.199264465896
 199                     0.617395090504                    -0.193281997973
 200                     0.168865988609                    -0.191019425673
 201                    -0.279648771968                    -0.188668471165
 202                    -0.728163532545                    -0.186317516656
 203                     0.537885568025                    -0.180335048734
 204                     0.089356466130                    -0.178072476434
 205                    -0.359158294447                    -0.175721521925
 206                    -0.807673055024                    -0.173370567417
 207                     0.841050247086                    -0.169066378202
 208                     0.458376045546                    -0.167388099494
 209                     0.009846943651                    -0.165125527194
 210                    -0.438667816926                    -0.162774572686
 211                     0.378866523068                    -0.154441150255
 212                     0.933203118223                    -0.154399144947
 213                    -0.069662578828                    -0.152178577954
 214                    -0.884875895652                    -0.150368196705
 215                    -0.518177339405                    -0.149827623446
 216                     0.747871761165                    -0.143845155523
 217                     0.299342659270                    -0.141582583223
 218                    -0.149172101307                    -0.139231628715
 219                    -0.597686861884                    -0.136880674206
 220                     0.668362238687                    -0.130898206284
 221                     0.219833136791                    -0.128635633983
 222                    -0.228681623786                    -0.126284679475
 223                    -0.677196384363                    -0.123933724967
 224                     0.588852716208                    -0.117951257044
 225                     0.140323614312                    -0.115688684744
 226                    -0.308191146265                    -0.113337730236
 227                    -0.756705906842                    -0.110986775727
 228                    -0.953589005076                    -0.108321838328
 229                     0.509343193729                    -0.105004307805
 230                     0.060814091833                    -0.102741735504
 231                    -0.387700668744                    -0.100390780996
 232                     0.878146417410                    -0.095593130331
 233                     0.429833671250                    -0.092057358565
 234                    -0.018695430646                    -0.089794786265
 235                    -0.467210191223                    -0.087443831756
 236                     0.798838909348                    -0.081461363834
 237                     0.350324148771                    -0.079110409325
 238                     0.956602270370                    -0.077315636086
 239                    -0.098204953125                    -0.076847837025
 240                    -0.855296348679                    -0.075438642721
 241                    -0.546719713701                    -0.074496882517
 242                     0.719329386869                    -0.068514414594
 243                     0.270800284973                    -0.066251842294
 244                    -0.177714475603                    -0.063900887785
 245                    -0.626229236180                    -0.061549933277
 246                     0.639819864390                    -0.055567465355
 247                     0.191290762494                    -0.053304893054
 248                    -0.257223998082                    -0.050953938546
 249                    -0.705738758659                    -0.048602984037
 250                     0.560310341911                    -0.042620516115
 251                     0.111781240016                    -0.040357943815
 252                    -0.336733520561                    -0.038006989306
 253                    -0.785248281138                    -0.035656034798
 254                     0.480800819432                    -0.029673566875
 255                    -0.959314003823                    -0.027968792034
 256                     0.032271717537                    -0.027410994575
 257                    -0.416243043040                    -0.025060040067
 258                     0.401291296953                    -0.016726617636
 259                     0.859524971398                    -0.016425589998
 260                    -0.047237804942                    -0.014464045335
 261                    -0.495752565519                    -0.012113090827
 262                     0.770296535051                    -0.006130622904
 263                     0.321781774475                    -0.003779668396
 264                    -0.126747327421                    -0.001517096096
 265                    -0.883742050925                    -0.000071344221
 266                    -0.575262087998                     0.000833858413
 267                     0.959716360819                     0.003180886199
 268                     0.690787012573                     0.006816326335
 269                     0.242257910677                     0.009078898636
 270                    -0.206256849900                     0.011429853144
 271                    -0.654771610477                     0.013780807652
 272                     0.611277490094                     0.019763275575
 273                     0.162748388198                     0.022025847875
 274                    -0.285766372379                     0.024376802383
 275                    -0.734281132956                     0.026727756892
 276                     0.531767967615                     0.032710224814
 277                     0.083238865719                     0.034972797115
 278                    -0.365275894858                     0.037323751623
 279                    -0.813764391163                     0.039834981013
 280                     0.452258445136                     0.045657174054
 281                     0.003729343240                     0.047919746354
 282                    -0.444785417337                     0.050270700863
 283                    -0.958280135036                     0.052581308989
 284                     0.821263683234                     0.056253168785
 285                     0.372748922657                     0.058604123293
 286                     0.901768666430                     0.059140267669
 287                    -0.075780179239                     0.060866695594
 288                    -0.524294939815                     0.063217650102
 289                     0.741754160755                     0.069200118025
 290                     0.293239400178                     0.071551072533
 291                    -0.155289701717                     0.073813644833
 292                    -0.603804462294                     0.076164599342
 293                    -0.882943966850                     0.081109355232
 294                     0.662244638276                     0.082147067265
 295                     0.213715536380                     0.084409639565
 296                    -0.234799224196                     0.086760594073
 297                    -0.683313984773                     0.089111548581
 298                     0.582735115797                     0.095094016504
 299                     0.134206013902                     0.097356588804
 300                    -0.314308746675                     0.099707543313
 301                    -0.767223114539                     0.105586766005
 302                     0.503225593318                     0.108040965744
 303                     0.054696491423                     0.110303538044
 304                    -0.393818269154                     0.112654492552
 305                     0.423716070839                     0.120987914983
 306                     0.951911540691                     0.122188501746
 307                    -0.024813031056                     0.123250487284
 308                    -0.473327791633                     0.125601441792
 309                     0.792721308937                     0.131583909715
 310                    -0.950494682858                     0.132760947263
 311                     0.344206548361                     0.133934864223
 312                    -0.104322553535                     0.136197436523
 313                     0.872993172931                     0.138352625277
 314                    -0.552837314112                     0.138548391032
 315                     0.713211786458                     0.144530858954
 316                     0.264697025882                     0.146881813462
 317                    -0.183832076014                     0.149144385763
 318                    -0.632441153099                     0.151572438873
 319                     0.633702263980                     0.157477808194
 320                     0.185173162084                     0.159740380494
 321                    -0.873563437537                     0.161118063066
 322                    -0.263341598493                     0.162091335002
 323                    -0.712114379795                     0.164344020999
 324                     0.554192741501                     0.170424757433
 325                     0.105663639605                     0.172687329734
 326                    -0.342851120972                     0.175038284242
 327                    -0.795479190839                     0.181025362304
 328                     0.474683219022                     0.183371706673
 329                     0.026154117126                     0.185634278973
 330                    -0.422360643450                     0.187985233481
 331                     0.395173696543                     0.196318655912
 332                    -0.053355405353                     0.198581228213
 333                    -0.501870165930                     0.200932182721
 334                     0.938311010311                     0.201588836965
 335                     0.315664174064                     0.209265605152
 336                    -0.132864927831                     0.211528177452
 337                    -0.936012499861                     0.212005215416
 338                     0.777726550612                     0.213279389643
 339                    -0.581379688408                     0.213879131961
 340                     0.859392642551                     0.217752960495
 341                     0.684669412163                     0.219861599884
 342                     0.236154651585                     0.222212554392
 343                    -0.212374450310                     0.224475126692
 344                    -0.660640718678                     0.228269293185
 345                     0.605159889684                     0.232808549123
 346                     0.156630787788                     0.235071121423
 347                    -0.291883972789                     0.237422075932
 348                    -0.852486558254                     0.238868643894
 349                    -0.740370456086                     0.239782617301
 350                     0.525650367205                     0.245755498363
 351                     0.077121265309                     0.248018070663
 352                    -0.371393495268                     0.250369025171
 353                     0.446140844726                     0.258702447602
 354                    -0.002388257170                     0.260965019902
 355                    -0.450903017747                     0.263315974411
 356                     0.366631322247                     0.271649396842
 357                    -0.081897779649                     0.273911969142
 358                    -0.532719285331                     0.278078453077
 359                     0.918099589440                     0.279568873678
 360                     0.735636560345                     0.282245391573
 361                     0.287121799768                     0.284596346081
 362                     0.816119189263                     0.285699968523
 363                    -0.161407302128                     0.286858918382
 364                    -0.914935620578                     0.289755796244
 365                    -0.611980315600                     0.292468614301
 366                     0.656127037866                     0.295192340813
 367                    -0.796900089828                     0.297174151244
 368                     0.207612277289                     0.297543295321
 369                    -0.240916824607                     0.299805867621
 370                    -0.692427027301                     0.304731118117
 371                     0.576617515387                     0.308139290052
 372                     0.128088413491                     0.310401862353
 373                    -0.320426347086                     0.312752816861
 374                     0.497107992908                     0.321086239292
 375                     0.048578891013                     0.323348811592
 376                    -0.399935869564                     0.325699766100
 377                     0.417598470430                     0.334033188532
 378                    -0.030930631466                     0.336295760832
 379                    -0.479558463823                     0.338603776010
 380                     0.338088947951                     0.346980137771
 381                    -0.110440153945                     0.349242710071
 382                     0.891419678081                     0.355579201853
 383                    -0.567377021385                     0.359550160233
 384                     0.258579425472                     0.359927087011
 385                     0.712914255976                     0.359931991532
 386                    -0.189949676424                     0.362189659311
 387                    -0.887412542617                     0.365464896351
 388                     0.811556523644                     0.366127387616
 389                     0.627584663570                     0.370523081742
 390                     0.179069902993                     0.372874036250
 391                    -0.646659775469                     0.373820148468
 392                    -0.269459198903                     0.375136608550
 393                    -0.807686741605                     0.377005447131
 394                    -0.727131631367                     0.377517183461
 395                     0.548075141091                     0.383470030982
 396                     0.099546039195                     0.385732603282
 397                    -0.348968721382                     0.388083557790
 398                     0.468565618612                     0.396416980221
 399                     0.020036516716                     0.398679552522
 400                    -0.428478243861                     0.401030507029
 401                     0.389056096133                     0.409363929461
 402                    -0.059473005763                     0.411626501761
 403                    -0.507987800012                     0.413977249482
 404                     0.309546573654                     0.422310878700
 405                    -0.138982528242                     0.424573451000
 406                     0.758898294037                     0.427090479024
 407                     0.678551811752                     0.432906873432
 408                     0.856368467847                     0.433236805876
 409                     0.230037051175                     0.435257827940
 410                    -0.218492050720                     0.437520400240
 411                    -0.599617724407                     0.439214590825
 412                    -0.850040689526                     0.445529390062
 413                     0.599042289273                     0.445853822672
 414                    -0.684529203153                     0.445886919233
 415                    -0.769520240219                     0.447947013447
 416                     0.150527528696                     0.448204777179
 417                    -0.298001573200                     0.450467349480
 418                     0.519532766794                     0.458800771911
 419                     0.071003664899                     0.461063344211
 420                    -0.377511095679                     0.463414298719
 421                     0.440023244316                     0.471747721151
 422                    -0.008505857580                     0.474010293451
 423                    -0.457020618158                     0.476361247958
 424                     0.360513721837                     0.484694670390
 425                    -0.088015380059                     0.486957242690
 426                    -0.536530174309                     0.489307990411
 427                     0.281004199358                     0.497641619630
 428                    -0.167524902538                     0.499904191930
 429                     0.812863351743                     0.501041324829
 430                     0.730355919740                     0.502421219953
 431                     0.650009437456                     0.508237614361
 432                     0.201494676879                     0.510588568869
 433                    -0.636716721343                     0.510720199597
 434                    -0.247034425017                     0.512851141169
 435                    -0.725366573514                     0.515325358454
 436                     0.570499914977                     0.521184563601
 437                    -0.805688577786                     0.521470542682
 438                     0.121985154400                     0.523535518109
 439                    -0.326543947496                     0.525798090409
 440                     0.490990392498                     0.534131512840
 441                     0.042461290602                     0.536394085140
 442                    -0.406053469975                     0.538745039648
 443                     0.411480870019                     0.547078462080
 444                    -0.037048231877                     0.549341034380
 445                    -0.485562992454                     0.551691988888
 446                     0.331971347540                     0.560025411319
 447                    -0.573629171239                     0.560813599186
 448                    -0.116557754355                     0.562287983619
 449                     0.770398990335                     0.572320720357
 450                     0.252461825061                     0.572972360559
 451                    -0.196067276835                     0.575234932859
 452                    -0.677554091704                     0.580158638817
 453                     0.621388796948                     0.583632216489
 454                     0.172952302583                     0.585919309798
 455                    -0.275576799313                     0.588181882098
 456                    -0.757607600414                     0.589148822501
 457                     0.093442780104                     0.598866259038
 458                     0.542344237683                     0.599167508892
 459                    -0.355086321793                     0.601128831338
 460                     0.698172734993                     0.607996422154
 461                     0.462448018202                     0.609462253770
 462                     0.013918916306                     0.611724826070
 463                    -0.441872926859                     0.619375676639
 464                     0.382938495723                     0.622409203009
 465                    -0.522662164779                     0.623197506662
 466                    -0.065590606173                     0.624671775310
 467                    -0.614466541606                     0.630252038403
 468                     0.303428973244                     0.635356152249
 469                    -0.145100128652                     0.637618724549
 470                     0.223919450765                     0.648303101488
 471                    -0.224609651131                     0.650565673788
 472                    -0.698761643362                     0.657873678624
 473                     0.595320475192                     0.659854459045
 474                     0.144409928286                     0.661250050728
 475                    -0.304119173610                     0.663512623027
 476                     0.064900405807                     0.674196999967
 477                    -0.383628696089                     0.676459572267
 478                     0.515335317954                     0.682188369663
 479                     0.672761021065                     0.684440077578
 480                     0.433905643905                     0.684792994699
 481                    -0.014623457990                     0.687055566999
 482                    -0.563499535147                     0.692635945879
 483                    -0.482945397602                     0.693282926433
 484                     0.354396121427                     0.697739943939
 485                    -0.094132980469                     0.700002516239
 486                     0.274886598948                     0.710686893178
 487                    -0.173642502948                     0.712949465478
 488                    -0.641128385444                     0.714156848765
 489                     0.195377076469                     0.723633842418
 490                    -0.253152025427                     0.725896414718
 491                     0.115867553990                     0.736580791657
 492                     0.612991401941                     0.738449153568
 493                    -0.332661547906                     0.738843363956
 494                    -0.422786953821                     0.746858567365
 495                     0.036361961127                     0.749551850326
 496                     0.475680695209                     0.753671385708
 497                    -0.043165832286                     0.762386307928
 498                    -0.568776028438                     0.773019689745
 499                     0.325853747130                     0.773070684868
 500                    -0.122667563505                     0.775381014258
 501                     0.246344224651                     0.786017634107
 502                     0.548902938655                     0.787255470096
 503                    -0.202184877244                     0.788280206407
 504                    -0.490231291890                     0.790911364346
 505                     0.404360933246                     0.791126414916
 506                     0.167064489092                     0.800304382834
 507                    -0.371819805638                     0.809242359054
 508                    -0.284144827338                     0.811390045636
 509                     0.087348023885                     0.811920184155
 510                     0.008050741109                     0.826109215260
 511                     0.473323259129                     0.834883646760
 512                    -0.071662785935                     0.837734242818
 513                    -0.439264143707                     0.853295156035
 514                     0.323132278620                     0.853581437371
 515                     0.219476908846                     0.861961922904
 516                    -0.222313291730                     0.866281710172
 517                     0.401639464736                     0.871637167419
 518                    -0.142383088797                     0.876309188347
 519                     0.141069865262                     0.880447678930
 520                     0.060867966516                     0.888000366996
 521                    -0.361313223590                     0.889110997412
 522                    -0.041921121500                     0.912599595659
 523                    -0.285476310216                     0.916279917692
 524                     0.276262940084                     0.919099776518
 525                     0.195830232087                     0.939529739530
 526                    -0.191032241098                     0.940517035529
 527                    -0.111484088916                     0.953224479951
 528                     0.107509735621                     0.953680904709
 529                     0.023624467301                     0.959430818665
