   1                    -0.041305490749                    -0.960517955531
   2                     0.073039654226                    -0.958627193112
   3                    -0.125473275860                    -0.953182744025
   4                     0.149707762880                    -0.949678088721
   5                    -0.205516820942                    -0.939182475759
   6                     0.225884453107                    -0.934406983983
   7                    -0.280198047896                    -0.919668386114
   8                     0.305412889517                    -0.911605097276
   9                     0.015009818968                    -0.907729024443
  10                    -0.355602455080                    -0.893223253394
  11                    -0.077780478224                    -0.892491044365
  12                     0.095513598224                    -0.884782713324
  13                     0.377559821580                    -0.884165972876
  14                    -0.154187430746                    -0.881533719865
  15                     0.172181706878                    -0.875833608933
  16                     0.247782043891                    -0.860255598871
  17                    -0.296043175986                    -0.844123583052
  18                     0.461348362021                    -0.843480038485
  19                    -0.411372968994                    -0.839859078785
  20                    -0.021465168506                    -0.839702113277
  21                    -0.218987615219                    -0.839593030239
  22                    -0.487722601430                    -0.828509233815
  23                     0.317876274414                    -0.827930930252
  24                     0.053260991328                    -0.820185479912
  25                     0.129929099982                    -0.811236375521
  26                     0.392566182209                    -0.808450092807
  27                    -0.150370930313                    -0.804240011887
  28                     0.205599180175                    -0.795586141095
  29                    -0.353966599915                    -0.788258747941
  30                    -0.075681022518                    -0.784759174443
  31                     0.509432204261                    -0.783097677904
  32                    -0.558267369896                    -0.782637402558
  33                    -0.279276692120                    -0.768777910497
  34                    -0.000991114723                    -0.765278336998
  35                     0.584120911081                    -0.763612236479
  36                     0.275784769706                    -0.763228607377
  37                    -0.487631349107                    -0.751320652879
  38                    -0.204586784325                    -0.749297073053
  39                     0.075496336060                    -0.746268805213
  40                     0.350474677501                    -0.743747769932
  41                     0.427554285149                    -0.739646619009
  42                     0.152164444714                    -0.737319700821
  43                    -0.619630460897                    -0.735091136113
  44                    -0.409660549191                    -0.734784519386
  45                    -0.129896876530                    -0.729816235608
  46                    -0.333492546131                    -0.713834971662
  47                     0.644921471765                    -0.713005737508
  48                    -0.055206968735                    -0.710335398164
  49                     0.497428082420                    -0.706848176838
  50                     0.223078608662                    -0.706835824665
  51                    -0.548847757593                    -0.704303244549
  52                    -0.258802638336                    -0.694354134218
  53                     0.019482939061                    -0.690854560719
  54                     0.572116789241                    -0.687362735413
  55                     0.297768516457                    -0.687354987220
  56                    -0.676604262691                    -0.683013585642
  57                    -0.462398307938                    -0.678372870272
  58                    -0.184112730541                    -0.674873296774
  59                     0.094172846856                    -0.671373723275
  60                     0.373300670501                    -0.669147532273
  61                     0.700042013084                    -0.658970459415
  62                    -0.387708400143                    -0.658892032828
  63                    -0.109422822746                    -0.655392459329
  64                     0.168862754651                    -0.651892885830
  65                     0.447880954375                    -0.647660615167
  66                    -0.594400077807                    -0.641988948621
  67                    -0.313018492348                    -0.639411195383
  68                    -0.034732914951                    -0.635911621884
  69                     0.243552662446                    -0.632412048386
  70                     0.522608038902                    -0.628143068123
  71                    -0.518329899045                    -0.625171938486
  72                    -0.238328584553                    -0.619930357939
  73                     0.039956992844                    -0.616430784440
  74                    -0.740104654147                    -0.613633430782
  75                     0.318242570241                    -0.612931210941
  76                     0.598976969663                    -0.609109317617
  77                    -0.663201802824                    -0.606997406946
  78                    -0.441924254154                    -0.603949093993
  79                    -0.163638676757                    -0.600449520494
  80                     0.750936044483                    -0.600329862292
  81                     0.114646900639                    -0.596949946996
  82                     0.392932478036                    -0.593450373496
  83                     0.675104144640                    -0.585921242639
  84                    -0.367234346359                    -0.584468256549
  85                    -0.088948768962                    -0.580968683050
  86                     0.189336808434                    -0.577469109551
  87                     0.468355008158                    -0.573236838888
  88                    -0.570830015961                    -0.568486992603
  89                    -0.292544438564                    -0.564987419104
  90                    -0.014258861167                    -0.561487845605
  91                     0.264026716230                    -0.557988272107
  92                     0.543082092688                    -0.553719291845
  93                    -0.786946518154                    -0.552282594355
  94                    -0.496140108166                    -0.549006155158
  95                    -0.217854530769                    -0.545506581660
  96                     0.060431046628                    -0.542007008161
  97                     0.338716624025                    -0.538507434662
  98                    -0.698192349876                    -0.538195176089
  99                     0.617772000483                    -0.534238454399
 100                    -0.421450200371                    -0.529525317714
 101                    -0.143164622974                    -0.526025744215
 102                     0.771410098268                    -0.525906086013
 103                     0.135120954423                    -0.522526170717
 104                     0.413406531820                    -0.519026597216
 105                    -0.625045869972                    -0.513544053768
 106                     0.695578198426                    -0.511497466361
 107                    -0.346760292576                    -0.510044480269
 108                    -0.068474715179                    -0.506544906771
 109                     0.209810862218                    -0.503045333272
 110                     0.488829061943                    -0.498813062609
 111                    -0.550355962177                    -0.494063216324
 112                    -0.272070384780                    -0.490563642825
 113                     0.006215192616                    -0.487064069326
 114                    -0.829549649550                    -0.485950887843
 115                     0.284500770013                    -0.483564495827
 116                    -0.752408203887                    -0.483252237254
 117                     0.833206572654                    -0.479653722750
 118                     0.563556146471                    -0.479295515565
 119                    -0.475666054382                    -0.474582378879
 120                    -0.197380476985                    -0.471082805381
 121                     0.080905100412                    -0.467583231882
 122                     0.359190677808                    -0.464083658382
 123                     0.638246054269                    -0.459814678120
 124                    -0.679261723983                    -0.458601114933
 125                    -0.400976146587                    -0.455101541435
 126                    -0.122690569190                    -0.451601967936
 127                     0.155595008207                    -0.448102394437
 128                     0.433880585605                    -0.444602820938
 129                     0.724537922586                    -0.439947345952
 130                    -0.604571816188                    -0.439120277489
 131                    -0.326286238792                    -0.435620703990
 132                    -0.048000661395                    -0.432121130492
 133                     0.230284916002                    -0.428621556993
 134                     0.509303115726                    -0.424389286330
 135                    -0.529881908393                    -0.419639440044
 136                    -0.251596330997                    -0.416139866546
 137                     0.026689246400                    -0.412640293047
 138                     0.796411315421                    -0.411799508444
 139                     0.304974823797                    -0.409140719548
 140                    -0.835872352687                    -0.409021642565
 141                    -0.734776691772                    -0.404965480670
 142                     0.584030200256                    -0.404871739287
 143                     0.873049568777                    -0.402598232635
 144                    -0.455192000598                    -0.400158602600
 145                    -0.176906423201                    -0.396659029101
 146                     0.101379154195                    -0.393159455603
 147                     0.379664731593                    -0.389659882103
 148                     0.660574604303                    -0.385901407280
 149                    -0.658787670200                    -0.384177338654
 150                    -0.380502092803                    -0.380677765156
 151                    -0.102216515406                    -0.377178191657
 152                     0.176069061990                    -0.373678618158
 153                     0.454354639388                    -0.370179044658
 154                    -0.584097762405                    -0.364696501210
 155                     0.735685270940                    -0.363567885502
 156                    -0.305812185008                    -0.361196927711
 157                    -0.027526607611                    -0.357697354212
 158                    -0.892736027524                    -0.356823866387
 159                     0.250758969785                    -0.354197780714
 160                     0.529777169511                    -0.349965510051
 161                    -0.787693471440                    -0.348715086074
 162                    -0.509407854610                    -0.345215663765
 163                    -0.231122277213                    -0.341716090267
 164                     0.047163300184                    -0.338216516768
 165                     0.816506212693                    -0.337272463302
 166                     0.325448877581                    -0.334716943269
 167                     0.902533166761                    -0.331262387480
 168                     0.604504254040                    -0.330447963008
 169                    -0.713003524211                    -0.329234399819
 170                    -0.434717946815                    -0.325734826321
 171                    -0.156432369418                    -0.322235252822
 172                     0.121853207979                    -0.318735679324
 173                     0.400138785376                    -0.315236105824
 174                     0.679194161836                    -0.310967125563
 175                    -0.638313616416                    -0.309753562375
 176                    -0.360028039019                    -0.306253988876
 177                    -0.081742461623                    -0.302754415378
 178                     0.196543115774                    -0.299254841879
 179                     0.474828693173                    -0.295755268379
 180                    -0.841909325452                    -0.293772147239
 181                    -0.563623708621                    -0.290272724931
 182                     0.756159324724                    -0.289144109223
 183                    -0.285338131224                    -0.286773151432
 184                    -0.918484039260                    -0.284056255147
 185                    -0.007052553828                    -0.283273577933
 186                     0.271233023570                    -0.279774004434
 187                     0.550251223295                    -0.275541733772
 188                    -0.767219417656                    -0.274291309795
 189                    -0.488933800826                    -0.270791887486
 190                     0.855057771825                    -0.270400476324
 191                    -0.210648223429                    -0.267292313988
 192                     0.067637353968                    -0.263792740489
 193                     0.345922931365                    -0.260293166990
 194                     0.624978307824                    -0.256024186729
 195                    -0.692529470428                    -0.254810623540
 196                    -0.414243893031                    -0.251311050042
 197                     0.928894772568                    -0.247901972478
 198                    -0.135958315634                    -0.247811476543
 199                     0.142327261763                    -0.244311903045
 200                     0.420612839161                    -0.240812329545
 201                     0.699668215619                    -0.236543349284
 202                    -0.617839562633                    -0.235329786096
 203                    -0.339553985236                    -0.231830212597
 204                    -0.061268407839                    -0.228330639099
 205                     0.217017169558                    -0.224831065600
 206                     0.495302746957                    -0.221331492100
 207                    -0.821469420379                    -0.219338985042
 208                    -0.543149654837                    -0.215848948652
 209                     0.779388906897                    -0.215533839111
 210                    -0.264864077441                    -0.212349375153
 211                    -0.938311461302                    -0.209457604427
 212                     0.013421499956                    -0.208849801654
 213                     0.291707077353                    -0.205350228155
 214                     0.570725277079                    -0.201117957493
 215                    -0.746745363873                    -0.199867533516
 216                    -0.468459747042                    -0.196368111207
 217                     0.853285603018                    -0.193232187683
 218                    -0.190174169646                    -0.192868537709
 219                     0.088111407751                    -0.189368964210
 220                     0.366396985149                    -0.185869390711
 221                     0.645452361608                    -0.181600410450
 222                    -0.672055416644                    -0.180386847261
 223                    -0.393769839247                    -0.176887273763
 224                    -0.115484261851                    -0.173387700264
 225                     0.945788251863                    -0.172584672266
 226                     0.162801315546                    -0.169888126765
 227                     0.441086892945                    -0.166388553266
 228                    -0.875660505482                    -0.164369434263
 229                     0.721571191658                    -0.162498851761
 230                    -0.597365508849                    -0.160906009817
 231                    -0.319079931452                    -0.157406436318
 232                    -0.040794354055                    -0.153906862820
 233                     0.237491223341                    -0.150407289321
 234                     0.515776800740                    -0.146907715821
 235                    -0.800961217884                    -0.144924594681
 236                    -0.522675601054                    -0.141425172372
 237                     0.797023458275                    -0.140386597300
 238                    -0.244390023657                    -0.137925598874
 239                     0.033895553740                    -0.134426025375
 240                    -0.952090485190                    -0.133508780508
 241                     0.312181131137                    -0.130926451876
 242                     0.591199330862                    -0.126694181214
 243                    -0.726271310089                    -0.125443757237
 244                     0.886263643814                    -0.123442975199
 245                    -0.447985693259                    -0.121944334928
 246                    -0.169700115862                    -0.118444761429
 247                     0.108585461535                    -0.114945187931
 248                     0.386871038933                    -0.111445614432
 249                     0.665926415392                    -0.107176634171
 250                    -0.651581362860                    -0.105963070982
 251                    -0.373295785464                    -0.102463497484
 252                    -0.095010208067                    -0.098963923985
 253                     0.183275369330                    -0.095464350487
 254                     0.461560946729                    -0.091964776987
 255                     0.956611658358                    -0.091075353385
 256                    -0.855186451698                    -0.089945657984
 257                     0.740616323187                    -0.087695796726
 258                    -0.576891455065                    -0.086482233538
 259                    -0.298605877668                    -0.082982660039
 260                    -0.020320300272                    -0.079483086541
 261                     0.257965277126                    -0.075983513042
 262                     0.536250854524                    -0.072483939542
 263                    -0.780487164101                    -0.070500818402
 264                    -0.502201547270                    -0.067001396093
 265                     0.817497512058                    -0.065962821021
 266                    -0.223915969873                    -0.063501822595
 267                    -0.926599924184                    -0.060650584994
 268                     0.054369607523                    -0.060002249096
 269                     0.332655184921                    -0.056502675597
 270                     0.611673384646                    -0.052270404935
 271                    -0.705797256305                    -0.051019980958
 272                    -0.427511639475                    -0.047520558649
 273                     0.892187419853                    -0.046481983577
 274                    -0.149226062078                    -0.044020985150
 275                     0.129059515319                    -0.040521411652
 276                     0.407345092717                    -0.037021838153
 277                     0.686400469175                    -0.032752857892
 278                    -0.631107309077                    -0.031539294703
 279                    -0.352821731680                    -0.028039721205
 280                    -0.074536154283                    -0.024540147706
 281                     0.203749423114                    -0.021040574207
 282                     0.482035000512                    -0.017541000708
 283                    -0.834712397915                    -0.015521881705
 284                     0.761090376970                    -0.013272020447
 285                     0.961328699535                    -0.012166261263
 286                    -0.556417401282                    -0.012058457259
 287                    -0.278131823885                    -0.008558883760
 288                     0.000153753512                    -0.005059310262
 289                     0.278439330910                    -0.001559736763
 290                     0.556724908308                     0.001939836737
 291                    -0.760013110317                     0.003922957877
 292                    -0.481727493486                     0.007422380186
 293                    -0.961370170811                     0.008263240205
 294                     0.837971565841                     0.008460955258
 295                    -0.203441916090                     0.010921953684
 296                     0.074843661307                     0.014421527183
 297                     0.353129238705                     0.017921100682
 298                     0.632147438430                     0.022153371344
 299                    -0.685323202522                     0.023403795321
 300                    -0.407037585691                     0.026903217630
 301                    -0.128752008295                     0.030402791129
 302                     0.149533569103                     0.033902364627
 303                     0.427819146501                     0.037401938126
 304                    -0.890197617311                     0.038138865425
 305                     0.706874522959                     0.041670918388
 306                    -0.610633255293                     0.042884481576
 307                    -0.332347677896                     0.046384055075
 308                    -0.054062100499                     0.049883628573
 309                     0.224223476898                     0.053383202071
 310                     0.502509054296                     0.056882775571
 311                     0.930393731871                     0.058552287432
 312                    -0.814238344131                     0.058901894574
 313                     0.781564430754                     0.061151755832
 314                    -0.535943347498                     0.062365319020
 315                    -0.257657770101                     0.065864892519
 316                     0.020627807296                     0.069364466017
 317                     0.298913384693                     0.072864039516
 318                     0.577198962092                     0.076363613016
 319                    -0.739539056533                     0.078346734156
 320                    -0.461253439703                     0.081846156465
 321                     0.857247456847                     0.083204017678
 322                    -0.956685356475                     0.085339946545
 323                    -0.182967862306                     0.085345729963
 324                     0.095317715091                     0.088845303462
 325                     0.373603292489                     0.092344876961
 326                     0.652621492213                     0.096577147623
 327                    -0.664849148738                     0.097827571600
 328                    -0.386563531908                     0.101326993909
 329                    -0.108277954511                     0.104826567408
 330                     0.170007622886                     0.108326140906
 331                     0.448293200285                     0.111825714405
 332                    -0.869723563527                     0.112562641704
 333                     0.727348576742                     0.116094694667
 334                    -0.590159201509                     0.117308257855
 335                    -0.311873624112                     0.120807831354
 336                    -0.033588046716                     0.124307404852
 337                     0.244697530682                     0.127806978350
 338                     0.522983108080                     0.131306551850
 339                     0.952218708483                     0.132591167420
 340                    -0.793728425382                     0.133315795069
 341                    -0.515469293714                     0.136789095300
 342                     0.801706406151                     0.136806975073
 343                    -0.237183716317                     0.140288668798
 344                     0.041101861080                     0.143788242297
 345                     0.319387438477                     0.147287815795
 346                     0.597673015875                     0.150787389295
 347                    -0.719871912414                     0.155750162623
 348                    -0.440779385919                     0.156269932744
 349                     0.879072433459                     0.157242897666
 350                    -0.162493808522                     0.159769506242
 351                    -0.947658095765                     0.162003143120
 352                     0.115791768875                     0.163269079741
 353                     0.394077346273                     0.166768653240
 354                     0.673095545997                     0.171000923903
 355                    -0.644473614242                     0.172278380515
 356                    -0.366089478124                     0.175750770188
 357                    -0.087803900727                     0.179250343687
 358                     0.190481676670                     0.182749917185
 359                     0.468767254068                     0.186249490685
 360                    -0.875545137950                     0.189531431646
 361                     0.747453375405                     0.191713204309
 362                    -0.569685147726                     0.191732034134
 363                    -0.291399570329                     0.195231607633
 364                    -0.013113992932                     0.198731181131
 365                     0.265171584466                     0.202230754630
 366                     0.543457161863                     0.205730328129
 367                     0.938512884589                     0.208553235226
 368                    -0.801160114957                     0.210145837006
 369                     0.823531382762                     0.210845855061
 370                    -0.494995239931                     0.211212871579
 371                    -0.216709662533                     0.214712445077
 372                     0.061575914863                     0.218212018575
 373                     0.339861492261                     0.221711592074
 374                     0.618147069659                     0.225211165574
 375                    -0.420305332135                     0.230693709023
 376                    -0.712691311008                     0.232604085502
 377                    -0.142019754738                     0.234193282521
 378                     0.136265822659                     0.237692856020
 379                     0.414551400057                     0.241192429519
 380                    -0.929817408587                     0.244418643216
 381                     0.692504899067                     0.245923445980
 382                    -0.623901001737                     0.246674972968
 383                    -0.345615424340                     0.250174546467
 384                    -0.067329846943                     0.253674119966
 385                     0.210955730454                     0.257173693464
 386                     0.489241307852                     0.260673266964
 387                    -0.855432385594                     0.265033048575
 388                    -0.549211093942                     0.266155810413
 389                     0.766926583669                     0.266405101553
 390                    -0.270925516545                     0.269655383912
 391                     0.007360060852                     0.273154957410
 392                     0.285645638249                     0.276654530908
 393                     0.563931215647                     0.280154104408
 394                    -0.772243364122                     0.281713335741
 395                     0.918757364158                     0.283170959437
 396                    -0.474521186147                     0.285636647858
 397                     0.841616491464                     0.285885938998
 398                    -0.196235608750                     0.289136221356
 399                     0.082049968647                     0.292635794855
 400                     0.360335546044                     0.296135368353
 401                     0.638289045055                     0.300866384815
 402                    -0.678116855749                     0.301617911803
 403                    -0.399831278351                     0.305117485302
 404                    -0.121545700955                     0.308617058801
 405                     0.156739876443                     0.312116632299
 406                     0.435025453840                     0.315616205798
 407                    -0.603426947954                     0.321098749247
 408                     0.712710729658                     0.321348040387
 409                    -0.905132726464                     0.324092014630
 410                    -0.325141370556                     0.324598322747
 411                    -0.046855793159                     0.328097896245
 412                     0.231429784238                     0.331597469743
 413                     0.509715361635                     0.335097043243
 414                    -0.826515634759                     0.336600547310
 415                    -0.528737040158                     0.340579586692
 416                     0.787400637452                     0.340828877832
 417                    -0.250451462761                     0.344079160191
 418                     0.027834114636                     0.347578733689
 419                    -0.737669345208                     0.350725817004
 420                     0.306119692033                     0.351078307188
 421                     0.584073191044                     0.355809323649
 422                     0.893079492168                     0.355963350826
 423                    -0.454047132363                     0.360060424136
 424                    -0.175761554966                     0.363559997635
 425                     0.102524022431                     0.367059571133
 426                     0.380809599828                     0.370559144632
 427                    -0.657722820142                     0.376063656023
 428                     0.658494875646                     0.376290979221
 429                    -0.379357224568                     0.379541261581
 430                    -0.101071647171                     0.383040835080
 431                     0.177213930226                     0.386540408578
 432                     0.455499507624                     0.390039982077
 433                    -0.582952894170                     0.395522525526
 434                    -0.876215975629                     0.395659513364
 435                     0.733184783441                     0.395771816666
 436                    -0.304667316772                     0.399022099025
 437                    -0.026381739376                     0.402521672524
 438                     0.832335677024                     0.403589753962
 439                    -0.791950756082                     0.405617606911
 440                     0.251903838021                     0.406021246022
 441                     0.529857337032                     0.410752262483
 442                    -0.508262986374                     0.415003362971
 443                    -0.229977408977                     0.418502936470
 444                     0.048308168420                     0.422002509968
 445                    -0.717280315884                     0.425172931368
 446                     0.326593745816                     0.425502083467
 447                     0.604279021634                     0.431233918056
 448                    -0.433573078579                     0.434484200416
 449                    -0.155287501182                     0.437983773914
 450                     0.122998076215                     0.441483347413
 451                     0.401283653612                     0.444982920911
 452                    -0.637168748182                     0.450465464361
 453                     0.678968929429                     0.450714755501
 454                    -0.358883170784                     0.453965037860
 455                    -0.080597593387                     0.457464611359
 456                     0.197687984010                     0.460964184857
 457                    -0.841651096952                     0.464676572965
 458                     0.756205800346                     0.469447580216
 459                    -0.562478840385                     0.469946301805
 460                     0.482353237191                     0.471591771458
 461                    -0.284193262989                     0.473445875305
 462                    -0.005907685592                     0.476945448803
 463                     0.272377891805                     0.480445022301
 464                     0.832558307873                     0.480778067777
 465                    -0.487788932591                     0.489427139250
 466                     0.556774921793                     0.492073427030
 467                    -0.209503355194                     0.492926712749
 468                     0.068782222203                     0.496426286247
 469                    -0.696721307812                     0.499573284466
 470                     0.347067799600                     0.499925859746
 471                    -0.773882553458                     0.501629378903
 472                    -0.413099024795                     0.508907976695
 473                     0.631464829588                     0.511554264475
 474                    -0.134813447399                     0.512407550194
 475                     0.143472129998                     0.515907123691
 476                     0.421757707395                     0.519406697190
 477                    -0.616694694397                     0.524889240640
 478                    -0.338409117000                     0.528388814139
 479                    -0.060123539604                     0.531888387638
 480                     0.714953203905                     0.534687971392
 481                     0.218162037793                     0.535387961136
 482                    -0.542004786602                     0.544370078085
 483                     0.791305711432                     0.546018458953
 484                    -0.263719209205                     0.547869651584
 485                     0.505783927944                     0.550021713462
 486                     0.014566368192                     0.551369225082
 487                     0.292851945589                     0.554868798580
 488                    -0.467314878807                     0.563850915529
 489                    -0.189029301410                     0.567350489028
 490                     0.580454156750                     0.569577845085
 491                     0.089256275987                     0.570850062526
 492                    -0.676247254027                     0.573997060745
 493                     0.367541853384                     0.574349636025
 494                    -0.767819399801                     0.578579515497
 495                    -0.392624971012                     0.583331752974
 496                     0.656149077681                     0.584689572296
 497                    -0.114339393615                     0.586831326473
 498                     0.163946183782                     0.590330899971
 499                     0.442231761179                     0.593830473469
 500                    -0.599919395753                     0.600245003638
 501                    -0.317935063217                     0.602812590418
 502                    -0.039649485820                     0.606312163917
 503                     0.238636091577                     0.609811737415
 504                     0.741217575704                     0.612218927256
 505                    -0.521530732818                     0.618793854364
 506                    -0.243245155422                     0.622293427863
 507                     0.526457243901                     0.624735970114
 508                     0.035040421975                     0.625793001361
 509                     0.313325999372                     0.629292574860
 510                    -0.446840825023                     0.638274691809
 511                    -0.718929576880                     0.638311170160
 512                    -0.168555247626                     0.641774265307
 513                     0.109730329770                     0.645273838805
 514                     0.613051693484                     0.648726286994
 515                     0.388015907168                     0.648773412304
 516                    -0.372150917228                     0.657755529253
 517                    -0.093865339832                     0.661255102752
 518                     0.184420237566                     0.664754676250
 519                     0.462705814963                     0.668254249748
 520                     0.688494853662                     0.668736359229
 521                    -0.575695807711                     0.673786854062
 522                    -0.296939945425                     0.677745703564
 523                    -0.652765748057                     0.678065831639
 524                    -0.019175432036                     0.680735940196
 525                     0.259110145361                     0.684235513694
 526                     0.552996884170                     0.697218608369
 527                     0.055514475758                     0.700216777640
 528                    -0.502830302605                     0.701233638762
 529                     0.333800053156                     0.703716351139
 530                    -0.224256074794                     0.703729165691
 531                    -0.426366771239                     0.712698468088
 532                    -0.148081193843                     0.716198041587
 533                     0.130204383554                     0.719697615084
 534                     0.633525747267                     0.723150063273
 535                     0.408489960951                     0.723197188583
 536                    -0.351669247212                     0.732177209880
 537                    -0.073791987607                     0.737155141271
 538                     0.204894291349                     0.739178452529
 539                     0.489245455232                     0.740736888003
 540                    -0.610525074600                     0.742670869058
 541                     0.001298621746                     0.755159716476
 542                     0.279584199144                     0.758659289973
 543                    -0.282159676695                     0.765740656670
 544                     0.573470937954                     0.771642384648
 545                    -0.473319378973                     0.773964592340
 546                     0.075988529541                     0.774640553920
 547                    -0.206074541309                     0.778745945109
 548                     0.358891129962                     0.782373684247
 549                    -0.548978388173                     0.789255101840
 550                    -0.129385567820                     0.791088354188
 551                     0.150678437337                     0.794121391363
 552                    -0.396812700209                     0.794788343120
 553                     0.435029601220                     0.795679826837
 554                     0.225312088692                     0.814523830464
 555                    -0.055880052772                     0.814647314509
 556                     0.509719509016                     0.815160664282
 557                    -0.327303129691                     0.828351789910
 558                     0.019743510784                     0.830112177558
 559                     0.300555473937                     0.832944490299
 560                    -0.452459773099                     0.848281227064
 561                     0.094433418579                     0.849593015003
 562                    -0.178329411674                     0.850775752380
 563                    -0.255325044833                     0.856230826014
 564                     0.411116419823                     0.869070869271
 565                     0.169123326375                     0.869073852445
 566                    -0.382950202581                     0.881844673855
 567                    -0.108539919346                     0.883753200957
 568                    -0.031461235261                     0.887871673197
 569                     0.340072301775                     0.899250641383
 570                     0.262891076590                     0.900320142626
 571                    -0.310972117723                     0.909723709959
 572                     0.054133643449                     0.915426239733
 573                    -0.236989492518                     0.931738625849
 574                     0.197261652777                     0.940950969395
 575                    -0.160354417819                     0.940966338452
 576                     0.121140388619                     0.953743095759
 577                    -0.084988549803                     0.957641808227
 578                    -0.007890162758                     0.961373305118
