   1                    -0.021526024162                    -0.958798315862
   2                    -0.103893081522                    -0.953383677675
   3                     0.139800356047                    -0.948795784489
   4                     0.058308424181                    -0.940430642854
   5                    -0.188725470384                    -0.940287337490
   6                     0.220261490188                    -0.933403694098
   7                    -0.316123559329                    -0.905441039191
   8                     0.326875887333                    -0.901615070025
   9                    -0.054362718379                    -0.883747252800
  10                    -0.136048099487                    -0.877549747887
  11                    -0.239635409473                    -0.876107210847
  12                    -0.396290912245                    -0.873215000309
  13                     0.104429486843                    -0.872727185536
  14                     0.402628085435                    -0.870429896680
  15                     0.256385128628                    -0.859878233884
  16                     0.022900778349                    -0.854169921124
  17                     0.177883816418                    -0.836459127683
  18                    -0.470707295306                    -0.835578974341
  19                     0.475442551763                    -0.832893726827
  20                    -0.328405418581                    -0.824446801821
  21                     0.323920902343                    -0.813511976513
  22                    -0.186958038575                    -0.813369621244
  23                    -0.045500021241                    -0.802307930889
  24                     0.095957996093                    -0.791246240534
  25                    -0.402692984807                    -0.789917566990
  26                     0.544788003531                    -0.789280439023
  27                     0.401933378756                    -0.788512694967
  28                    -0.552433028508                    -0.783948550116
  29                     0.237416013427                    -0.780184550179
  30                    -0.260880282194                    -0.778065054227
  31                    -0.119422264860                    -0.767003363873
  32                     0.022035752474                    -0.755941673518
  33                    -0.476244078795                    -0.753846149953
  34                     0.163493769808                    -0.744879983164
  35                    -0.334809653636                    -0.742775415609
  36                     0.610158469235                    -0.739908252850
  37                     0.304951787142                    -0.733818292809
  38                    -0.193344508479                    -0.731698796857
  39                     0.450258018735                    -0.722364076503
  40                    -0.051886491145                    -0.720637106502
  41                    -0.588334581327                    -0.710314393239
  42                     0.089571526189                    -0.709575416147
  43                     0.531001399083                    -0.708528720207
  44                    -0.408724769431                    -0.707455920196
  45                     0.231029543523                    -0.698513725793
  46                    -0.267266752098                    -0.696394229841
  47                     0.374576856377                    -0.690506510963
  48                    -0.667366181700                    -0.688752466231
  49                    -0.125808734764                    -0.685332539486
  50                     0.671076980426                    -0.685137407064
  51                     0.015649282570                    -0.674270849131
  52                    -0.485788257974                    -0.672361511786
  53                     0.157107299904                    -0.663209158776
  54                    -0.341188995717                    -0.661089662824
  55                     0.594310573273                    -0.656539692352
  56                     0.298565317238                    -0.652147468422
  57                    -0.199730978383                    -0.650027972470
  58                     0.440023334564                    -0.641085778084
  59                    -0.058272961049                    -0.638966282115
  60                    -0.558400794879                    -0.634059039442
  61                    -0.723710303501                    -0.629286085037
  62                     0.083185056285                    -0.627904591760
  63                    -0.415111239337                    -0.625785095810
  64                     0.727099051851                    -0.625367531147
  65                     0.519803956063                    -0.622485697787
  66                     0.224643073619                    -0.616842901406
  67                    -0.273653222002                    -0.614723405453
  68                    -0.637432395252                    -0.612497112433
  69                     0.366101090953                    -0.605781211051
  70                    -0.132195204668                    -0.603661715099
  71                     0.645751541884                    -0.592784400005
  72                     0.009262812666                    -0.592600024744
  73                    -0.489033482955                    -0.590480528792
  74                     0.150720830000                    -0.581538334389
  75                    -0.347575465621                    -0.579418838437
  76                     0.292178847334                    -0.570476644035
  77                    -0.206117448287                    -0.568357148083
  78                    -0.774773952254                    -0.565228186774
  79                     0.433636864678                    -0.559414953694
  80                     0.569883295828                    -0.557655378626
  81                    -0.064659430953                    -0.557295457728
  82                    -0.579250518734                    -0.554827063883
  83                    -0.693768154314                    -0.553022808699
  84                     0.076798586381                    -0.546233767373
  85                     0.712162287399                    -0.544820627907
  86                    -0.421497709240                    -0.544114271421
  87                     0.793811558963                    -0.538164277031
  88                     0.218256603715                    -0.535172077019
  89                    -0.280039691906                    -0.533052581067
  90                     0.359714621049                    -0.524110386664
  91                    -0.138581674572                    -0.521990890712
  92                     0.501172638383                    -0.513048696309
  93                     0.637419069543                    -0.511289121255
  94                     0.002876342762                    -0.510929200357
  95                    -0.495419952860                    -0.508809704405
  96                     0.144334360096                    -0.499867510002
  97                    -0.353961935526                    -0.497748014050
  98                    -0.745096395535                    -0.488872747013
  99                     0.285792377430                    -0.488805819648
 100                    -0.212503918191                    -0.486686323696
 101                    -0.826955019615                    -0.485698441164
 102                    -0.650667732250                    -0.483357435867
 103                     0.427250394764                    -0.477744129293
 104                    -0.071045900857                    -0.475624633341
 105                    -0.569342196479                    -0.473505137389
 106                     0.836843041108                    -0.468456299738
 107                     0.568708412098                    -0.466682438938
 108                     0.070412116477                    -0.464562942986
 109                     0.707085574732                    -0.462619451461
 110                    -0.427884179145                    -0.462443447034
 111                     0.211870133811                    -0.453501252632
 112                    -0.286426161811                    -0.451381756680
 113                     0.353328151145                    -0.442439562277
 114                    -0.144968144476                    -0.440320066325
 115                     0.494786168479                    -0.431377871922
 116                    -0.003510127142                    -0.429258375970
 117                    -0.501806422764                    -0.427138880018
 118                     0.636603659627                    -0.420843285787
 119                    -0.701782203246                    -0.419340083464
 120                     0.137947890192                    -0.418196685616
 121                    -0.360348405430                    -0.416077189663
 122                     0.774471115217                    -0.415346475651
 123                    -0.865388102587                    -0.413353374386
 124                    -0.783468205695                    -0.413150773506
 125                     0.279405907526                    -0.407134995261
 126                    -0.218890388096                    -0.405015499309
 127                     0.420863924860                    -0.396073304906
 128                    -0.077432370761                    -0.393953808954
 129                    -0.576505716846                    -0.391894562029
 130                     0.851651535013                    -0.387885715390
 131                     0.562321942194                    -0.385011614551
 132                     0.064025646573                    -0.382892118599
 133                    -0.434270649049                    -0.380772622647
 134                     0.703779852837                    -0.373950147591
 135                     0.205483663907                    -0.371830428245
 136                    -0.292812631715                    -0.369710932293
 137                     0.346941681241                    -0.360768737890
 138                    -0.151354614381                    -0.358649241938
 139                    -0.650230086699                    -0.355674631032
 140                     0.488399698575                    -0.349707047535
 141                    -0.009896597046                    -0.347587551583
 142                    -0.508192892668                    -0.345468055631
 143                    -0.733901076609                    -0.343979029014
 144                     0.629857715909                    -0.338645357181
 145                    -0.897506975950                    -0.337992319936
 146                    -0.815587079058                    -0.337789719056
 147                     0.131561420288                    -0.336525861228
 148                    -0.366734875334                    -0.334406365277
 149                     0.787666994757                    -0.329739910193
 150                     0.273019437622                    -0.325464170874
 151                     0.902714504121                    -0.323827275355
 152                    -0.225276858000                    -0.323344674922
 153                     0.414477454956                    -0.314402480519
 154                    -0.083818840666                    -0.312282984567
 155                    -0.582115136287                    -0.310163488614
 156                     0.555935472290                    -0.303340790164
 157                     0.057639176669                    -0.301221294212
 158                    -0.440657118953                    -0.299101798260
 159                     0.697393629743                    -0.292279303904
 160                     0.199097194003                    -0.290159603858
 161                    -0.299199101619                    -0.288040107906
 162                     0.340555211337                    -0.279097913503
 163                    -0.157741084285                    -0.276978417551
 164                    -0.660735277551                    -0.274430852691
 165                     0.482013228671                    -0.268036223148
 166                    -0.856722485014                    -0.266946307713
 167                     0.844229643924                    -0.266464990869
 168                    -0.016283066950                    -0.265916727196
 169                    -0.514579362572                    -0.263797231244
 170                    -0.741772805930                    -0.262437956962
 171                     0.623471246005                    -0.256974532794
 172                     0.125174950384                    -0.254855036842
 173                    -0.373121345238                    -0.252735540890
 174                     0.764929403458                    -0.245913046533
 175                     0.927184780049                    -0.245075911401
 176                     0.266632967718                    -0.243793346487
 177                    -0.231663327904                    -0.241673850535
 178                     0.408090985052                    -0.232731656132
 179                    -0.930644754504                    -0.231641794867
 180                    -0.090205310570                    -0.230612160180
 181                    -0.588502223586                    -0.228492678702
 182                     0.549549002386                    -0.221669965778
 183                     0.051252706764                    -0.219550469825
 184                    -0.447043588857                    -0.217430973873
 185                     0.691007159839                    -0.210608479517
 186                     0.192710724099                    -0.208488779471
 187                    -0.801533630877                    -0.206406230632
 188                    -0.305585571523                    -0.206369283519
 189                     0.334168741433                    -0.197427089116
 190                    -0.164127554189                    -0.195307593164
 191                    -0.662102727834                    -0.192522119130
 192                     0.868208200207                    -0.188132753620
 193                     0.475626758767                    -0.186365398761
 194                    -0.022669536855                    -0.184245902809
 195                    -0.520965832477                    -0.182126406857
 196                     0.617084776101                    -0.175303708407
 197                     0.118788480480                    -0.173184212455
 198                    -0.875455900367                    -0.171101717787
 199                    -0.379507815141                    -0.171064716502
 200                     0.758542933554                    -0.164242222146
 201                     0.260246497814                    -0.162122522100
 202                     0.945453827958                    -0.160855958590
 203                    -0.238049797808                    -0.160003026148
 204                    -0.736024971453                    -0.157217552114
 205                     0.401704515148                    -0.151060831745
 206                    -0.096591780474                    -0.148941335793
 207                    -0.594566578437                    -0.146156408971
 208                     0.543162532482                    -0.139999141391
 209                     0.044866236860                    -0.137879645439
 210                    -0.949377274159                    -0.135795329545
 211                    -0.453430058762                    -0.135760149486
 212                     0.684620689935                    -0.128937655130
 213                     0.186324254195                    -0.126817955084
 214                    -0.311972041427                    -0.124698459131
 215                    -0.809947240943                    -0.121913039269
 216                     0.826078707269                    -0.117875964776
 217                     0.327782271529                    -0.115756264729
 218                    -0.170514024093                    -0.113636768777
 219                    -0.668489197738                    -0.110851294743
 220                     0.469240288863                    -0.104694574374
 221                    -0.029056006759                    -0.102575078422
 222                    -0.527030804722                    -0.099790151600
 223                     0.610698306197                    -0.093632884020
 224                     0.112402010576                    -0.091513388068
 225                     0.903324335021                    -0.090599169746
 226                    -0.385894285046                    -0.089393892115
 227                    -0.883868614735                    -0.086606651027
 228                     0.752156463650                    -0.082571397759
 229                     0.253860027910                    -0.080451697713
 230                    -0.244436267711                    -0.078332201761
 231                    -0.742411501206                    -0.075546732407
 232                     0.395318045244                    -0.069390007358
 233                    -0.102978250378                    -0.067270511406
 234                    -0.600953048341                    -0.064485584584
 235                     0.536776062578                    -0.058328317004
 236                     0.038479766956                    -0.056208821052
 237                    -0.957679229852                    -0.051069295331
 238                    -0.464143048460                    -0.047292145294
 239                     0.678234220031                    -0.047266830743
 240                     0.179937784291                    -0.045147130697
 241                    -0.318358511331                    -0.043027634745
 242                    -0.816332874997                    -0.040240344166
 243                     0.819692237365                    -0.036205140389
 244                     0.321395801625                    -0.034085440342
 245                    -0.176900493997                    -0.031965944390
 246                     0.958567194494                    -0.030108368535
 247                    -0.674875727491                    -0.029180475037
 248                     0.462853818959                    -0.023023749988
 249                    -0.035442476663                    -0.020904254036
 250                    -0.538065292079                    -0.011987578278
 251                     0.604311836293                    -0.011962059633
 252                     0.106015540671                    -0.009842563681
 253                    -0.392407487817                    -0.007733076888
 254                    -0.890143490114                    -0.004702988470
 255                     0.745769993746                    -0.000900573373
 256                     0.247473558006                     0.001219126674
 257                    -0.250822737616                     0.003338622626
 258                    -0.748797101282                     0.006125913205
 259                     0.887228011080                     0.010161116982
 260                     0.388931575340                     0.012280817029
 261                    -0.109364720281                     0.014400312981
 262                    -0.611987616124                     0.023317105885
 263                     0.530389592674                     0.023342507383
 264                     0.032093297052                     0.025462003335
 265                    -0.470529518364                     0.034378679093
 266                     0.671847750127                     0.034403993644
 267                     0.173551314386                     0.036523693690
 268                    -0.324871714102                     0.038633180482
 269                    -0.958165389791                     0.040947112497
 270                    -0.822607716399                     0.041663268901
 271                     0.813305767461                     0.045465683998
 272                     0.315009331721                     0.047585384045
 273                    -0.183286963901                     0.049704879997
 274                     0.957057406459                     0.057626601633
 275                    -0.685920901092                     0.058637759521
 276                     0.456467349055                     0.058647074399
 277                    -0.041828946566                     0.060766570352
 278                    -0.544451761983                     0.069683246109
 279                     0.597925366389                     0.069708764754
 280                     0.099629070767                     0.071828260706
 281                    -0.398793957721                     0.073937747499
 282                     0.739383523842                     0.080770251014
 283                     0.241087088101                     0.082889951061
 284                    -0.257335940387                     0.084999437853
 285                    -0.890629616076                     0.087313369867
 286                     0.882005695718                     0.091914636638
 287                     0.382545105436                     0.093951641415
 288                    -0.760957876545                     0.095609610759
 289                    -0.115751190186                     0.096071137368
 290                    -0.618374086028                     0.104987930272
 291                     0.524003122770                     0.105013331770
 292                     0.025706827149                     0.107132827722
 293                    -0.476915988268                     0.116049503480
 294                     0.665461280223                     0.116074818030
 295                     0.167164844482                     0.118194518077
 296                    -0.331258184006                     0.120304004869
 297                     0.806919297557                     0.127136508385
 298                     0.308622861816                     0.129256208432
 299                    -0.189800166672                     0.131365695224
 300                     0.948879567529                     0.139230551749
 301                    -0.692307229331                     0.140308594986
 302                     0.450080879151                     0.140317898786
 303                    -0.048215416471                     0.142437394739
 304                    -0.947875037759                     0.145912621144
 305                    -0.550838231887                     0.151354070496
 306                     0.591538896485                     0.151379589141
 307                     0.093242600864                     0.153499085093
 308                    -0.405180427625                     0.155608571885
 309                    -0.846524977837                     0.156347357436
 310                     0.732997053938                     0.162441075401
 311                     0.234700618197                     0.164560775448
 312                    -0.263722410291                     0.166670262240
 313                     0.874465847134                     0.173487066032
 314                     0.376158635532                     0.175622465802
 315                    -0.767324894354                     0.177281953924
 316                    -0.122264392957                     0.177731952595
 317                    -0.624760414267                     0.186658765737
 318                     0.517616652866                     0.186684156157
 319                     0.019320357244                     0.188803652109
 320                    -0.483302458172                     0.197720327867
 321                     0.659074810319                     0.197745642417
 322                     0.160778374579                     0.199865342464
 323                    -0.337644653910                     0.201974829256
 324                     0.801297385915                     0.210350042351
 325                     0.302236391913                     0.210927032818
 326                    -0.196186636576                     0.213036519611
 327                    -0.698674247139                     0.221980938151
 328                     0.443694409247                     0.221988723173
 329                    -0.054728619242                     0.224098209965
 330                    -0.931964679795                     0.226272879129
 331                     0.585152426581                     0.233050413528
 332                     0.930165926369                     0.233557122858
 333                    -0.557654111087                     0.233644451082
 334                     0.086856130959                     0.235169909480
 335                    -0.411566897529                     0.237279396272
 336                    -0.850910110088                     0.238150054024
 337                     0.726610584034                     0.244111899788
 338                     0.228314148294                     0.246231599835
 339                    -0.270108880195                     0.248341086627
 340                     0.369772165628                     0.257293290189
 341                    -0.771710026607                     0.259084650518
 342                    -0.128650862861                     0.259402776982
 343                     0.511230182962                     0.268354980544
 344                    -0.632062111861                     0.269664624959
 345                     0.012807154473                     0.270464467336
 346                    -0.489696729337                     0.279390541838
 347                     0.652688340415                     0.279416466804
 348                     0.154391904674                     0.281536166851
 349                    -0.344031123814                     0.283645653643
 350                     0.295849922009                     0.292597857205
 351                     0.792333179360                     0.293014364118
 352                     0.874252280272                     0.293428440982
 353                    -0.202573106480                     0.294707343998
 354                     0.437307939343                     0.303659547560
 355                    -0.909254343511                     0.304982161807
 356                    -0.061115089146                     0.305769034352
 357                    -0.705097891329                     0.306768337326
 358                     0.578765956677                     0.314721237915
 359                    -0.564040580991                     0.315315275469
 360                     0.080342928188                     0.316830724707
 361                    -0.828409580317                     0.318212234291
 362                    -0.417961168694                     0.318949610244
 363                     0.221927678389                     0.327902424222
 364                    -0.276495350099                     0.330011911014
 365                     0.363385695724                     0.338964114576
 366                    -0.135037332765                     0.341073601369
 367                     0.725848422817                     0.341252300776
 368                     0.504843713058                     0.350025804931
 369                     0.006420684569                     0.352135291723
 370                    -0.637076360459                     0.352418987836
 371                    -0.496083199241                     0.361061366225
 372                     0.646301870511                     0.361087291191
 373                     0.147878701903                     0.363196982078
 374                    -0.350425394979                     0.365315867615
 375                     0.289463452104                     0.374268681592
 376                     0.800804241420                     0.374495353689
 377                     0.882723342332                     0.374909430553
 378                    -0.208959576384                     0.376378168385
 379                    -0.879607298091                     0.382163029819
 380                     0.430921469439                     0.385330371947
 381                    -0.067501559050                     0.387439858739
 382                    -0.710736477173                     0.388494201675
 383                    -0.792586437221                     0.391884569483
 384                     0.572408330203                     0.396452519458
 385                    -0.569118978708                     0.398165078592
 386                     0.073956458284                     0.398501549094
 387                    -0.424347638598                     0.400620434631
 388                     0.215414475618                     0.409563239449
 389                    -0.282889621264                     0.411682124985
 390                     0.356999225819                     0.420634938963
 391                    -0.141423802669                     0.422744425755
 392                     0.498457243154                     0.431696629318
 393                     0.685094914227                     0.433239978688
 394                     0.000034214665                     0.433806116110
 395                    -0.642714946303                     0.434144852184
 396                    -0.497839757110                     0.442962679147
 397                     0.141492231999                     0.444867806465
 398                    -0.356811864883                     0.446986692002
 399                     0.765588759588                     0.448460077667
 400                     0.847507860500                     0.448874154531
 401                    -0.843784154995                     0.455835365011
 402                     0.282950249334                     0.455929496819
 403                    -0.215353847549                     0.458048382356
 404                    -0.746645691042                     0.462136748093
 405                     0.424534999535                     0.467001196334
 406                    -0.073888028954                     0.469110683126
 407                     0.565769755774                     0.478386416194
 408                    -0.570875536578                     0.480066391514
 409                     0.067569988380                     0.480172373481
 410                    -0.428513719598                     0.486606820526
 411                     0.209028005714                     0.491234063835
 412                    -0.289276091168                     0.493352949372
 413                     0.350486023049                     0.502295754190
 414                     0.643620344468                     0.503885365071
 415                    -0.147818073834                     0.504414639727
 416                    -0.006352255239                     0.515476940497
 417                    -0.644471504172                     0.516046165106
 418                     0.493762184853                     0.517448165821
 419                     0.724094782784                     0.519207745163
 420                     0.806013381515                     0.519711467099
 421                    -0.502224889360                     0.524765375735
 422                    -0.801804433130                     0.526181747335
 423                     0.135105762095                     0.526538630852
 424                     0.276563779429                     0.537600321206
 425                    -0.221740317453                     0.539719206743
 426                    -0.721705031023                     0.543357204706
 427                    -0.372795671482                     0.546660210673
 428                     0.418021796763                     0.548662011561
 429                    -0.080282300118                     0.550780897098
 430                     0.582612312624                     0.558556478141
 431                    -0.576514122421                     0.561792255863
 432                     0.061183518476                     0.561843197868
 433                     0.202641535810                     0.572904888222
 434                    -0.295934431555                     0.575002058719
 435                     0.666869470674                     0.582437186721
 436                     0.344099553144                     0.583966578577
 437                    -0.447056911927                     0.585324477609
 438                    -0.154204543738                     0.586085464114
 439                     0.750857204375                     0.596633085617
 440                    -0.012746526403                     0.597147154468
 441                     0.510604741703                     0.597618227769
 442                    -0.650110090015                     0.597772029455
 443                     0.128719292191                     0.608209455239
 444                     0.270177309525                     0.619271145593
 445                    -0.228398657840                     0.621368316090
 446                    -0.520515435046                     0.621584040968
 447                    -0.727343616866                     0.625083069055
 448                    -0.377407351893                     0.628450448218
 449                     0.411635326859                     0.630332835948
 450                    -0.086668770022                     0.632451721485
 451                     0.605861438830                     0.637108299791
 452                     0.054789247312                     0.643513411839
 453                    -0.594111402640                     0.657563814561
 454                     0.697200684041                     0.658535334199
 455                    -0.301294827990                     0.658745567611
 456                     0.192556286192                     0.659548998972
 457                     0.337713083240                     0.665637402964
 458                    -0.160862884125                     0.667734573461
 459                    -0.456862307766                     0.673151375021
 460                     0.480956321897                     0.673984985962
 461                    -0.019132996307                     0.678817978855
 462                    -0.671344929491                     0.684874854161
 463                     0.118630953061                     0.694847096305
 464                     0.263274120060                     0.700899918272
 465                     0.557483170621                     0.703217706982
 466                    -0.233759054275                     0.705111824982
 467                    -0.383760034320                     0.710123907676
 468                    -0.532685176028                     0.711764637784
 469                     0.405248856956                     0.712003660335
 470                    -0.093327110410                     0.714100830831
 471                     0.638457115195                     0.715632651765
 472                     0.044708709442                     0.730151663321
 473                    -0.609829276583                     0.739891947015
 474                    -0.307662296855                     0.740456149705
 475                     0.185989868462                     0.741469913358
 476                     0.330809893775                     0.747266175643
 477                    -0.166223280560                     0.751478082353
 478                    -0.463004865775                     0.754840906388
 479                     0.474569851993                     0.755655810348
 480                    -0.029749232991                     0.765760912682
 481                     0.112067624843                     0.776774480374
 482                     0.256854837537                     0.782568170156
 483                     0.551096700718                     0.784888531368
 484                    -0.240126523140                     0.786822407076
 485                    -0.389902592329                     0.791813439043
 486                    -0.538674280575                     0.793465562997
 487                     0.398345667490                     0.793632433014
 488                    -0.102645403142                     0.803138164203
 489                     0.038011623178                     0.811797603756
 490                    -0.313911738431                     0.822412469709
 491                     0.324390611252                     0.828934427527
 492                    -0.468993970321                     0.836541831600
 493                     0.467666662528                     0.837284583027
 494                     0.158919418152                     0.843974331695
 495                     0.238727213817                     0.862457467387
 496                    -0.161870854515                     0.863307510869
 497                    -0.246115627686                     0.868523332288
 498                    -0.395891696876                     0.873514364255
 499                     0.391926384967                     0.875300684897
 500                     0.084863416488                     0.878997455077
 501                    -0.078534436420                     0.881429746366
 502                     0.003252188495                     0.886105058002
 503                    -0.319900842978                     0.904113394922
 504                     0.306262987532                     0.908823724758
 505                     0.204645386877                     0.936951357246
 506                    -0.201970690542                     0.937531557003
 507                     0.123938462314                     0.950997811656
 508                    -0.121224008983                     0.951347633550
 509                     0.042327234321                     0.958105414581
 510                    -0.039592829706                     0.958222306175
