   1                     0.056870851627                    -0.960371168829
   2                    -0.084359242776                    -0.958347845952
   3                     0.151531789316                    -0.950044837105
   4                    -0.159638450414                    -0.948716312093
   5                     0.225947503883                    -0.935144267571
   6                    -0.233924220024                    -0.933180869376
   7                    -0.013346122216                    -0.931573562483
   8                     0.298957135881                    -0.914424248688
   9                    -0.306754267562                    -0.911838195633
  10                     0.097792189402                    -0.896455836852
  11                     0.370106342734                    -0.888013722163
  12                    -0.377675368017                    -0.884821107386
  13                    -0.119145394883                    -0.884528789935
  14                     0.170629906641                    -0.875139352751
  15                    -0.046307677645                    -0.863212305833
  16                     0.245171436502                    -0.860881517255
  17                     0.438952359382                    -0.856077042021
  18                    -0.257029568793                    -0.854504262580
  19                     0.026830071799                    -0.842930711199
  20                    -0.182140126035                    -0.842203981676
  21                    -0.468973462758                    -0.840006527898
  22                     0.316320643354                    -0.834470990731
  23                     0.099367756833                    -0.820579337630
  24                     0.505066753638                    -0.818812951810
  25                    -0.322754211951                    -0.816556972443
  26                    -0.398500423779                    -0.811841366365
  27                    -0.101187153016                    -0.810791234402
  28                     0.385166660003                    -0.802534310588
  29                     0.172205474072                    -0.799262853529
  30                    -0.028349435777                    -0.789474750300
  31                    -0.523872099702                    -0.787605524008
  32                     0.249043795689                    -0.784874270641
  33                    -0.228219364598                    -0.781901168139
  34                     0.568586584235                    -0.776044213169
  35                     0.044488281462                    -0.768158266199
  36                    -0.453399060723                    -0.759440362475
  37                     0.323085675362                    -0.758880251292
  38                    -0.156066628386                    -0.758370162970
  39                    -0.593421302544                    -0.757230634198
  40                    -0.356543483208                    -0.748601025721
  41                     0.117325998701                    -0.746841782097
  42                     0.498236116435                    -0.743228112441
  43                    -0.083228911148                    -0.737053678869
  44                     0.422638746509                    -0.736537581277
  45                    -0.283098839968                    -0.729480096707
  46                     0.190163715939                    -0.725525297996
  47                     0.632999536180                    -0.724471298865
  48                    -0.010391193909                    -0.715737194767
  49                     0.264565807704                    -0.710556854927
  50                    -0.651699914993                    -0.707696472000
  51                    -0.508278536094                    -0.707019291044
  52                    -0.210946103757                    -0.705949091539
  53                     0.560980758938                    -0.700533436144
  54                    -0.411501013605                    -0.696160988311
  55                     0.062446523330                    -0.694420710665
  56                    -0.138108386518                    -0.684632607437
  57                     0.335409784964                    -0.683338176910
  58                    -0.580106524651                    -0.682514891302
  59                    -0.338663296366                    -0.674844504209
  60                     0.135284240568                    -0.673104226564
  61                     0.483844872128                    -0.668712223973
  62                     0.692322432261                    -0.668009524987
  63                    -0.065270669280                    -0.663316123335
  64                     0.408247502203                    -0.662021692808
  65                    -0.705456253179                    -0.654124262303
  66                    -0.265825579128                    -0.653528020107
  67                     0.208121957807                    -0.651787742462
  68                     0.618608291871                    -0.649955410396
  69                    -0.466380488976                    -0.643739916879
  70                     0.007567047959                    -0.641999639234
  71                    -0.192987861889                    -0.632211536006
  72                     0.280959675046                    -0.630471258361
  73                     0.546589514631                    -0.626017547675
  74                    -0.393542771737                    -0.622423432778
  75                     0.080404765198                    -0.620683155132
  76                    -0.120150144650                    -0.610895051904
  77                    -0.602594693885                    -0.610030356458
  78                     0.353797392284                    -0.609154774259
  79                     0.746767950451                    -0.606534998051
  80                    -0.320705054499                    -0.601106948676
  81                     0.153242482436                    -0.599366671030
  82                    -0.754822501967                    -0.596481404744
  83                    -0.525268220765                    -0.595833789633
  84                     0.671763869468                    -0.594954264786
  85                    -0.047312427412                    -0.589578567802
  86                     0.426801706432                    -0.588411210195
  87                    -0.674225423827                    -0.584955187964
  88                    -0.247867337260                    -0.579790464574
  89                     0.226080199675                    -0.578050186929
  90                    -0.448422247108                    -0.570002361346
  91                     0.025525289827                    -0.568262083701
  92                     0.499472826760                    -0.566521806054
  93                    -0.175029620021                    -0.558473980473
  94                     0.298917916914                    -0.556733702827
  95                     0.575688447994                    -0.555663885866
  96                    -0.375584529869                    -0.548685877244
  97                     0.098363007066                    -0.546945599599
  98                     0.792254436857                    -0.545783824388
  99                    -0.576139441539                    -0.538897767792
 100                    -0.102191902783                    -0.537157496371
 101                     0.371755634152                    -0.535417218726
 102                    -0.799491452734                    -0.535126613697
 103                    -0.302746812631                    -0.527369393143
 104                    -0.723591672615                    -0.527312330405
 105                     0.171200724304                    -0.525629115497
 106                     0.645159138165                    -0.523877448460
 107                     0.720943140807                    -0.519814138162
 108                    -0.503301722479                    -0.517581289914
 109                    -0.029354185544                    -0.515841012269
 110                     0.444593351391                    -0.514100734623
 111                    -0.647276727087                    -0.512125355181
 112                    -0.229909095392                    -0.506052909041
 113                     0.244038441543                    -0.504312631396
 114                    -0.430464005240                    -0.496264805813
 115                     0.043483531695                    -0.494524528167
 116                     0.517431068630                    -0.492784250521
 117                    -0.157071378153                    -0.484736424939
 118                     0.316876158782                    -0.482996147294
 119                     0.832810684445                    -0.481636210803
 120                    -0.357626288001                    -0.474948321711
 121                     0.116321248933                    -0.473208044066
 122                     0.590268785868                    -0.471467766418
 123                    -0.839185128373                    -0.470441703083
 124                    -0.558201257406                    -0.465155330234
 125                    -0.084233660914                    -0.463419940838
 126                    -0.763671339262                    -0.462865873028
 127                     0.389713876020                    -0.461679663191
 128                    -0.284788570763                    -0.453631837610
 129                     0.189158966172                    -0.451891559964
 130                     0.663554317557                    -0.450247679194
 131                     0.739338320199                    -0.446184368896
 132                    -0.682921850620                    -0.445079985995
 133                    -0.485343480611                    -0.443843734381
 134                    -0.011395943676                    -0.442103456736
 135                     0.462551593259                    -0.440363179089
 136                    -0.211950853524                    -0.432315353508
 137                     0.261996683411                    -0.430575075863
 138                    -0.412505763372                    -0.422527250280
 139                     0.061441773563                    -0.420786972634
 140                     0.535389310498                    -0.419046694988
 141                    -0.613875387484                    -0.413579010211
 142                    -0.139113136285                    -0.410998869406
 143                     0.806326262403                    -0.410514477584
 144                     0.334834400649                    -0.409258591760
 145                    -0.339668046133                    -0.401210766178
 146                     0.134279490802                    -0.399470488533
 147                    -0.812500400839                    -0.399394881455
 148                     0.608663965260                    -0.397837997153
 149                    -0.736986611728                    -0.391819051400
 150                    -0.540222955981                    -0.391422662950
 151                     0.879418875468                    -0.390089114373
 152                    -0.066275419047                    -0.389682385304
 153                     0.407672117888                    -0.387942107658
 154                    -0.266830328895                    -0.379894282076
 155                     0.207117208040                    -0.378154004431
 156                    -0.885053774549                    -0.377129807677
 157                     0.681512559424                    -0.376510123661
 158                    -0.467385238743                    -0.370106178848
 159                     0.006562298192                    -0.368365901203
 160                     0.480509835127                    -0.366625623556
 161                    -0.667940148590                    -0.360318075620
 162                    -0.193992611656                    -0.358577797975
 163                     0.279954925279                    -0.356837520328
 164                     0.754354783315                    -0.355209044683
 165                    -0.394547521504                    -0.348789694747
 166                     0.079400015431                    -0.347049417101
 167                     0.553784489889                    -0.345416925721
 168                    -0.595102431352                    -0.339001591518
 169                    -0.121154894417                    -0.337261313873
 170                     0.352792642517                    -0.335521036226
 171                     0.827447396380                    -0.334783681472
 172                    -0.321709804265                    -0.327473210645
 173                     0.152237732669                    -0.325732932999
 174                    -0.829247208034                    -0.325148580292
 175                     0.626622207127                    -0.324100441619
 176                     0.907431285474                    -0.319555218743
 177                    -0.522264714113                    -0.317685107416
 178                    -0.729744025429                    -0.316272572390
 179                    -0.048317177178                    -0.315944829771
 180                     0.425630359756                    -0.314204552125
 181                    -0.912027135095                    -0.306192064777
 182                    -0.248872087027                    -0.306156726543
 183                     0.225075449908                    -0.304416448897
 184                     0.699486395847                    -0.302776367814
 185                    -0.449426996875                    -0.296368623315
 186                     0.024520540060                    -0.294628345670
 187                     0.498905014518                    -0.292995854290
 188                    -0.649981906723                    -0.286580520087
 189                    -0.176034369788                    -0.284840242442
 190                     0.297913167147                    -0.283099964795
 191                     0.774629592442                    -0.280285927994
 192                    -0.376589279636                    -0.275052139213
 193                     0.097358257299                    -0.273311861568
 194                     0.571742731756                    -0.271679370188
 195                    -0.577144189484                    -0.265264035985
 196                     0.855459806385                    -0.264249785842
 197                    -0.784489085643                    -0.263711142339
 198                    -0.103196652549                    -0.263523758340
 199                     0.370750884385                    -0.261783480693
 200                    -0.303751562397                    -0.253735655112
 201                     0.170195974537                    -0.251995377466
 202                    -0.859395479525                    -0.251514515646
 203                     0.644596043549                    -0.250366685773
 204                     0.930207631560                    -0.245265056081
 205                    -0.504306472246                    -0.243947551883
 206                    -0.711661276627                    -0.242360831313
 207                    -0.030358935311                    -0.242207274238
 208                     0.444025539147                    -0.240574782859
 209                    -0.933324905358                    -0.233348873408
 210                    -0.230913845159                    -0.232419171010
 211                     0.243033691776                    -0.230678893364
 212                     0.718427714249                    -0.229285198249
 213                    -0.431468755007                    -0.222631067782
 214                     0.042478781928                    -0.220890790136
 215                     0.516863256385                    -0.219258298757
 216                    -0.632023664855                    -0.212842964553
 217                    -0.158076127920                    -0.211102686908
 218                     0.802426473012                    -0.209666816009
 219                     0.315871409015                    -0.209362409262
 220                    -0.358631037768                    -0.201314583680
 221                     0.115316499167                    -0.199574306035
 222                     0.589716568179                    -0.197945614341
 223                    -0.559185947616                    -0.191526480452
 224                     0.876038345703                    -0.191200150206
 225                    -0.766565092862                    -0.189965254116
 226                    -0.085238410681                    -0.189786202807
 227                     0.389146063776                    -0.188153711427
 228                    -0.285793320529                    -0.179998099578
 229                     0.188154216405                    -0.178257821933
 230                    -0.875141103920                    -0.177273012029
 231                     0.662554285418                    -0.176629130240
 232                    -0.486348230377                    -0.170209996350
 233                    -0.693703034759                    -0.168623275780
 234                    -0.012400693443                    -0.168469718705
 235                     0.461983781015                    -0.166837227325
 236                     0.947624339551                    -0.165997550503
 237                    -0.948814548252                    -0.159053540378
 238                    -0.212955603291                    -0.158681615477
 239                     0.260991933644                    -0.156941337831
 240                     0.735392002656                    -0.155312646138
 241                    -0.413510513139                    -0.148893512249
 242                     0.060437023796                    -0.147153234603
 243                     0.534837092808                    -0.145524542910
 244                    -0.614065422987                    -0.139105409020
 245                    -0.140117886052                    -0.137365131375
 246                     0.334266588405                    -0.135732639996
 247                     0.808229719895                    -0.133996162037
 248                    -0.814728024924                    -0.131313250551
 249                    -0.340672795900                    -0.127577028147
 250                     0.133274741035                    -0.125836750501
 251                     0.607674810047                    -0.124208058808
 252                    -0.541227705748                    -0.117788924919
 253                    -0.067280168813                    -0.116048647273
 254                     0.881841592587                    -0.115529496234
 255                     0.407104305644                    -0.114416155894
 256                    -0.741891604838                    -0.109992334624
 257                    -0.267835078661                    -0.106260544045
 258                     0.206112458273                    -0.104520266400
 259                     0.680512527285                    -0.102891574707
 260                    -0.884726226627                    -0.101987880896
 261                    -0.468389988509                    -0.096472440817
 262                     0.005557548425                    -0.094732163172
 263                     0.479957617437                    -0.093103471479
 264                     0.957760526673                    -0.090784631017
 265                    -0.668944898358                    -0.086684337589
 266                    -0.194997361423                    -0.084944059944
 267                    -0.958399670959                    -0.083768409246
 268                     0.279387113034                    -0.083311568564
 269                     0.753350244524                    -0.081575090605
 270                    -0.395552271271                    -0.075155956715
 271                     0.078395265664                    -0.073415679070
 272                     0.552795334676                    -0.071786987377
 273                    -0.596107181119                    -0.065367853487
 274                    -0.122159644184                    -0.063627575842
 275                     0.352224830273                    -0.061995084463
 276                     0.826187961762                    -0.060258606503
 277                    -0.798198156050                    -0.057242412957
 278                    -0.322714554032                    -0.053839472614
 279                     0.151232982903                    -0.052099194968
 280                     0.625633051914                    -0.050470503275
 281                    -0.523269463880                    -0.044051369385
 282                    -0.049321926945                    -0.042311091740
 283                     0.899799834454                    -0.041791940700
 284                     0.425078142066                    -0.040682400047
 285                    -0.725361735963                    -0.035921497030
 286                    -0.249876836794                    -0.032522988512
 287                     0.224507637663                    -0.030890497133
 288                     0.698470769153                    -0.029154019173
 289                    -0.868196357752                    -0.027917043301
 290                    -0.450431746641                    -0.022734885284
 291                     0.023515790293                    -0.020994607639
 292                     0.497915859305                    -0.019365915945
 293                    -0.650986656490                    -0.012946782056
 294                    -0.177039119555                    -0.011206504410
 295                     0.297345354902                    -0.009574013031
 296                    -0.962020624782                    -0.007961983130
 297                     0.771308486392                    -0.007837535072
 298                    -0.377594029403                    -0.001418401182
 299                     0.096353507532                     0.000321876463
 300                     0.962052212640                     0.001617355045
 301                     0.570753576543                     0.001950568156
 302                    -0.578148939251                     0.008369702046
 303                    -0.104201402316                     0.010109979691
 304                     0.370198666695                     0.011738671384
 305                     0.845155907850                     0.013233634978
 306                    -0.780244400831                     0.016496235123
 307                    -0.304756312164                     0.019898082919
 308                     0.169628162292                     0.021530574298
 309                     0.643591293782                     0.023267052258
 310                    -0.505311222012                     0.029686186148
 311                    -0.031363685077                     0.031426463793
 312                     0.443036383934                     0.033055155486
 313                    -0.707403494095                     0.037816058503
 314                    -0.902872676374                     0.039590574593
 315                    -0.231918594925                     0.041214567021
 316                     0.242465879531                     0.042847058400
 317                     0.716429011021                     0.044583536360
 318                    -0.432473504773                     0.051002670249
 319                     0.041474032161                     0.052742947895
 320                     0.515874101173                     0.054371639588
 321                    -0.633028414622                     0.060790773478
 322                    -0.159080877687                     0.062531051123
 323                     0.315319191324                     0.064159742815
 324                     0.789266728260                     0.065900020462
 325                    -0.833561765378                     0.070505347176
 326                    -0.359635787535                     0.072319154351
 327                     0.936678538282                     0.073142890321
 328                     0.114748686921                     0.073951645730
 329                     0.588711818411                     0.075688123690
 330                    -0.560190697383                     0.082107257579
 331                    -0.086243160448                     0.083847535224
 332                     0.388156908563                     0.085476226917
 333                     0.862102963370                     0.087221568294
 334                    -0.760724091381                     0.091821979031
 335                    -0.957631289032                     0.092137885532
 336                    -0.286798070296                     0.093635638453
 337                     0.187586404160                     0.095268129831
 338                     0.661549535650                     0.097004607791
 339                    -0.487352980144                     0.103423741681
 340                    -0.013405443209                     0.105164019326
 341                     0.460994625802                     0.106792711019
 342                    -0.687907889992                     0.113211844909
 343                    -0.213960353057                     0.114952122554
 344                     0.260439715953                     0.116580814247
 345                     0.734387252888                     0.118321091893
 346                    -0.888741475387                     0.123979982243
 347                    -0.414515262905                     0.124740225782
 348                     0.059869211551                     0.126372717161
 349                     0.533832343041                     0.128109195121
 350                    -0.615070172754                     0.134528329011
 351                    -0.141122635819                     0.136268606656
 352                     0.333277433192                     0.137897298349
 353                     0.807223487999                     0.139642639726
 354                    -0.815603673089                     0.144242939138
 355                    -0.341677545667                     0.146056709884
 356                     0.132706928789                     0.147689201263
 357                     0.950641847916                     0.147740152543
 358                     0.606670060279                     0.149425679223
 359                    -0.542232455515                     0.155844813112
 360                    -0.068284918580                     0.157585090758
 361                     0.406115150431                     0.159213782450
 362                    -0.742787383793                     0.165632903024
 363                    -0.268839828428                     0.167373193986
 364                     0.877550570238                     0.168170293865
 365                     0.205560240583                     0.169001885678
 366                     0.679507777518                     0.170742163324
 367                    -0.946286823352                     0.173459861735
 368                    -0.469394738276                     0.177161297214
 369                     0.004989736180                     0.178793788593
 370                     0.478952867670                     0.180530266552
 371                    -0.669949648124                     0.186949400442
 372                    -0.196002111189                     0.188689678087
 373                     0.278397957822                     0.190318369780
 374                     0.752751499103                     0.192487014759
 375                    -0.396557021037                     0.198477781316
 376                    -0.874663316753                     0.198555655196
 377                     0.077827453419                     0.200110272694
 378                     0.551790584908                     0.201846750654
 379                    -0.597111930886                     0.208265884544
 380                    -0.123164393951                     0.210006162189
 381                     0.351235675060                     0.211634853882
 382                    -0.798570824839                     0.218199734819
 383                    -0.323719303799                     0.219794265417
 384                     0.150680765212                     0.221422957110
 385                     0.936038296239                     0.222214724213
 386                     0.624628302147                     0.223163234756
 387                    -0.524274213647                     0.229582368646
 388                    -0.049889739191                     0.231214860024
 389                     0.424073392299                     0.232951337984
 390                     0.838389952391                     0.233179305215
 391                    -0.724829123496                     0.239370471873
 392                    -0.250881586560                     0.241110749519
 393                     0.223518482451                     0.242739441211
 394                     0.697466019386                     0.244479718858
 395                    -0.451436496408                     0.250898852747
 396                     0.022947978048                     0.252531344126
 397                    -0.928160210035                     0.252918200662
 398                     0.496911109538                     0.254267822086
 399                    -0.651991406256                     0.260686955976
 400                    -0.178043869321                     0.262427233621
 401                     0.296356199689                     0.264055925313
 402                     0.770135761805                     0.266361996704
 403                    -0.852846986471                     0.271245223086
 404                    -0.378598779169                     0.272215336849
 405                     0.095801289841                     0.273844028541
 406                     0.569748826776                     0.275584306187
 407                    -0.579153689018                     0.282003440077
 408                    -0.104769214561                     0.283635931456
 409                     0.369193916928                     0.285372409415
 410                    -0.779770165260                     0.291727013746
 411                    -0.305761061931                     0.293531820950
 412                     0.168639007080                     0.295160512643
 413                     0.915609731626                     0.295306442587
 414                     0.642586544015                     0.296900790289
 415                    -0.506315971779                     0.303319924179
 416                    -0.031931497323                     0.304952415557
 417                     0.442031634167                     0.306688893517
 418                     0.839955878011                     0.309056004036
 419                    -0.706870881627                     0.313108027407
 420                    -0.232923344692                     0.314848305052
 421                     0.241476724318                     0.316476996745
 422                     0.715256286434                     0.318783068135
 423                    -0.433478254540                     0.324636408281
 424                     0.040921814470                     0.326265099973
 425                    -0.904998739058                     0.326380694873
 426                     0.514869351405                     0.328005377619
 427                    -0.634033164389                     0.334424511509
 428                    -0.159648689932                     0.336057002887
 429                     0.314314441557                     0.337793480847
 430                    -0.360640537301                     0.345952892382
 431                     0.113759531709                     0.347581584074
 432                     0.587707068644                     0.349321861721
 433                    -0.561195447149                     0.355740995610
 434                    -0.086810972694                     0.357373486989
 435                     0.387152158796                     0.359109964948
 436                    -0.837587310500                     0.361243638621
 437                    -0.761811923392                     0.365464569279
 438                     0.889483282054                     0.366560454262
 439                    -0.287802820063                     0.367269376484
 440                     0.186597248948                     0.368898068176
 441                     0.660376811063                     0.371204139567
 442                    -0.488357729911                     0.377057479712
 443                     0.807652298591                     0.377730630381
 444                    -0.013957660900                     0.378686171404
 445                     0.459989876035                     0.380426449050
 446                    -0.688997534915                     0.386866305876
 447                    -0.214528165303                     0.388478074319
 448                     0.259434966186                     0.390214552278
 449                     0.733214528302                     0.392520623669
 450                    -0.415520012672                     0.398373963814
 451                     0.058880056338                     0.400002655506
 452                     0.532827593273                     0.401742933152
 453                    -0.616074922520                     0.408162067042
 454                    -0.141690448064                     0.409794558420
 455                     0.332272683425                     0.411531036380
 456                    -0.342682295433                     0.419690447915
 457                     0.131717773577                     0.421319139607
 458                     0.605497335692                     0.423625210998
 459                    -0.543237205281                     0.429478551143
 460                    -0.068837136271                     0.431107242836
 461                     0.405110400664                     0.432847520482
 462                    -0.858497716741                     0.434198970556
 463                     0.857821533719                     0.435533341974
 464                    -0.775707551257                     0.440074468576
 465                    -0.269407640674                     0.440899145750
 466                     0.204555490815                     0.442635623709
 467                     0.678335052931                     0.444941695100
 468                     0.783241923355                     0.449590627096
 469                    -0.470399488043                     0.450795035245
 470                     0.004000580968                     0.452423726937
 471                     0.477948117903                     0.454164004583
 472                    -0.670954397890                     0.460583138473
 473                    -0.196569923435                     0.462215629852
 474                     0.277393208054                     0.463952107811
 475                    -0.397561770804                     0.472111519347
 476                     0.076838298206                     0.473740211039
 477                    -0.598116680652                     0.481899622575
 478                    -0.123716611642                     0.483528314267
 479                     0.350230925293                     0.485268591913
 480                     0.567917835749                     0.489560836657
 481                    -0.324287116045                     0.493320217182
 482                     0.149676015445                     0.495056695141
 483                    -0.821600780041                     0.500518964594
 484                     0.728362447984                     0.502011698527
 485                    -0.525278963413                     0.503216106677
 486                    -0.733697751985                     0.503279708170
 487                    -0.050878894403                     0.504844798369
 488                     0.423068642532                     0.506585076015
 489                     0.640755552987                     0.510877320758
 490                    -0.251449398806                     0.514636701283
 491                     0.222513732683                     0.516373179242
 492                     0.808716526222                     0.521080277786
 493                    -0.452441246175                     0.524532590778
 494                     0.021958822836                     0.526161282470
 495                     0.501513385517                     0.526305557861
 496                    -0.652996156023                     0.534320694006
 497                    -0.178596087013                     0.535949385699
 498                     0.295351449922                     0.537689663344
 499                    -0.379166591415                     0.545741288613
 500                     0.094796540074                     0.547477766572
 501                    -0.580158438784                     0.555637178108
 502                    -0.105758369774                     0.557265869800
 503                     0.368189167161                     0.559006147446
 504                    -0.779590980769                     0.563724204187
 505                    -0.306328874177                     0.567057772715
 506                     0.690782948041                     0.567947324186
 507                     0.167634257313                     0.568794250674
 508                     0.586396792025                     0.570306870797
 509                    -0.507320721546                     0.576953662210
 510                    -0.032920652535                     0.578582353902
 511                     0.441026884400                     0.580322631548
 512                     0.765126072732                     0.583205940048
 513                    -0.707423768161                     0.587210774210
 514                    -0.233475562384                     0.588370457130
 515                     0.240471974551                     0.590110734776
 516                    -0.434046066786                     0.598162360045
 517                     0.039917064703                     0.599898838004
 518                     0.514002019673                     0.601163821024
 519                    -0.634586050922                     0.608527258311
 520                    -0.160637845145                     0.609686941232
 521                     0.313309691790                     0.611427218877
 522                    -0.361208349547                     0.619478844147
 523                     0.112754781942                     0.621215322105
 524                     0.640907894245                     0.625150510774
 525                    -0.087800127906                     0.631003425333
 526                     0.386147409029                     0.632743702979
 527                    -0.563816170074                     0.635974791449
 528                    -0.288355037754                     0.640791528562
 529                     0.185592499181                     0.642531806207
 530                     0.715019098107                     0.643120425117
 531                    -0.488925542157                     0.650583431476
 532                    -0.014962410668                     0.652319909435
 533                     0.570050187080                     0.652333426039
 534                    -0.215517320516                     0.662108012663
 535                    -0.697626313284                     0.662468567327
 536                     0.258430216419                     0.663848290309
 537                     0.469329217639                     0.664550524162
 538                    -0.416087824918                     0.671899915578
 539                     0.057875306571                     0.673636393537
 540                    -0.142679603277                     0.683424496765
 541                    -0.624788596045                     0.683785051429
 542                     0.331267933658                     0.685164774411
 543                    -0.343234513125                     0.693212599993
 544                     0.130713023810                     0.694952877639
 545                     0.662026483166                     0.698045851838
 546                    -0.069841886038                     0.704740980867
 547                     0.404105650897                     0.706481258513
 548                    -0.534636138189                     0.711166159687
 549                    -0.270396795886                     0.714529084095
 550                     0.203550741049                     0.716269361740
 551                     0.532676785845                     0.718386090082
 552                     0.002995831200                     0.726057464969
 553                    -0.197559078647                     0.735845568196
 554                     0.276388458287                     0.737585845842
 555                    -0.398113988496                     0.745633671425
 556                     0.075833548439                     0.747373949070
 557                     0.604943161953                     0.748058050213
 558                     0.464712884375                     0.752159358267
 559                    -0.597004203648                     0.754409077695
 560                    -0.473312308576                     0.755877606416
 561                    -0.124721361409                     0.757162052298
 562                     0.349226175526                     0.758902329943
 563                    -0.325282745433                     0.766972265126
 564                     0.148671265678                     0.768690433172
 565                    -0.051883644170                     0.778478536400
 566                    -0.252438554018                     0.788266639628
 567                     0.221508982917                     0.790006917274
 568                     0.544095249315                     0.793415046086
 569                    -0.535680374035                     0.799120524424
 570                     0.020954073068                     0.799795020502
 571                     0.409833409004                     0.804580429698
 572                    -0.179600836779                     0.809583123730
 573                     0.093791790307                     0.821111504603
 574                    -0.397137304405                     0.821520242272
 575                    -0.106763119541                     0.830899607832
 576                     0.331714252656                     0.832747154437
 577                     0.479861404843                     0.833834580612
 578                    -0.471022978776                     0.838859004331
 579                    -0.307226901288                     0.840782947098
 580                    -0.033925402302                     0.852216091934
 581                     0.259396503949                     0.855766032969
 582                     0.183333954198                     0.856005697643
 583                    -0.235260239210                     0.864877035510
 584                     0.392321486134                     0.878425254191
 585                    -0.161642594911                     0.883320679264
 586                    -0.364831507411                     0.890193825458
 587                     0.032884422871                     0.892061393494
 588                     0.117085099920                     0.893341327213
 589                     0.318374439024                     0.907761045857
 590                    -0.290937156597                     0.916827666037
 591                    -0.062006389034                     0.922722713830
 592                     0.245117340283                     0.930303480148
 593                    -0.214424081090                     0.937853607516
 594                     0.171023552980                     0.946730172757
 595                    -0.131593278164                     0.953011167208
 596                     0.078726841158                     0.958826970920
 597                     0.002902420121                     0.962049193981
