   1                     0.023017903183                    -0.960247189804
   2                    -0.055924434900                    -0.958893605659
   3                    -0.134488910586                    -0.951061103359
   4                     0.168336487930                    -0.945657081729
   5                    -0.212144690417                    -0.936802604459
   6                     0.092678349549                    -0.923083401729
   7                     0.273920088561                    -0.920636885246
   8                    -0.288367080685                    -0.916214448790
   9                    -0.362641072607                    -0.889435743520
  10                    -0.008514617027                    -0.887863316591
  11                    -0.087456955110                    -0.886509732447
  12                     0.207901794045                    -0.877332038852
  13                    -0.165290231655                    -0.873254318674
  14                     0.410223878169                    -0.868516470295
  15                     0.331298266849                    -0.866401568447
  16                     0.132242616166                    -0.854757756917
  17                    -0.425670919373                    -0.841886155206
  18                     0.054441236746                    -0.839422812220
  19                    -0.301581861172                    -0.838374263097
  20                     0.475525897472                    -0.824138872264
  21                     0.265279972333                    -0.823096722053
  22                    -0.224545981187                    -0.821076918591
  23                    -0.501329170648                    -0.819312853586
  24                    -0.026017134900                    -0.810873792628
  25                    -0.104959472983                    -0.809520208483
  26                     0.189621721058                    -0.800523420432
  27                     0.546627221973                    -0.789812110310
  28                     0.404442760566                    -0.789774463645
  29                    -0.361482228447                    -0.786938177199
  30                     0.113856000107                    -0.777974573328
  31                     0.324178824341                    -0.769967454465
  32                    -0.169681134553                    -0.764300395838
  33                    -0.436951929156                    -0.763742289482
  34                     0.036422934296                    -0.762552340964
  35                    -0.589708048180                    -0.758187910287
  36                     0.247708227123                    -0.746122968718
  37                    -0.246346246331                    -0.745149777833
  38                     0.609647371040                    -0.742249669840
  39                    -0.512610180431                    -0.741168987862
  40                     0.464608035905                    -0.738073675020
  41                    -0.036644704990                    -0.732638380658
  42                     0.172049975848                    -0.723549667098
  43                    -0.320997637103                    -0.719153792598
  44                     0.380744656687                    -0.714460953538
  45                    -0.112302956265                    -0.710065079038
  46                     0.538020882953                    -0.709016529173
  47                    -0.649985377763                    -0.707194102130
  48                     0.096391724573                    -0.700976365478
  49                    -0.396467337812                    -0.695957904881
  50                     0.305086405411                    -0.691887651918
  51                     0.668548340048                    -0.689672100648
  52                    -0.187961207541                    -0.687491777418
  53                     0.020733473298                    -0.678403063858
  54                    -0.472125589087                    -0.673384603260
  55                    -0.551070883804                    -0.672216110996
  56                     0.229428154136                    -0.669314350298
  57                    -0.263619458816                    -0.664918475798
  58                     0.440567674825                    -0.662867728524
  59                    -0.054924777977                    -0.655829762238
  60                     0.153769902861                    -0.646741048678
  61                    -0.697324640385                    -0.644006135344
  62                    -0.339089159524                    -0.641722588081
  63                     0.362464693013                    -0.637652309102
  64                     0.569260900324                    -0.636505912727
  65                    -0.130583029253                    -0.633256460618
  66                     0.722932155168                    -0.632434651500
  67                    -0.619232800962                    -0.632370433923
  68                     0.078111651585                    -0.624167747058
  69                    -0.414747410799                    -0.619149286460
  70                     0.286806441736                    -0.615079007482
  71                     0.645028214968                    -0.614301358818
  72                    -0.206241280528                    -0.610683158998
  73                     0.496135783568                    -0.606732678402
  74                     0.002453400310                    -0.601594445438
  75                    -0.490405662075                    -0.596575984840
  76                     0.211148190461                    -0.592505705862
  77                    -0.756555658917                    -0.591800662684
  78                    -0.281710981236                    -0.587487271281
  79                     0.420491606446                    -0.584111649324
  80                    -0.073204850965                    -0.579021143818
  81                    -0.566063913350                    -0.574002683220
  82                     0.135489829873                    -0.569932430258
  83                    -0.357369232511                    -0.564913969660
  84                     0.758115527608                    -0.561753287367
  85                     0.344184622586                    -0.560843690073
  86                    -0.648385526265                    -0.558722782803
  87                     0.558430812644                    -0.557819426648
  88                    -0.148863102240                    -0.556447842198
  89                     0.059831578598                    -0.547359128638
  90                    -0.433027483787                    -0.542340668040
  91                     0.677426451437                    -0.542300742415
  92                     0.268526368858                    -0.538270389036
  93                    -0.224332802949                    -0.533251954481
  94                     0.477869836413                    -0.529876387198
  95                    -0.015826672677                    -0.524785827018
  96                    -0.805525559862                    -0.522989666655
  97                    -0.508685735062                    -0.519767366420
  98                    -0.725015703219                    -0.519420029041
  99                     0.192868008161                    -0.515697113458
 100                    -0.299991054224                    -0.510678652860
 101                     0.815493711290                    -0.507517976273
 102                     0.402211495809                    -0.507302986716
 103                    -0.091484923952                    -0.502212525398
 104                     0.611458420029                    -0.498919329173
 105                    -0.584343986337                    -0.497194064800
 106                     0.117209756886                    -0.493123811838
 107                    -0.375649305499                    -0.488105351240
 108                     0.733574250043                    -0.486710295505
 109                     0.325904547147                    -0.484035072236
 110                    -0.166954624661                    -0.479016637681
 111                     0.535825984346                    -0.476259133922
 112                    -0.660002237612                    -0.474620763179
 113                     0.041551505611                    -0.470550510218
 114                    -0.451307556774                    -0.465532049620
 115                     0.250246186449                    -0.461461796658
 116                    -0.242612875936                    -0.456443336060
 117                    -0.846633630967                    -0.453669465922
 118                     0.459589744481                    -0.453067744378
 119                    -0.767682632941                    -0.452987672164
 120                    -0.034106745664                    -0.447977208598
 121                     0.667635534869                    -0.443284372679
 122                    -0.526965808049                    -0.442958748000
 123                     0.174587935174                    -0.438888495038
 124                    -0.318271127211                    -0.433870034440
 125                     0.790952433725                    -0.432474984411
 126                     0.383931393743                    -0.430494340020
 127                    -0.109576446373                    -0.424781320880
 128                     0.591967319939                    -0.420744492881
 129                    -0.602624059324                    -0.420385446379
 130                     0.098929683899                    -0.416315193418
 131                     0.867373175565                    -0.412635751849
 132                    -0.393929378486                    -0.411296732820
 133                     0.307624364737                    -0.407226479858
 134                    -0.185234697648                    -0.402208019260
 135                     0.516315325741                    -0.398150230206
 136                    -0.678282310599                    -0.397812144759
 137                     0.023271432624                    -0.393741891798
 138                     0.725013724010                    -0.389049053296
 139                    -0.469587629761                    -0.388723431200
 140                     0.231966113462                    -0.384653178238
 141                    -0.260892948923                    -0.379634717640
 142                    -0.832891559900                    -0.375920636896
 143                     0.440657074466                    -0.375576928587
 144                    -0.753940561874                    -0.375238843139
 145                    -0.052198268085                    -0.370546004080
 146                     0.649355472735                    -0.366475751676
 147                    -0.545245881036                    -0.366150129579
 148                     0.156307862187                    -0.362079876618
 149                    -0.336551200198                    -0.357061416020
 150                     0.795591038396                    -0.353657421148
 151                     0.365002543025                    -0.352991163058
 152                    -0.127856519360                    -0.347972702460
 153                     0.573693504029                    -0.343914913406
 154                    -0.620904132311                    -0.343576827959
 155                     0.898332451107                    -0.340004848027
 156                     0.080649610911                    -0.339506574997
 157                    -0.900287774495                    -0.334793089068
 158                    -0.412209451473                    -0.334488114400
 159                     0.289344291750                    -0.330417861438
 160                    -0.203514770635                    -0.325399400840
 161                     0.498035252753                    -0.321341611786
 162                    -0.696562383586                    -0.321003526339
 163                     0.005179910203                    -0.316310687280
 164                     0.706733652540                    -0.312240434515
 165                    -0.487867702748                    -0.311914812779
 166                     0.213686040475                    -0.307844559817
 167                    -0.279173021910                    -0.302826099220
 168                     0.422380721313                    -0.298755846257
 169                    -0.772220634862                    -0.298430224718
 170                    -0.070478341072                    -0.293737385660
 171                     0.631075401183                    -0.289667132915
 172                    -0.563525954023                    -0.289341511159
 173                     0.837619991398                    -0.286819617162
 174                     0.138027789199                    -0.285271258197
 175                    -0.354831273185                    -0.280252797599
 176                     0.346722470037                    -0.276182544637
 177                    -0.847851727651                    -0.275766095892
 178                    -0.146136592347                    -0.271164084040
 179                     0.555413503362                    -0.267106056852
 180                    -0.639184205298                    -0.266768209539
 181                     0.912692153938                    -0.262367718594
 182                     0.062558088491                    -0.262075370480
 183                    -0.925130238179                    -0.258300892558
 184                     0.764111831704                    -0.258005117507
 185                    -0.430489524460                    -0.257679495979
 186                     0.271064218762                    -0.253609243017
 187                    -0.221794843622                    -0.248590782420
 188                     0.479758900273                    -0.244520530169
 189                    -0.714842456573                    -0.244194907919
 190                    -0.013100162784                    -0.239502068860
 191                     0.688453580428                    -0.235431815887
 192                    -0.506147775735                    -0.235106194359
 193                     0.195405967487                    -0.231035941397
 194                    -0.297453094897                    -0.226017480799
 195                     0.404100648325                    -0.221947227837
 196                    -0.790473549363                    -0.221530779092
 197                    -0.088758414059                    -0.216928767239
 198                     0.612795329153                    -0.212858514267
 199                    -0.581806027010                    -0.212532892739
 200                     0.119936266779                    -0.207840053680
 201                     0.829750452144                    -0.205803060764
 202                    -0.373111346172                    -0.203444179179
 203                    -0.870412748873                    -0.200104181738
 204                     0.328442397050                    -0.199373926217
 205                    -0.164416665334                    -0.194355465619
 206                     0.537137077878                    -0.190285212646
 207                    -0.657464278285                    -0.189959591119
 208                     0.941753580023                    -0.188956830805
 209                     0.044278015504                    -0.185266752059
 210                     0.745831758716                    -0.181196499086
 211                    -0.448769597447                    -0.180870877559
 212                     0.252784145775                    -0.176800624597
 213                    -0.944732199309                    -0.173451898179
 214                    -0.240074916610                    -0.171782163999
 215                     0.461478826603                    -0.167711911026
 216                    -0.733095371075                    -0.167295462292
 217                    -0.031380235771                    -0.162693450439
 218                     0.670173507441                    -0.158623197466
 219                    -0.524427848723                    -0.158297575939
 220                     0.177314445066                    -0.153604736880
 221                    -0.315733167885                    -0.149208862379
 222                     0.385820575328                    -0.145138609406
 223                    -0.808753622350                    -0.144722160672
 224                    -0.107038487047                    -0.140120148819
 225                     0.881376956325                    -0.138080625729
 226                     0.594515256166                    -0.136049895846
 227                    -0.600086099997                    -0.135724274319
 228                     0.101656193792                    -0.131031435259
 229                     0.803209937004                    -0.126961182286
 230                    -0.391391419160                    -0.126635560759
 231                     0.310162324053                    -0.122565307786
 232                    -0.884490919460                    -0.122415507885
 233                    -0.182696738322                    -0.117546847199
 234                     0.518857004891                    -0.113476594226
 235                    -0.675717192787                    -0.113060145492
 236                     0.025997942516                    -0.108458133639
 237                     0.954128606298                    -0.107105733775
 238                     0.727551685729                    -0.104387880666
 239                    -0.467049670435                    -0.104062259138
 240                     0.234692623344                    -0.099369420068
 241                    -0.258354989597                    -0.094973545579
 242                     0.443198753615                    -0.090903292606
 243                    -0.751375444062                    -0.090486843872
 244                    -0.956329290070                    -0.089659234591
 245                    -0.049660308759                    -0.085884832019
 246                     0.651893434454                    -0.081814579046
 247                    -0.542707921710                    -0.081488957518
 248                     0.159034372069                    -0.076796118448
 249                    -0.334013240872                    -0.072400243959
 250                     0.367540502340                    -0.068329990986
 251                    -0.827033695337                    -0.067913542252
 252                    -0.125318560034                    -0.063311530399
 253                     0.889106890923                    -0.059505992143
 254                     0.576235183179                    -0.059241277426
 255                    -0.618339014500                    -0.058824828691
 256                     0.083376120794                    -0.054222816828
 257                     0.784930371439                    -0.050152443102
 258                    -0.409671492147                    -0.049826942338
 259                     0.292070801632                    -0.045134103268
 260                    -0.200976811309                    -0.040738228779
 261                     0.500576931903                    -0.036667975806
 262                    -0.693997265775                    -0.036251527071
 263                    -0.898979495333                    -0.035393905184
 264                     0.007717869519                    -0.031649515208
 265                     0.709271612742                    -0.027579262246
 266                    -0.485329743422                    -0.027253640718
 267                     0.960193732895                    -0.025149248549
 268                     0.216412550357                    -0.022560801648
 269                    -0.276635062584                    -0.018164927159
 270                     0.424918680628                    -0.014094674186
 271                    -0.769655517050                    -0.013678225451
 272                    -0.067940381756                    -0.009076213588
 273                     0.633613361466                    -0.005005960626
 274                    -0.560960836212                    -0.004589511891
 275                     0.140754299082                     0.000012499972
 276                     0.842308235288                     0.004083399761
 277                    -0.352293313859                     0.004408374462
 278                     0.349448979920                     0.009101213532
 279                    -0.143598633032                     0.013497088032
 280                    -0.960418139813                     0.014194580339
 281                     0.557955110191                     0.017567340994
 282                    -0.636619087487                     0.017983789729
 283                     0.065096047807                     0.022585801592
 284                     0.766649791029                     0.026656054554
 285                    -0.427951565134                     0.026981676082
 286                     0.273790728645                     0.031674515152
 287                    -0.861318804065                     0.033999158340
 288                    -0.219256884307                     0.036070389653
 289                     0.913395077260                     0.038440143356
 290                     0.482296858916                     0.040140642614
 291                    -0.712277338762                     0.040557091349
 292                    -0.010562203468                     0.045159103213
 293                     0.690991539754                     0.049229356174
 294                    -0.503582657924                     0.049645804909
 295                     0.198132477369                     0.054247816772
 296                    -0.294915135582                     0.058643691273
 297                    -0.787935590037                     0.063130392970
 298                     0.406827158207                     0.063336530332
 299                    -0.086220454744                     0.067732404833
 300                     0.615333288479                     0.071802657794
 301                    -0.579240909199                     0.072219106529
 302                     0.122474226094                     0.076821118392
 303                     0.824028162301                     0.080892018182
 304                    -0.370573386857                     0.081216992893
 305                     0.331168906932                     0.085909831952
 306                    -0.161878706019                     0.090305706453
 307                    -0.956007737243                     0.093025242401
 308                     0.539675037204                     0.094375959414
 309                    -0.654899160474                     0.094792408149
 310                     0.046815974819                     0.099394420013
 311                     0.748369718042                     0.103464672975
 312                    -0.446204479647                     0.103881121720
 313                     0.954685408251                     0.105736751731
 314                     0.255510655657                     0.108483133572
 315                    -0.879109064481                     0.110922701981
 316                    -0.237536957294                     0.112879008073
 317                    -0.730557411749                     0.117365709769
 318                     0.464205336495                     0.117571847132
 319                    -0.028842276456                     0.121967721633
 320                     0.672711466767                     0.126037974595
 321                    -0.521862730922                     0.126454423340
 322                     0.179852404382                     0.131056435193
 323                     0.881405876911                     0.135127825524
 324                    -0.313195208569                     0.135452309693
 325                     0.388547085220                     0.140145148752
 326                    -0.805984948568                     0.140698339741
 327                    -0.104500527731                     0.144541023253
 328                     0.597053215491                     0.148611276215
 329                    -0.597520982197                     0.149027724961
 330                     0.104194153107                     0.153629736813
 331                     0.805747432653                     0.157700480317
 332                    -0.388826301359                     0.158116438520
 333                     0.312888833945                     0.162718450373
 334                    -0.180158779006                     0.167114324873
 335                    -0.945137915350                     0.171227364521
 336                    -0.673179233472                     0.171601026581
 337                     0.521583514783                     0.171807163932
 338                     0.028535901832                     0.176203038433
 339                     0.730089181378                     0.180273781937
 340                    -0.464484552634                     0.180689740140
 341                     0.237230582670                     0.185291751993
 342                     0.942087142956                     0.187285610915
 343                    -0.868263329488                     0.189228002857
 344                    -0.255817030281                     0.189687626494
 345                     0.445925263508                     0.194380465553
 346                    -0.047122349443                     0.198776340053
 347                    -0.753768828888                     0.199919972423
 348                     0.654430930102                     0.202847083557
 349                    -0.540142803909                     0.203263041761
 350                     0.161572331395                     0.207865053613
 351                    -0.331448123071                     0.212351755320
 352                     0.867375865634                     0.212825211037
 353                     0.370267012233                     0.216953767173
 354                    -0.122780600718                     0.221349641673
 355                    -0.615801055184                     0.225836343381
 356                     0.578980209593                     0.226104635162
 357                     0.085914080120                     0.230438355233
 358                     0.787467359665                     0.234509098737
 359                    -0.407106374346                     0.234925056940
 360                     0.294608760958                     0.239527068793
 361                    -0.198438851993                     0.243922943294
 362                    -0.927882117825                     0.248272561541
 363                    -0.691459306459                     0.248409645001
 364                     0.503303441796                     0.248615782353
 365                     0.010255828845                     0.253011656853
 366                     0.711809108390                     0.257082400357
 367                    -0.482764625621                     0.257498358561
 368                     0.218950509683                     0.262100370413
 369                    -0.850285243400                     0.266107865972
 370                    -0.274069944783                     0.266587072120
 371                     0.921782038821                     0.270041408492
 372                     0.427645190521                     0.271189083973
 373                    -0.065402422431                     0.275584958473
 374                    -0.772048901875                     0.276728590843
 375                    -0.558422876896                     0.280071660181
 376                     0.636360125526                     0.280345588387
 377                     0.143292258408                     0.284673672033
 378                     0.845028271724                     0.288550437868
 379                    -0.349728196058                     0.289160373741
 380                     0.351986939246                     0.293762385593
 381                    -0.141060673705                     0.298158260094
 382                    -0.634081128171                     0.302644961801
 383                     0.560700144410                     0.302913255440
 384                     0.067634007132                     0.307246973653
 385                     0.769187286677                     0.311317717157
 386                    -0.425386447333                     0.311733675361
 387                     0.276328687971                     0.316335687213
 388                    -0.216691766495                     0.320822388921
 389                    -0.904356936226                     0.323640265253
 390                    -0.709739379446                     0.325218263422
 391                     0.485023376613                     0.325424402630
 392                    -0.008024244143                     0.329820275274
 393                    -0.501044698608                     0.334306976981
 394                     0.693927389222                     0.335188189541
 395                     0.200670436696                     0.338908988833
 396                    -0.292350017770                     0.343395690541
 397                    -0.806685114231                     0.347690606043
 398                     0.409365117534                     0.347997702393
 399                     0.894431548016                     0.350138108903
 400                    -0.083682495418                     0.352393576894
 401                    -0.576702949883                     0.356880278601
 402                     0.618079992083                     0.357154192419
 403                     0.125012185420                     0.361482290454
 404                    -0.368008269045                     0.365968992161
 405                     0.333706866259                     0.370571004013
 406                     0.818784593914                     0.372749240391
 407                    -0.159313588207                     0.375057705721
 408                    -0.652361201159                     0.379453580221
 409                     0.542420063619                     0.379721872003
 410                     0.049353934145                     0.384055592074
 411                    -0.443666520320                     0.388542293781
 412                     0.258048614984                     0.393144305633
 413                    -0.874721322210                     0.396821241701
 414                    -0.234971839483                     0.397631007341
 415                    -0.728019452434                     0.402026881842
 416                     0.466743295822                     0.402233019193
 417                    -0.026304317130                     0.406628893694
 418                    -0.519324771596                     0.411115595401
 419                     0.674957070684                     0.411914788305
 420                     0.182390363708                     0.415717607253
 421                     0.753715501430                     0.417467672109
 422                    -0.310630090758                     0.420204308961
 423                     0.391085044547                     0.424806320813
 424                    -0.802402202634                     0.428501990995
 425                    -0.101935409920                     0.429293022521
 426                    -0.594983022871                     0.433688897022
 427                     0.599297142245                     0.434482467863
 428                     0.106732112433                     0.438290908874
 429                    -0.386288342033                     0.442777610582
 430                     0.851405707841                     0.444649086414
 431                     0.315426793272                     0.447379622434
 432                    -0.177593661195                     0.451866324141
 433                    -0.670641274146                     0.456262198642
 434                     0.031073861158                     0.460864210494
 435                     0.525876037795                     0.463518072788
 436                    -0.461946593308                     0.465350912202
 437                     0.239768541996                     0.469952924054
 438                    -0.253251912470                     0.474439625762
 439                     0.448463223194                     0.479041637699
 440                    -0.044557231632                     0.483528339321
 441                    -0.537604844583                     0.487924213822
 442                     0.656564764137                     0.488834509360
 443                     0.164110290721                     0.492526225674
 444                     0.735332640732                     0.494251754864
 445                    -0.328910163745                     0.497012927382
 446                    -0.737796508405                     0.497782066700
 447                     0.372804971580                     0.501614939238
 448                    -0.120215482907                     0.506101640941
 449                    -0.816297890153                     0.506223511827
 450                     0.812010592315                     0.513072399727
 451                     0.088452039446                     0.515099527294
 452                     0.583645001283                     0.519107155715
 453                    -0.404568415020                     0.519586229002
 454                    -0.624392252700                     0.522228316296
 455                     0.297146720284                     0.524188240854
 456                    -0.195873734182                     0.528674942562
 457                     0.012820946656                     0.537763656121
 458                     0.507595968645                     0.540326711950
 459                    -0.480226666295                     0.542159530622
 460                     0.221488469009                     0.546761542474
 461                    -0.271531985457                     0.551248244182
 462                     0.430183149868                     0.555850256038
 463                     0.690199178200                     0.560265952876
 464                    -0.062837304619                     0.560336957741
 465                    -0.693462924824                     0.563113975435
 466                    -0.555884917570                     0.564732832242
 467                     0.145830217733                     0.569334844095
 468                    -0.771964306572                     0.571555420561
 469                    -0.347190236732                     0.573821545802
 470                     0.767128997227                     0.578029057234
 471                     0.354524898572                     0.578423557654
 472                    -0.138495555894                     0.582910259362
 473                     0.070199124944                     0.591998972921
 474                     0.563997159721                     0.595577328031
 475                    -0.422848488007                     0.596394847422
 476                     0.278866647296                     0.600996859274
 477                    -0.625129790504                     0.602665305197
 478                    -0.214153807169                     0.605483560982
 479                    -0.005459126331                     0.614572274542
 480                     0.638967092521                     0.620340892152
 481                     0.203208396021                     0.623570160895
 482                     0.490398151595                     0.624158981848
 483                    -0.505062348189                     0.625770236792
 484                    -0.289812058444                     0.628056862602
 485                     0.411903076859                     0.632658874453
 486                    -0.081117377606                     0.637145576162
 487                    -0.717683188600                     0.638379773107
 488                     0.717064172261                     0.639080168878
 489                     0.127577303232                     0.646234289722
 490                    -0.365470309720                     0.650630164222
 491                     0.336244825584                     0.655232176074
 492                    -0.156775628882                     0.659718877782
 493                     0.051919051957                     0.668807591342
 494                    -0.585191852165                     0.670773204983
 495                    -0.441128560995                     0.673203465842
 496                     0.570964738901                     0.675481558406
 497                     0.260586574309                     0.677805477695
 498                    -0.232433880157                     0.682292179402
 499                    -0.023739199318                     0.691380892962
 500                    -0.661124152700                     0.693482475092
 501                     0.662154388419                     0.695813233052
 502                     0.458511737153                     0.696387656944
 503                    -0.513705115131                     0.704289937526
 504                     0.186329816793                     0.704702055258
 505                    -0.308092131432                     0.704865481022
 506                    -0.099397450594                     0.713954194582
 507                     0.382853485878                     0.718960958564
 508                     0.109297230244                     0.723042908142
 509                    -0.383750382707                     0.727438782642
 510                    -0.175055701869                     0.736527496202
 511                     0.524186571061                     0.740211635804
 512                     0.307195234603                     0.741534260185
 513                     0.033638978969                     0.745616209763
 514                    -0.602943335748                     0.747705706325
 515                     0.602770652449                     0.747844923724
 516                    -0.456326936843                     0.758525254326
 517                    -0.250713953144                     0.759100797823
 518                    -0.042019272306                     0.768189511382
 519                     0.438182140272                     0.775285597356
 520                     0.163515358580                     0.780437328531
 521                    -0.326372204419                     0.781674099443
 522                    -0.531755851479                     0.781853429756
 523                     0.242242222157                     0.786421130273
 524                    -0.117677523581                     0.790762813003
 525                     0.362523888997                     0.797858898977
 526                     0.087857107305                     0.803010630152
 527                    -0.193335774856                     0.813336114623
 528                    -0.397185462564                     0.816591249999
 529                     0.505295957533                     0.816872379686
 530                     0.012198856030                     0.825583931772
 531                    -0.473838601615                     0.835512698295
 532                    -0.268994026131                     0.835909416243
 533                     0.297570876551                     0.842745769064
 534                    -0.063459395245                     0.848157233392
 535                     0.434217171288                     0.856168365222
 536                     0.142159352182                     0.860325472326
 537                     0.221083695798                     0.862487165363
 538                    -0.139117646521                     0.870730535012
 539                     0.066501100907                     0.882898773946
 540                    -0.364747601241                     0.888573956845
 541                     0.361500104998                     0.889898765059
 542                    -0.214775897796                     0.893303836632
 543                    -0.015279583238                     0.910706659025
 544                    -0.290537270837                     0.915528581557
 545                     0.278319035562                     0.919316596085
 546                     0.122927531976                     0.938123612639
 547                     0.201875813248                     0.939069031232
 548                    -0.157397719508                     0.947539153432
 549                    -0.079045106124                     0.957265041977
 550                     0.046888203213                     0.959377916044
