   1                    -0.050025216835                    -0.958176674624
   2                     0.049885187481                    -0.958173475395
   3                     0.130710619706                    -0.950201033828
   4                    -0.203849420351                    -0.937576917344
   5                     0.214289296303                    -0.935246042281
   6                    -0.123837554397                    -0.924729981579
   7                     0.292444300917                    -0.913827879294
   8                    -0.279415499266                    -0.908307305640
   9                    -0.000086873643                    -0.894355797702
  10                    -0.358367296820                    -0.890043786947
  11                     0.079792990650                    -0.880712127649
  12                     0.388431274286                    -0.877340416981
  13                     0.160595119383                    -0.874551085186
  14                    -0.216284232514                    -0.857499967487
  15                    -0.432194103614                    -0.856629043936
  16                     0.238750123997                    -0.853132922198
  17                    -0.134858763751                    -0.844446263452
  18                     0.318160587183                    -0.836979879498
  19                    -0.053693058160                    -0.833045605201
  20                     0.450063815995                    -0.824725093601
  21                     0.027234984518                    -0.818063868125
  22                    -0.348846417455                    -0.809568354000
  23                     0.107114848810                    -0.804420198071
  24                     0.527659512714                    -0.801361654158
  25                    -0.268966553162                    -0.795924683946
  26                     0.186994713103                    -0.790776528018
  27                    -0.470741288981                    -0.785347510898
  28                    -0.551776989743                    -0.784950454298
  29                    -0.186614460765                    -0.782090106750
  30                     0.266405176290                    -0.774623485318
  31                    -0.104400576789                    -0.769351381477
  32                     0.346679725564                    -0.761127383178
  33                    -0.024520712496                    -0.755707711423
  34                     0.593399208974                    -0.753977745628
  35                     0.426508421976                    -0.747187452003
  36                    -0.399656275192                    -0.746439115063
  37                     0.055359151797                    -0.742064041370
  38                    -0.616045833678                    -0.735589962493
  39                    -0.319776410899                    -0.732795445010
  40                     0.135239016090                    -0.728420371316
  41                     0.519493692326                    -0.720737452895
  42                    -0.239296781413                    -0.720514823210
  43                     0.214649479276                    -0.712267328617
  44                    -0.156156273802                    -0.706995224775
  45                    -0.541163971865                    -0.704611756876
  46                     0.654906016869                    -0.701215495538
  47                     0.294643459681                    -0.698665985339
  48                    -0.460909123924                    -0.693382249587
  49                    -0.076276409509                    -0.693351554722
  50                     0.374523338622                    -0.685022401045
  51                    -0.675920244317                    -0.680982294509
  52                     0.003603454783                    -0.679707884668
  53                     0.455205540061                    -0.671402111299
  54                    -0.371532107912                    -0.670439288308
  55                     0.083483319076                    -0.666064214615
  56                     0.579640748847                    -0.663266823239
  57                    -0.290106639149                    -0.657385584273
  58                    -0.601038382503                    -0.650004088893
  59                     0.162893782263                    -0.649911171915
  60                    -0.208857668299                    -0.645412092347
  61                     0.711741190529                    -0.643451272295
  62                     0.242887762668                    -0.636309828637
  63                    -0.128032106523                    -0.630995398020
  64                    -0.513039804585                    -0.628611930121
  65                     0.322767708555                    -0.622666188778
  66                    -0.730973120153                    -0.621516982653
  67                    -0.432784956644                    -0.617382422832
  68                    -0.048152242230                    -0.617351727966
  69                     0.402704704798                    -0.609043765545
  70                     0.639243607216                    -0.607242946377
  71                     0.031727622063                    -0.603708057913
  72                     0.482534985551                    -0.595112899342
  73                    -0.341862336163                    -0.595029427571
  74                    -0.656337655097                    -0.589949755854
  75                     0.111138085250                    -0.587555015214
  76                    -0.259667667829                    -0.582282911372
  77                     0.562414849844                    -0.581469229288
  78                    -0.572914215224                    -0.574004262137
  79                     0.191132065654                    -0.573953671936
  80                    -0.179787803536                    -0.568639241318
  81                     0.706849728945                    -0.562562360474
  82                     0.271012011541                    -0.560310032077
  83                    -0.099907939243                    -0.554995571265
  84                    -0.482637419199                    -0.553494439383
  85                     0.786772974242                    -0.549175153403
  86                     0.350948994835                    -0.546687523644
  87                    -0.758454171984                    -0.545282251446
  88                    -0.020028074950                    -0.541351901212
  89                    -0.402523890281                    -0.541297516160
  90                     0.430779288538                    -0.532756742640
  91                     0.059382388236                    -0.525198858512
  92                    -0.311423364843                    -0.519926754670
  93                     0.510659152830                    -0.519113072586
  94                    -0.684157167527                    -0.512926454737
  95                     0.139376368640                    -0.511597515234
  96                    -0.231543500550                    -0.506283084617
  97                     0.592175371306                    -0.506081416460
  98                    -0.604277303202                    -0.499282784874
  99                     0.219256314527                    -0.497953875375
 100                    -0.821966008573                    -0.494951455058
 101                    -0.151663636257                    -0.492639414563
 102                     0.674376429768                    -0.488316638089
 103                     0.299193297822                    -0.484331366943
 104                    -0.524656148164                    -0.484202528829
 105                    -0.071783771964                    -0.478995744510
 106                     0.754818092025                    -0.474704837475
 107                     0.835781022737                    -0.471248495112
 108                    -0.443150601852                    -0.471180380174
 109                     0.379023591524                    -0.470400585939
 110                     0.007626691223                    -0.462842701811
 111                    -0.748041367320                    -0.459033732829
 112                    -0.363246195965                    -0.457626380462
 113                     0.458903455817                    -0.456756915885
 114                     0.087620671627                    -0.449241358533
 115                    -0.283299197563                    -0.443926927915
 116                     0.538783320109                    -0.443113245831
 117                    -0.656033000066                    -0.436926628049
 118                     0.167500617514                    -0.435597718674
 119                    -0.203419333271                    -0.430283257862
 120                     0.618663184402                    -0.429469575777
 121                    -0.860800064868                    -0.423825801995
 122                     0.247437600808                    -0.421975210241
 123                    -0.576411845029                    -0.421846372004
 124                    -0.123539468977                    -0.416639587808
 125                     0.702914886804                    -0.412471408035
 126                    -0.494906298865                    -0.408824223472
 127                     0.327267894510                    -0.408044429237
 128                     0.792306277091                    -0.402860711532
 129                    -0.044129005791                    -0.400486545109
 130                     0.873312418966                    -0.397075493145
 131                    -0.414934740603                    -0.395214548210
 132                     0.407147758803                    -0.394400759183
 133                    -0.788117862060                    -0.387989509678
 134                     0.035864974613                    -0.386885201831
 135                    -0.335054894577                    -0.381570771213
 136                     0.487027623096                    -0.380757089130
 137                    -0.708149902011                    -0.374872047366
 138                     0.115744920500                    -0.373241561972
 139                    -0.255175030284                    -0.367927101160
 140                     0.566907487388                    -0.367113419076
 141                    -0.628528746973                    -0.359791791322
 142                     0.195681903794                    -0.359619053540
 143                    -0.175295165991                    -0.354283431107
 144                     0.647201641439                    -0.353624345723
 145                    -0.893493785071                    -0.349676876776
 146                    -0.546661995729                    -0.346468066646
 147                     0.275512197497                    -0.345688272536
 148                     0.740403071871                    -0.340627282093
 149                    -0.095884702804                    -0.338130388408
 150                    -0.466690437616                    -0.332858391508
 151                     0.355392061789                    -0.332044602482
 152                     0.826766421559                    -0.329516039638
 153                    -0.015890722401                    -0.324529045130
 154                    -0.386810591590                    -0.319214614511
 155                     0.435271926082                    -0.318400932428
 156                     0.906425727019                    -0.314638623680
 157                    -0.759493937631                    -0.312176493631
 158                     0.063989223487                    -0.310885405270
 159                    -0.306930727297                    -0.305570944458
 160                     0.515151790375                    -0.304757262374
 161                     0.143926206781                    -0.297262896838
 162                    -0.679872782593                    -0.297096237586
 163                    -0.227050863004                    -0.291927274405
 164                     0.595445944425                    -0.291268189022
 165                    -0.837691501420                    -0.290914239061
 166                    -0.598778897674                    -0.284413485964
 167                     0.223756500483                    -0.283332115834
 168                     0.683731874230                    -0.281284776007
 169                    -0.147640399817                    -0.275774231706
 170                    -0.920192326067                    -0.271133892827
 171                    -0.518446134481                    -0.270502234682
 172                     0.303636364776                    -0.269688445780
 173                     0.770153107489                    -0.265249050271
 174                    -0.067646419414                    -0.262172888428
 175                    -0.438566288454                    -0.256858457686
 176                     0.383516229068                    -0.256044775727
 177                     0.850083819175                    -0.251906494991
 178                     0.012233526473                    -0.248529248569
 179                    -0.358686424161                    -0.243214787633
 180                     0.463396093361                    -0.242401105673
 181                     0.929743124635                    -0.237029079033
 182                    -0.732743244942                    -0.235682422667
 183                     0.092170509767                    -0.234906740136
 184                    -0.278806559868                    -0.229571117580
 185                     0.543690247411                    -0.228912032321
 186                    -0.650122933294                    -0.221717932228
 187                     0.172000803469                    -0.220975959132
 188                     0.627843057340                    -0.216989191137
 189                    -0.862812658314                    -0.213869642052
 190                    -0.199396096682                    -0.213418074881
 191                    -0.570204170788                    -0.208148019672
 192                     0.251880667762                    -0.207332289079
 193                     0.707817308651                    -0.203910139977
 194                    -0.119402116428                    -0.199816731726
 195                    -0.490322068942                    -0.194502370268
 196                     0.331760532055                    -0.193688619025
 197                    -0.940390727880                    -0.190447738320
 198                    -0.039522170541                    -0.186173091867
 199                     0.786838378208                    -0.185948708576
 200                    -0.410442121174                    -0.180858630930
 201                     0.411640396348                    -0.180044948971
 202                     0.866769089893                    -0.172606153296
 203                     0.040414812754                    -0.172550583435
 204                    -0.783259179691                    -0.172317741744
 205                    -0.330562256881                    -0.167214960878
 206                     0.491934550398                    -0.166555875619
 207                    -0.702993395643                    -0.160304117309
 208                     0.120245106456                    -0.158619802431
 209                     0.946428395353                    -0.157728737337
 210                     0.572404815768                    -0.153133301690
 211                    -0.251151793694                    -0.151061918178
 212                    -0.621910422089                    -0.145750856048
 213                     0.200124970749                    -0.144976132377
 214                     0.652326994708                    -0.139739729891
 215                    -0.171157813300                    -0.137460574898
 216                    -0.854275400756                    -0.133283925667
 217                    -0.542030576515                    -0.132107076403
 218                     0.280004835041                    -0.131332462323
 219                     0.732206859001                    -0.126096059837
 220                    -0.091277867554                    -0.123816935166
 221                    -0.462150712238                    -0.118463406256
 222                     0.359884699334                    -0.117688792270
 223                    -0.953107327608                    -0.110415054101
 224                    -0.011340884260                    -0.110194426734
 225                     0.815248742227                    -0.110055404074
 226                    -0.382270847945                    -0.104819736204
 227                     0.440178853384                    -0.104199718918
 228                    -0.753509330392                    -0.096939436386
 229                     0.068489409442                    -0.096263645729
 230                     0.894908047687                    -0.095177988115
 231                     0.520649118755                    -0.090777144988
 232                    -0.302860384758                    -0.088666693504
 233                    -0.673619233100                    -0.083355813650
 234                     0.148369273735                    -0.082619975675
 235                     0.600766731813                    -0.077221878503
 236                    -0.222913473369                    -0.075104186932
 237                    -0.593739387525                    -0.069712034005
 238                     0.228249138028                    -0.068976305622
 239                     0.680646596105                    -0.063578208450
 240                    -0.143033564418                    -0.061460778340
 241                    -0.882939566242                    -0.057486115217
 242                    -0.513859523249                    -0.056068363858
 243                     0.308129002320                    -0.055332635568
 244                     0.760617223019                    -0.050202755335
 245                    -0.063096581273                    -0.047838270032
 246                     0.958432256632                    -0.044862808201
 247                    -0.433979658955                    -0.042424693806
 248                     0.388423156371                    -0.041843562216
 249                    -0.805218141402                    -0.034544393989
 250                     0.016733712429                    -0.033907489027
 251                     0.842194174794                    -0.033629713918
 252                    -0.959025136815                    -0.029594747333
 253                     0.468893421741                    -0.028420988287
 254                    -0.354569195769                    -0.026271651107
 255                    -0.725328044111                    -0.020960771252
 256                     0.096613576721                    -0.020263818974
 257                     0.549011034799                    -0.014865721801
 258                    -0.274679098477                    -0.012688028371
 259                    -0.645448198536                    -0.007316991608
 260                     0.176493441014                    -0.006620148920
 261                     0.628890899092                    -0.001222051748
 262                    -0.194789001185                     0.000895594366
 263                    -0.565568334260                     0.006326678539
 264                     0.256373305307                     0.007023521133
 265                     0.709056960124                     0.012315096053
 266                    -0.114852278138                     0.014517886793
 267                    -0.485688469967                     0.019970348591
 268                     0.336667459357                     0.020512594486
 269                    -0.856926952414                     0.027850648409
 270                    -0.035021992469                     0.028448713833
 271                     0.796970907013                     0.033614605568
 272                     0.417137724728                     0.033935168415
 273                    -0.406278006780                     0.036123391290
 274                     0.958799548290                     0.036173032936
 275                     0.877817829839                     0.039156944565
 276                    -0.777036855122                     0.041434271145
 277                     0.044857879708                     0.042092337728
 278                     0.497255337786                     0.047490434900
 279                    -0.935435915485                     0.047932609703
 280                    -0.326387909488                     0.049707014027
 281                    -0.697157009547                     0.055078050790
 282                     0.124737744001                     0.055736007781
 283                     0.577135202078                     0.061134104954
 284                    -0.246497812196                     0.063290636763
 285                    -0.617277145271                     0.068721720937
 286                     0.204617608293                     0.069379677835
 287                     0.657301263110                     0.074671252754
 288                    -0.166607714904                     0.076874259500
 289                    -0.537397280977                     0.082365390988
 290                     0.284911762344                     0.082868751187
 291                     0.737181127403                     0.088314922808
 292                    -0.086787493432                     0.090862636694
 293                     0.365382027714                     0.096291325116
 294                    -0.457986817791                     0.098518433688
 295                    -0.828745666133                     0.103829313542
 296                    -0.006897781272                     0.104448524337
 297                     0.920892832338                     0.107797214171
 298                     0.445499640772                     0.109846591602
 299                     0.839911113887                     0.110781125801
 300                    -0.378096720499                     0.112102056424
 301                    -0.748865820558                     0.117473093187
 302                     0.072972413227                     0.118148687936
 303                     0.525379505065                     0.123490261655
 304                    -0.298206623207                     0.125685679160
 305                    -0.950977246016                     0.127465052752
 306                    -0.668985956282                     0.131116763334
 307                     0.152861911280                     0.131735834536
 308                     0.605545566097                     0.137027409456
 309                    -0.218316525915                     0.139269301897
 310                    -0.589106091989                     0.144760433386
 311                     0.233156065330                     0.145224907889
 312                     0.685425430390                     0.150671079509
 313                    -0.138539128182                     0.153499876826
 314                     0.313626330700                     0.158647481818
 315                     0.775372152992                     0.159787910827
 316                    -0.509695628802                     0.160913476085
 317                    -0.880010841713                     0.166589366320
 318                    -0.058608361184                     0.166842100746
 319                     0.393743943758                     0.172202748303
 320                    -0.429805531510                     0.174497098822
 321                    -0.800130996139                     0.180233145965
 322                     0.021219665741                     0.180785865276
 323                     0.473623808051                     0.185846418357
 324                     0.941233159249                     0.186239636069
 325                    -0.349915434218                     0.188080721558
 326                     0.859506931670                     0.189783605901
 327                    -0.720251131862                     0.193876816112
 328                     0.101150348132                     0.194128596046
 329                     0.553789869084                     0.199383566158
 330                    -0.270025336926                     0.201664344294
 331                    -0.640370896939                     0.207520788907
 332                     0.181400368317                     0.207581064590
 333                     0.633669733376                     0.213027236211
 334                    -0.190067773823                     0.216102206298
 335                     0.261870633687                     0.221003638520
 336                    -0.560960433753                     0.223673831607
 337                     0.713986615043                     0.226507753904
 338                    -0.931766624276                     0.228945452015
 339                    -0.110128449541                     0.229393063550
 340                     0.341988246745                     0.234558905005
 341                    -0.481070336461                     0.237257454344
 342                     0.794111771050                     0.238628060288
 343                    -0.851886778702                     0.242589231660
 344                    -0.030309781870                     0.243390304110
 345                     0.421868111038                     0.248202575058
 346                    -0.401180239169                     0.250841077080
 347                    -0.772068782940                     0.256600818259
 348                     0.049629863134                     0.256679232154
 349                     0.502034172070                     0.261739722859
 350                    -0.321290141877                     0.264424699816
 351                     0.922160569767                     0.264999897511
 352                    -0.692126960514                     0.269876641362
 353                     0.129688805169                     0.269973826099
 354                     0.581914036363                     0.275383392913
 355                    -0.241527196807                     0.278736060536
 356                     0.210114936673                     0.283359795221
 357                    -0.612716497327                     0.286029684061
 358                     0.662230918029                     0.288863910605
 359                    -0.161583054149                     0.291997904550
 360                     0.290232549731                     0.296915061706
 361                     0.848474853148                     0.298724630546
 362                    -0.532779147472                     0.299652496741
 363                     0.742110782322                     0.302507580659
 364                    -0.081769108368                     0.306022044841
 365                    -0.909124133985                     0.306754577993
 366                     0.370112414024                     0.310558731760
 367                    -0.452889050180                     0.313236119478
 368                    -0.001824965710                     0.319283888854
 369                    -0.829244288411                     0.320398357638
 370                     0.450278475056                     0.324095879561
 371                    -0.372998952888                     0.326819742214
 372                     0.078168320171                     0.332524462208
 373                    -0.743220239837                     0.332776714970
 374                     0.530158339349                     0.337739549614
 375                    -0.293008204414                     0.341352100212
 376                     0.158403373525                     0.345752556731
 377                    -0.663809776650                     0.348929757669
 378                     0.610475221016                     0.351220067307
 379                    -0.213040219294                     0.354600640968
 380                     0.238476852718                     0.359271218408
 381                     0.797465061440                     0.361692428680
 382                    -0.583919795501                     0.362514063466
 383                     0.690355085309                     0.364863737360
 384                    -0.133226273514                     0.368624781260
 385                     0.884779600216                     0.371173976935
 386                     0.318356717010                     0.372914888462
 387                    -0.504029698209                     0.376097686202
 388                    -0.053282130856                     0.381886625273
 389                     0.398522778043                     0.386452036262
 390                    -0.877504387227                     0.387313808716
 391                    -0.424139600917                     0.389681308938
 392                    -0.795974327909                     0.394290523530
 393                     0.026713491327                     0.395129118908
 394                    -0.344386641054                     0.404048209962
 395                     0.488918187873                     0.407497648486
 396                     0.106764834969                     0.408347821361
 397                    -0.716563864723                     0.410443566229
 398                    -0.264433520002                     0.417255817086
 399                     0.568862788235                     0.420756733103
 400                     0.186765289570                     0.421663979917
 401                     0.745709364426                     0.424048585382
 402                    -0.636151695885                     0.425351899666
 403                    -0.184629051078                     0.431333785397
 404                     0.833769808509                     0.434141775069
 405                     0.266645153863                     0.435307649971
 406                    -0.555738509220                     0.438492728600
 407                    -0.104675930026                     0.444541392520
 408                     0.346767081029                     0.448808192964
 409                     0.668470549807                     0.449835496107
 410                    -0.475848411928                     0.452076351336
 411                    -0.024722808973                     0.457748999644
 412                    -0.841176175134                     0.461549243852
 413                     0.428656543364                     0.461677687735
 414                    -0.396044193294                     0.466487272870
 415                     0.055300512008                     0.470956058056
 416                    -0.761765711947                     0.477702286552
 417                    -0.315848203820                     0.479893447467
 418                     0.517407783945                     0.483361245603
 419                     0.135245152224                     0.484214902371
 420                    -0.236043734897                     0.493971415778
 421                     0.597352384307                     0.496620330220
 422                     0.215116026349                     0.497911103249
 423                    -0.606858702581                     0.501370930568
 424                     0.730824480423                     0.503706495724
 425                    -0.156090613844                     0.507179022902
 426                    -0.687436378506                     0.509983746278
 427                     0.295055517881                     0.511200954473
 428                     0.811431644509                     0.512038815328
 429                    -0.526968605289                     0.514954553304
 430                    -0.076137492792                     0.520386630025
 431                     0.376900846351                     0.524033844437
 432                    -0.447216008691                     0.529323470726
 433                     0.003815628261                     0.533594237149
 434                     0.457146139436                     0.537541284853
 435                    -0.367262887638                     0.542531077849
 436                     0.661658520734                     0.545932228072
 437                     0.083790336114                     0.546819569537
 438                    -0.781807282506                     0.556221570180
 439                    -0.287458418715                     0.556609046160
 440                     0.163654782447                     0.560553202117
 441                     0.552477267411                     0.564354871248
 442                    -0.207505297663                     0.569816653283
 443                     0.243600513591                     0.573805466974
 444                    -0.578082551726                     0.577837833527
 445                     0.765329948417                     0.578683965710
 446                    -0.127552176610                     0.583024260407
 447                    -0.658730492396                     0.585765766274
 448                     0.325189283203                     0.586426605946
 449                    -0.047599055557                     0.596231867530
 450                    -0.499269649677                     0.596691717015
 451                     0.405390442423                     0.599897441554
 452                    -0.418677571457                     0.605168708231
 453                     0.032354065495                     0.609439474654
 454                     0.487442409558                     0.612701636559
 455                    -0.338873102533                     0.619246676541
 456                    -0.732082952196                     0.620209330159
 457                     0.633068797707                     0.621758148371
 458                     0.112212598421                     0.623207450933
 459                    -0.258919981481                     0.632454283665
 460                     0.192164042253                     0.636425207218
 461                     0.713768932216                     0.641201195817
 462                    -0.178966860428                     0.645661890788
 463                     0.273734278912                     0.649031118447
 464                     0.558065771425                     0.652441832968
 465                    -0.599682856681                     0.655942694309
 466                    -0.099013739376                     0.658869497912
 467                     0.353678879275                     0.662290203063
 468                    -0.466314900307                     0.670724999706
 469                    -0.019060618323                     0.672077105035
 470                     0.435686712545                     0.675057793261
 471                    -0.677136462228                     0.679772957417
 472                     0.060797914603                     0.685845081314
 473                    -0.310334665299                     0.695091914046
 474                     0.140749358434                     0.699062837599
 475                     0.657116395563                     0.699144552146
 476                    -0.391154190881                     0.701020382366
 477                    -0.230381544247                     0.708299521170
 478                    -0.538005654723                     0.708505658557
 479                     0.222297807574                     0.711650858691
 480                     0.506310074411                     0.714797989670
 481                    -0.150428423194                     0.721507128293
 482                     0.303736240401                     0.726107718482
 483                    -0.070475302142                     0.734714735417
 484                     0.584669768771                     0.735454725905
 485                    -0.614599255430                     0.736624239815
 486                     0.383975149397                     0.737450554770
 487                     0.009276701443                     0.749086943879
 488                    -0.469465998875                     0.751740575329
 489                     0.089326723795                     0.761693940884
 490                    -0.281796228065                     0.770937151551
 491                     0.170883123756                     0.774288489072
 492                     0.454598511263                     0.777190751179
 493                    -0.394289351230                     0.781996386352
 494                    -0.201843107012                     0.784144758675
 495                     0.250836244808                     0.787496096196
 496                    -0.545718566867                     0.789174447058
 497                     0.532958205622                     0.797847487414
 498                    -0.123961396315                     0.806536310446
 499                     0.346607704697                     0.809357553932
 500                    -0.043045997986                     0.810968100755
 501                     0.039246281264                     0.825403372900
 502                    -0.477178911020                     0.832409363829
 503                    -0.332360822877                     0.834263008857
 504                     0.119460489116                     0.836919592357
 505                    -0.252407701825                     0.847470615980
 506                     0.200568709524                     0.855072462190
 507                     0.434194787300                     0.855616706706
 508                     0.284378035911                     0.861265267952
 509                    -0.405235399842                     0.869706463600
 510                    -0.174525991127                     0.869862167752
 511                    -0.094918955049                     0.885016779553
 512                    -0.013897378446                     0.886580933204
 513                     0.360446269297                     0.889203884980
 514                    -0.303822385643                     0.910108246361
 515                     0.087375716318                     0.911334038578
 516                     0.239901822879                     0.929006015854
 517                    -0.225940674945                     0.932499798133
 518                     0.160653434917                     0.945936327647
 519                    -0.146106373617                     0.948283726097
 520                    -0.059013990611                     0.957665082910
 521                     0.022007585993                     0.959229236560
