   1                    -0.071131410404                    -0.955993689273
   2                     0.085532881085                    -0.954812933368
   3                    -0.153289003372                    -0.946301269638
   4                     0.167535048390                    -0.943883265576
   5                     0.007000263623                    -0.928804452536
   6                     0.283613832972                    -0.915722013070
   7                    -0.287892469235                    -0.914385880049
   8                     0.361508147127                    -0.887860051492
   9                    -0.210120351485                    -0.886184625086
  10                    -0.365655654807                    -0.886160004504
  11                     0.212078063167                    -0.874171480954
  12                     0.068790577469                    -0.873797451204
  13                    -0.076083213978                    -0.873414680306
  14                     0.436710254201                    -0.853386058798
  15                    -0.441856830289                    -0.850730868182
  16                     0.283829764423                    -0.832994953082
  17                     0.140542293362                    -0.832620948839
  18                    -0.003512531644                    -0.832370455069
  19                    -0.147661669490                    -0.831937725414
  20                    -0.292033925847                    -0.831762267093
  21                     0.509379632488                    -0.811731134687
  22                    -0.517538481840                    -0.806930933407
  23                     0.361724078577                    -0.805132991504
  24                    -0.369797111419                    -0.803536391548
  25                     0.212293994618                    -0.791444420967
  26                    -0.219800255648                    -0.791435933469
  27                     0.068283354369                    -0.791071664382
  28                    -0.075952345125                    -0.790687442024
  29                     0.436926185651                    -0.770658998810
  30                    -0.444522353546                    -0.768040599266
  31                     0.578182211380                    -0.764649554971
  32                    -0.585182170356                    -0.759305892886
  33                     0.284045695873                    -0.750267893095
  34                     0.140037983683                    -0.749895144204
  35                    -0.003323252693                    -0.749643329806
  36                    -0.147530800637                    -0.749210487130
  37                    -0.290952697435                    -0.749041991310
  38                     0.505727757747                    -0.724722556219
  39                     0.361940010028                    -0.722405931516
  40                    -0.368715883014                    -0.720816115759
  41                    -0.512166042062                    -0.720415558746
  42                     0.641954734650                    -0.711953460652
  43                     0.211789684938                    -0.708718616332
  44                     0.068502213878                    -0.708344612089
  45                    -0.074786573221                    -0.707968314511
  46                    -0.219193290568                    -0.707878893675
  47                    -0.648467916748                    -0.706026183950
  48                     0.434492939007                    -0.682658157022
  49                    -0.440325857364                    -0.679393601902
  50                     0.569500281016                    -0.672026461900
  51                     0.283541386194                    -0.667542088460
  52                     0.140253915133                    -0.667168084217
  53                    -0.575451788454                    -0.667135849810
  54                    -0.003033555927                    -0.666794079973
  55                    -0.146365028732                    -0.666491359617
  56                    -0.291411716697                    -0.666315922976
  57                     0.361435700348                    -0.639680126881
  58                    -0.368970694560                    -0.637533670920
  59                     0.655906319475                    -0.630411040027
  60                     0.498265462277                    -0.629962062704
  61                    -0.503611603756                    -0.626113892966
  62                     0.212005616389                    -0.625991556344
  63                     0.068718145329                    -0.625617552100
  64                    -0.074570641770                    -0.625241254524
  65                    -0.218027518663                    -0.625159766162
  66                    -0.661623831431                    -0.624351616369
  67                     0.736831864066                    -0.613239280845
  68                    -0.742399320981                    -0.606487312053
  69                     0.570311709946                    -0.589303099640
  70                     0.426573602787                    -0.588681433305
  71                     0.283757317644                    -0.584815028472
  72                     0.140469846584                    -0.584441024228
  73                    -0.575848856752                    -0.584409460928
  74                    -0.432256440952                    -0.584253961984
  75                    -0.002817624476                    -0.584067019985
  76                    -0.146149097281                    -0.583764299629
  77                    -0.289563288467                    -0.583609234046
  78                     0.642438571122                    -0.548787312870
  79                     0.786959575011                    -0.547428752234
  80                     0.498638436419                    -0.547070806932
  81                     0.356294642406                    -0.545038784343
  82                     0.212221547840                    -0.543264496356
  83                    -0.504097155497                    -0.543232933056
  84                     0.068934076780                    -0.542890492113
  85                    -0.647384626557                    -0.542858928812
  86                    -0.074354710319                    -0.542514194536
  87                    -0.217811587212                    -0.542432706174
  88                    -0.361099058273                    -0.542058701931
  89                    -0.791924169766                    -0.540221918118
  90                     0.714320522672                    -0.507838587345
  91                     0.570790049164                    -0.506577140762
  92                     0.428046343662                    -0.503862256472
  93                     0.283973249095                    -0.502087968484
  94                     0.140685778035                    -0.501713964241
  95                    -0.575632925302                    -0.501682400940
  96                    -0.002601693025                    -0.501339959997
  97                    -0.718920396362                    -0.501308396697
  98                    -0.432939772817                    -0.501037673003
  99                    -0.145933165830                    -0.501037239641
 100                    -0.289347357017                    -0.500882174058
 101                     0.803694782955                    -0.466411804034
 102                     0.642916910340                    -0.466061353992
 103                     0.500213238552                    -0.463417820976
 104                     0.356510573857                    -0.462311724355
 105                     0.212437479291                    -0.460537436368
 106                     0.069150008231                    -0.460163432124
 107                    -0.647168695107                    -0.460131868824
 108                    -0.074138778868                    -0.459787134549
 109                    -0.217595655761                    -0.459705646186
 110                    -0.504475542622                    -0.459487140888
 111                    -0.360883126822                    -0.459331641943
 112                    -0.807732223380                    -0.459018971610
 113                     0.714668611596                    -0.424884826121
 114                     0.572340099727                    -0.422902034206
 115                     0.428262275113                    -0.421135196484
 116                     0.284189180546                    -0.419360908496
 117                     0.140901709486                    -0.418986904252
 118                    -0.002385761574                    -0.418612900009
 119                    -0.718704464911                    -0.418581336709
 120                    -0.432723841367                    -0.418310613015
 121                    -0.145717234379                    -0.418310179653
 122                    -0.289131425566                    -0.418155114070
 123                    -0.576011312427                    -0.417936608772
 124                     0.865735183325                    -0.411687021690
 125                    -0.869404744047                    -0.403879935752
 126                     0.787321931414                    -0.385320850080
 127                     0.644091800983                    -0.381725506335
 128                     0.500429170003                    -0.380690760988
 129                     0.356726505308                    -0.379584664367
 130                    -0.790816677921                    -0.378039484068
 131                     0.212653410742                    -0.377810376380
 132                     0.069365939681                    -0.377436372137
 133                    -0.073922847418                    -0.377060074561
 134                    -0.217379724310                    -0.376978586198
 135                    -0.504259611172                    -0.376760080900
 136                    -0.360667195371                    -0.376604581955
 137                    -0.647547082232                    -0.376386076657
 138                     0.716745120801                    -0.342161530294
 139                     0.572556031179                    -0.340174974218
 140                     0.428478206564                    -0.338408136496
 141                     0.284405111997                    -0.336633848508
 142                     0.141117640937                    -0.336259844265
 143                    -0.002169830124                    -0.335885840021
 144                    -0.719659295241                    -0.335844224016
 145                    -0.432507909916                    -0.335583553027
 146                    -0.145501302928                    -0.335583119665
 147                     0.898005776883                    -0.335513391922
 148                    -0.288915494115                    -0.335428054082
 149                    -0.575795380977                    -0.335209548784
 150                    -0.900988573872                    -0.327418999489
 151                     0.789410593452                    -0.302619879278
 152                     0.644307732435                    -0.298998446346
 153                     0.500645101454                    -0.297963701000
 154                     0.356942436759                    -0.296857604379
 155                    -0.791780153705                    -0.295317752975
 156                     0.212869342192                    -0.295083316392
 157                     0.069581871131                    -0.294709312148
 158                    -0.073706915967                    -0.294333014573
 159                    -0.217163792859                    -0.294251526210
 160                    -0.504043679721                    -0.294033020912
 161                    -0.360451263920                    -0.293877521967
 162                    -0.647331150781                    -0.293659016669
 163                     0.861162294708                    -0.261443351407
 164                     0.716961052252                    -0.259434470306
 165                     0.572771962630                    -0.257447914230
 166                     0.428694138015                    -0.255681076508
 167                     0.284621043448                    -0.253906788520
 168                    -0.863315923510                    -0.253767220859
 169                     0.141333572387                    -0.253532784277
 170                    -0.001953898673                    -0.253158780033
 171                    -0.719443363791                    -0.253117164028
 172                    -0.432291978465                    -0.252856493039
 173                    -0.145285371477                    -0.252856059677
 174                    -0.288699562664                    -0.252700994094
 175                    -0.575579449526                    -0.252482488796
 176                     0.932966225049                    -0.220357968749
 177                     0.789626524904                    -0.219892819290
 178                     0.644523663885                    -0.216271386358
 179                     0.500861032905                    -0.215236641012
 180                     0.357158368210                    -0.214130544391
 181                    -0.791564222255                    -0.212590692987
 182                     0.213085273642                    -0.212356256404
 183                    -0.934851693314                    -0.212216688743
 184                     0.069797802582                    -0.211982252161
 185                    -0.073490984516                    -0.211605954585
 186                    -0.216947861408                    -0.211524466222
 187                    -0.503827748270                    -0.211305960924
 188                    -0.360235332469                    -0.211150461979
 189                    -0.647115219330                    -0.210931956681
 190                     0.861378226159                    -0.178716291419
 191                     0.717176983703                    -0.176707410318
 192                     0.572987894081                    -0.174720854242
 193                     0.428910069466                    -0.172954016520
 194                     0.284836974898                    -0.171179728532
 195                    -0.863099992059                    -0.171040160871
 196                     0.141549503837                    -0.170805724289
 197                    -0.001737967223                    -0.170431720045
 198                    -0.719227432340                    -0.170390104040
 199                    -0.432076047014                    -0.170129433051
 200                    -0.145069440025                    -0.170128999689
 201                    -0.288483631213                    -0.169973934106
 202                    -0.575363518075                    -0.169755428808
 203                     0.948490752056                    -0.139100340542
 204                     0.789842456354                    -0.137165759302
 205                     0.644739595336                    -0.133544326370
 206                     0.501076964356                    -0.132509581024
 207                     0.357374299660                    -0.131403484403
 208                    -0.949667286742                    -0.130826816695
 209                    -0.791348290804                    -0.129863632999
 210                     0.213301205093                    -0.129629196417
 211                     0.070013734033                    -0.129255192173
 212                    -0.073275053065                    -0.128878894598
 213                    -0.216731929957                    -0.128797406234
 214                    -0.503611816819                    -0.128578900936
 215                    -0.360019401018                    -0.128423401991
 216                    -0.646899287880                    -0.128204896693
 217                     0.876997432646                    -0.097476809211
 218                     0.717392915154                    -0.093980350330
 219                     0.573203825532                    -0.091993794254
 220                     0.429126000915                    -0.090226956532
 221                    -0.877915585487                    -0.089650288822
 222                     0.285052906349                    -0.088452668544
 223                     0.141765435288                    -0.088078664301
 224                    -0.001522035772                    -0.087704660057
 225                    -0.719011500889                    -0.087663044052
 226                    -0.431860115563                    -0.087402373063
 227                    -0.144853508574                    -0.087401939701
 228                    -0.288267699761                    -0.087246874118
 229                    -0.575147586624                    -0.087028368820
 230                     0.956951721742                    -0.056806810586
 231                     0.805461662842                    -0.055926277095
 232                     0.646826839682                    -0.050802794322
 233                     0.501292895805                    -0.049782521036
 234                     0.357590231110                    -0.048676424415
 235                    -0.806163884231                    -0.048473760950
 236                    -0.957410561013                    -0.048462657110
 237                     0.213517136544                    -0.046902136428
 238                     0.070229665484                    -0.046528132185
 239                    -0.073059121614                    -0.046151834610
 240                    -0.216515998506                    -0.046070346246
 241                    -0.503395885368                    -0.045851840948
 242                    -0.359803469566                    -0.045696342003
 243                    -0.647845127791                    -0.045482740805
 244                     0.885458402332                    -0.015183279255
 245                     0.734693065618                    -0.013082155823
 246                     0.573419756981                    -0.009266734266
 247                     0.429341932366                    -0.007499896544
 248                    -0.885658859758                    -0.007286129237
 249                    -0.734890922091                    -0.006474023471
 250                     0.285268837799                    -0.005725608557
 251                     0.141981366739                    -0.005351604312
 252                    -0.001306104321                    -0.004977600069
 253                    -0.431644184111                    -0.004675313075
 254                    -0.144637577123                    -0.004674879713
 255                    -0.288051768310                    -0.004519814130
 256                    -0.574931655173                    -0.004301308832
 257                     0.810730483750                     0.026633111268
 258                     0.957276173605                     0.028802785826
 259                     0.645171458237                     0.031909793606
 260                     0.501508827256                     0.032944538952
 261                     0.357806162562                     0.034050635573
 262                    -0.809329550985                     0.034192989528
 263                    -0.957929307826                     0.035594491191
 264                     0.213733067995                     0.035824923559
 265                     0.070445596935                     0.036198927803
 266                    -0.072843190163                     0.036575225378
 267                    -0.216300067054                     0.036656713742
 268                    -0.503179953916                     0.036875219040
 269                    -0.359587538115                     0.037030717985
 270                    -0.646467424977                     0.037249223283
 271                     0.882660841453                     0.067496746953
 272                     0.719495902033                     0.068237333229
 273                     0.573635688432                     0.073460325722
 274                    -0.720118291178                     0.074923657433
 275                     0.429557863817                     0.075227163444
 276                    -0.881111847842                     0.075316157434
 277                     0.285484769250                     0.077001451432
 278                     0.142197298190                     0.077375455675
 279                    -0.001090172870                     0.077749459919
 280                    -0.431428252660                     0.078051746913
 281                    -0.144421645672                     0.078052180275
 282                    -0.287835836859                     0.078207245858
 283                    -0.574715723721                     0.078425751155
 284                     0.792415860246                     0.107307689957
 285                     0.951997997713                     0.112620707799
 286                     0.645387389688                     0.114636853594
 287                    -0.792396503886                     0.115168819234
 288                     0.501724758707                     0.115671598940
 289                     0.358022094012                     0.116777695561
 290                     0.213948999446                     0.118551983548
 291                     0.070661528385                     0.118925987791
 292                    -0.951185632206                     0.119287487020
 293                    -0.072627258712                     0.119302285366
 294                    -0.216084135603                     0.119383773730
 295                    -0.502964022465                     0.119602279028
 296                    -0.359371606664                     0.119757777973
 297                    -0.646251493526                     0.119976283271
 298                     0.864346217949                     0.148171325641
 299                     0.719711833484                     0.150964393217
 300                     0.573851619883                     0.156187385710
 301                    -0.864178800743                     0.156291987140
 302                    -0.719902359727                     0.157650717421
 303                     0.429773795268                     0.157954223432
 304                     0.285700700701                     0.159728511420
 305                     0.142413229641                     0.160102515663
 306                    -0.000874241419                     0.160476519907
 307                    -0.431212321209                     0.160778806901
 308                    -0.144205714221                     0.160779240263
 309                    -0.287619905408                     0.160934305846
 310                    -0.574499792270                     0.161152811144
 311                     0.792631791697                     0.190034749945
 312                     0.938743393192                     0.194279317509
 313                     0.645712857035                     0.197363555158
 314                    -0.792180572435                     0.197895879222
 315                     0.501940690158                     0.198398658929
 316                     0.358238025463                     0.199504755549
 317                    -0.937359266037                     0.200851233129
 318                     0.214164930896                     0.201279043535
 319                     0.070877459836                     0.201653047779
 320                    -0.072411327261                     0.202029345353
 321                    -0.215868204152                     0.202110833718
 322                    -0.502748091014                     0.202329339016
 323                    -0.359155675213                     0.202484837961
 324                    -0.646528831214                     0.202703354450
 325                     0.864562149400                     0.230898385629
 326                     0.720288065741                     0.233689728134
 327                     0.574067551334                     0.238914445698
 328                    -0.863962869292                     0.239019047128
 329                    -0.720179800064                     0.240377593994
 330                     0.429989726719                     0.240681283420
 331                     0.285916632152                     0.242455571408
 332                     0.142629161092                     0.242829575651
 333                    -0.000658309968                     0.243203579895
 334                    -0.430996389758                     0.243505866889
 335                    -0.143989782770                     0.243506300251
 336                    -0.287403973957                     0.243661365833
 337                    -0.574283860819                     0.243879871131
 338                     0.793208023954                     0.272760084861
 339                     0.645819252590                     0.280090973570
 340                    -0.792458012772                     0.280622755795
 341                     0.502156621609                     0.281125718917
 342                     0.358453956914                     0.282231815537
 343                     0.214380862347                     0.284006103523
 344                     0.071093391287                     0.284380107767
 345                    -0.072195395810                     0.284756405341
 346                    -0.215652272701                     0.284837893706
 347                    -0.502532159563                     0.285056399004
 348                    -0.358939743762                     0.285211897949
 349                    -0.645819630624                     0.285430403247
 350                     0.910608332601                     0.299626561025
 351                    -0.907305741905                     0.309483282555
 352                     0.720144462707                     0.316416945292
 353                     0.574283482785                     0.321641505686
 354                    -0.719471995325                     0.323101907790
 355                     0.430205658170                     0.323408343408
 356                     0.286132563603                     0.325182631395
 357                     0.142845092543                     0.325556635639
 358                    -0.000442378518                     0.325930639883
 359                    -0.430780458307                     0.326232926877
 360                    -0.143773851318                     0.326233360239
 361                    -0.287188042506                     0.326388425822
 362                    -0.574067929368                     0.326606931120
 363                     0.793064420921                     0.355487302020
 364                     0.648303629549                     0.362841585786
 365                    -0.791750208033                     0.363347069591
 366                     0.502372553059                     0.363852778905
 367                     0.358669888365                     0.364958875525
 368                     0.214596793798                     0.366733163511
 369                     0.071309322738                     0.367107167755
 370                    -0.071979464359                     0.367483465329
 371                    -0.215436341250                     0.367564953694
 372                    -0.502316228112                     0.367783458992
 373                    -0.358723812311                     0.367938957937
 374                    -0.647049590040                     0.368148807468
 375                     0.881384850398                     0.377020366776
 376                    -0.877244744850                     0.386555648139
 377                     0.722768520353                     0.399102659912
 378                     0.574499414236                     0.404368565674
 379                    -0.720757769180                     0.405819257036
 380                     0.430421589621                     0.406135403397
 381                     0.286348495053                     0.407909691384
 382                     0.143061023993                     0.408283695627
 383                    -0.000226447067                     0.408657699871
 384                    -0.430564526856                     0.408959986865
 385                    -0.143557919868                     0.408960420227
 386                    -0.286972111054                     0.409115485809
 387                    -0.573851997917                     0.409333991107
 388                     0.820851991301                     0.433408185055
 389                    -0.816192827472                     0.442381058707
 390                     0.646251115491                     0.445545093546
 391                     0.502588484510                     0.446579838893
 392                     0.358885819815                     0.447685935513
 393                     0.214812725249                     0.449460223500
 394                     0.071525254189                     0.449834227743
 395                    -0.071763532909                     0.450210525317
 396                    -0.215220409799                     0.450292013682
 397                    -0.502100296661                     0.450510518980
 398                    -0.358507880859                     0.450666017925
 399                    -0.645387767721                     0.450884523223
 400                     0.720610119104                     0.481801839984
 401                     0.574715345687                     0.487095625662
 402                    -0.719053924267                     0.488529050853
 403                     0.430637521071                     0.488862463385
 404                     0.286564426504                     0.490636751372
 405                     0.143276955444                     0.491010755615
 406                    -0.000010515616                     0.491384759859
 407                    -0.430348595404                     0.491687046853
 408                    -0.143341988417                     0.491687480215
 409                    -0.286756179604                     0.491842545798
 410                    -0.573636066466                     0.492061051095
 411                     0.808427737066                     0.515197249039
 412                    -0.802744785585                     0.524008034947
 413                     0.502804415961                     0.529306898881
 414                     0.359101751266                     0.530412995501
 415                     0.215028656700                     0.532187283487
 416                     0.071741185639                     0.532561287731
 417                    -0.071547601458                     0.532937585305
 418                    -0.215004478349                     0.533019073670
 419                    -0.501884365209                     0.533237578968
 420                    -0.358291949409                     0.533393077913
 421                    -0.648589683797                     0.539853250446
 422                     0.655679779195                     0.542834868901
 423                     0.740314495663                     0.562148281256
 424                     0.574931277137                     0.569822685650
 425                    -0.733920016021                     0.569909714383
 426                     0.430853452522                     0.571589523373
 427                     0.286780357955                     0.573363811360
 428                     0.143492886895                     0.573737815603
 429                     0.000205415834                     0.574111819846
 430                    -0.430132663954                     0.574414106841
 431                    -0.143126056967                     0.574414540203
 432                    -0.286540248153                     0.574569605785
 433                    -0.573420135014                     0.574788111084
 434                     0.503020347412                     0.612033958869
 435                     0.359317682717                     0.613140055489
 436                     0.215244588151                     0.614914343475
 437                     0.071957117090                     0.615288347719
 438                    -0.071331670008                     0.615664645293
 439                    -0.214788546898                     0.615746133658
 440                    -0.358076017958                     0.616120137901
 441                    -0.502234856297                     0.616967767019
 442                     0.631254155182                     0.630415973144
 443                    -0.624136075371                     0.640146404163
 444                     0.713380661015                     0.640368365837
 445                    -0.706493736260                     0.647958495662
 446                     0.286996289406                     0.656090871348
 447                     0.143708818346                     0.656464875591
 448                     0.000421347285                     0.656838879834
 449                    -0.429916732503                     0.657141166829
 450                    -0.142910125516                     0.657141600191
 451                    -0.286324316703                     0.657296665774
 452                     0.441514665418                     0.667817314360
 453                     0.559834906644                     0.672166470373
 454                    -0.555525816931                     0.686368103800
 455                     0.359533614168                     0.695867115477
 456                     0.215460519601                     0.697641403463
 457                     0.072173048541                     0.698015407707
 458                    -0.071115738557                     0.698391705281
 459                    -0.214572615448                     0.698473193646
 460                     0.641315659422                     0.712529182879
 461                    -0.368249052953                     0.713104492618
 462                    -0.480976255007                     0.722231398373
 463                    -0.629860112243                     0.722675480752
 464                     0.500539762477                     0.729854415031
 465                     0.000637278736                     0.739565939822
 466                    -0.142694194066                     0.739868660179
 467                    -0.286108385252                     0.740023725762
 468                     0.145071264353                     0.741108916755
 469                     0.297439492002                     0.750530934160
 470                     0.420709715386                     0.751556411759
 471                     0.577495879027                     0.765168034605
 472                    -0.561249853803                     0.768897180389
 473                     0.220227434298                     0.780231291494
 474                     0.072388979990                     0.780742467695
 475                    -0.070984869698                     0.781118943564
 476                    -0.214356683997                     0.781200253634
 477                    -0.423204111384                     0.781444509267
 478                    -0.342675197283                     0.800389352217
 479                     0.509375397508                     0.812108561639
 480                     0.365137321137                     0.812838726322
 481                    -0.496315712542                     0.820155061533
 482                     0.000768147595                     0.822293178105
 483                     0.284725722966                     0.832275494576
 484                    -0.270923496027                     0.841565880089
 485                     0.127024903943                     0.842861135537
 486                     0.437461518626                     0.853001190618
 487                    -0.107783287746                     0.855211382516
 488                    -0.190349780107                     0.860367681571
 489                     0.207513665262                     0.861975851910
 490                    -0.414417420819                     0.863907147650
 491                     0.055460438202                     0.884362223762
 492                    -0.335271734593                     0.893707567538
 493                     0.345503285743                     0.894079950385
 494                    -0.036030270453                     0.896385617056
 495                     0.266136280274                     0.920427316729
 496                    -0.257973012069                     0.923273272936
 497                     0.183038452580                     0.940999753640
 498                    -0.177411014013                     0.942076930819
 499                     0.101227163538                     0.953276808087
 500                    -0.095527808697                     0.953864796100
 501                     0.018662020154                     0.958454662714
