   1                     0.034933902158                    -0.958514005005
   2                    -0.060435998107                    -0.957009649283
   3                    -0.141704100183                    -0.948623934845
   4                     0.186925182188                    -0.940759507831
   5                    -0.231396042413                    -0.930819717704
   6                     0.107605875336                    -0.921183775074
   7                     0.263451448147                    -0.912150202166
   8                    -0.309770709930                    -0.907750837279
   9                     0.343446871077                    -0.895552188350
  10                    -0.011242468715                    -0.891115900244
  11                    -0.091765424507                    -0.877302307557
  12                    -0.173367025802                    -0.873309762188
  13                    -0.411853843955                    -0.866225078447
  14                     0.418413733096                    -0.863075560578
  15                     0.204895091022                    -0.855177271817
  16                    -0.251741693318                    -0.850240881763
  17                     0.124395469238                    -0.841228341931
  18                    -0.338083866249                    -0.831114508220
  19                     0.043417692574                    -0.830394993464
  20                    -0.484076765944                    -0.828033308499
  21                     0.490344829193                    -0.824336960105
  22                    -0.039541024427                    -0.814474178597
  23                     0.352804717407                    -0.814390667514
  24                     0.270849416256                    -0.805720842848
  25                    -0.120063980219                    -0.800660585910
  26                    -0.200540063485                    -0.786576489402
  27                    -0.552787509357                    -0.783833811985
  28                     0.176725407766                    -0.778488089414
  29                    -0.281039685270                    -0.772627559516
  30                     0.570901956646                    -0.770740183985
  31                     0.093288535887                    -0.765682855965
  32                    -0.383917639680                    -0.763482955189
  33                     0.413962634416                    -0.760202044245
  34                     0.012788914102                    -0.751733926080
  35                    -0.464280885038                    -0.748768657794
  36                     0.494155590931                    -0.742726667571
  37                     0.319643762542                    -0.739723989371
  38                    -0.067710707682                    -0.737784996194
  39                    -0.621509554205                    -0.730544556713
  40                     0.239144140757                    -0.725775059486
  41                    -0.148210329467                    -0.723836066308
  42                     0.634744500537                    -0.718819158129
  43                    -0.228709951251                    -0.709887136423
  44                     0.145618474415                    -0.702942603447
  45                    -0.544763727224                    -0.702529564416
  46                    -0.309209616864                    -0.695938459463
  47                     0.556789190651                    -0.690269123420
  48                     0.065118852631                    -0.688993673562
  49                     0.439447278297                    -0.682049140586
  50                    -0.389709194822                    -0.681989276652
  51                    -0.015380769154                    -0.675044743676
  52                     0.358947656512                    -0.668100210700
  53                    -0.688341211641                    -0.667948988822
  54                    -0.471027356331                    -0.667348470632
  55                     0.694350442803                    -0.661651415753
  56                    -0.095880390938                    -0.661095813791
  57                     0.278448034728                    -0.654151280815
  58                    -0.608669554195                    -0.649860629242
  59                    -0.176380012723                    -0.647146883905
  60                     0.197948412943                    -0.640202350930
  61                    -0.256879634508                    -0.633197954020
  62                     0.117448791159                    -0.626253421044
  63                     0.497233461602                    -0.623660102470
  64                    -0.337379256293                    -0.619249024135
  65                     0.596776213693                    -0.619024476318
  66                     0.036949169375                    -0.612304491159
  67                     0.411277595041                    -0.605359958182
  68                    -0.417878878077                    -0.605300094249
  69                    -0.745884519456                    -0.603013896147
  70                    -0.043550452410                    -0.598355561273
  71                     0.749738059708                    -0.598215945237
  72                    -0.507108268796                    -0.594048201137
  73                     0.330777973256                    -0.591411028297
  74                    -0.665299634776                    -0.589566289915
  75                    -0.124050074194                    -0.584406631388
  76                     0.669647271444                    -0.582084380290
  77                     0.250278351472                    -0.577462098412
  78                    -0.585627977330                    -0.571477930335
  79                    -0.204549695980                    -0.570457701502
  80                     0.169778729688                    -0.563513168527
  81                     0.544107155354                    -0.556568635550
  82                    -0.285049317764                    -0.556508771617
  83                     0.089279107903                    -0.549564238641
  84                     0.463607533569                    -0.542619705665
  85                    -0.365548939548                    -0.542559841732
  86                    -0.794496023126                    -0.537350485762
  87                     0.008779486119                    -0.535615308756
  88                     0.797927271293                    -0.532241998567
  89                    -0.446322073394                    -0.528711933333
  90                     0.383107911785                    -0.528670775779
  91                    -0.713911138445                    -0.523902879530
  92                    -0.071720135666                    -0.521666378870
  93                    -0.526821695179                    -0.514763003447
  94                     0.302608290001                    -0.514721845894
  95                    -0.152219757451                    -0.507717448985
  96                    -0.634239481000                    -0.505814519950
  97                     0.688365854301                    -0.502558432272
  98                     0.222108668216                    -0.500772916009
  99                     0.602259683106                    -0.498518554008
 100                    -0.232719379236                    -0.493768519100
 101                     0.141609046432                    -0.486823986123
 102                     0.515937472098                    -0.479879453147
 103                    -0.313219001020                    -0.479819589214
 104                     0.061109424647                    -0.472875056238
 105                    -0.837343127203                    -0.467788373772
 106                    -0.393992134865                    -0.465971680815
 107                     0.435437850314                    -0.465930523262
 108                     0.840327188151                    -0.462406414494
 109                     0.758514311731                    -0.460678178301
 110                    -0.019390197137                    -0.458926126352
 111                    -0.474491756650                    -0.452022750930
 112                     0.354938228529                    -0.451981593376
 113                    -0.099889818922                    -0.444977196467
 114                    -0.715162657665                    -0.442213250738
 115                    -0.554991378435                    -0.438073821044
 116                     0.274438606745                    -0.438032663491
 117                     0.648765276215                    -0.431098261774
 118                    -0.180389440707                    -0.431028266582
 119                    -0.635491000219                    -0.424124891159
 120                     0.193938984960                    -0.424083733606
 121                     0.568267410626                    -0.417139200629
 122                    -0.260889062491                    -0.417079336696
 123                     0.113439363176                    -0.410134803720
 124                    -0.787053935583                    -0.403400805418
 125                    -0.341662196337                    -0.403231428297
 126                     0.487767788842                    -0.403190270744
 127                     0.032939741391                    -0.396185873835
 128                    -0.874114958102                    -0.394832262275
 129                    -0.422161818121                    -0.389282498412
 130                     0.407268167058                    -0.389241340859
 131                     0.876630181225                    -0.389215879271
 132                     0.781594836528                    -0.382306939142
 133                    -0.047559880394                    -0.382236943950
 134                    -0.502661439906                    -0.375333568527
 135                     0.326768545273                    -0.375292410973
 136                     0.701095214744                    -0.368358009256
 137                    -0.128059502178                    -0.368288014064
 138                    -0.583161061690                    -0.361384638641
 139                     0.246268923489                    -0.361343481088
 140                     0.620597349155                    -0.354398948111
 141                    -0.208559123963                    -0.354339084179
 142                    -0.663660683475                    -0.347435708756
 143                     0.165769301704                    -0.347394551203
 144                    -0.289332257808                    -0.340491175780
 145                     0.540097727370                    -0.340450018226
 146                    -0.744219206461                    -0.333831072535
 147                     0.085269679920                    -0.333445621317
 148                    -0.825773657980                    -0.328969674603
 149                    -0.369831879592                    -0.326542245894
 150                     0.459598105586                    -0.326501088341
 151                     0.833924775057                    -0.319566686624
 152                     0.004770058135                    -0.319496691432
 153                    -0.906161408498                    -0.314389848850
 154                    -0.450331501377                    -0.312593316009
 155                     0.379098483802                    -0.312552158456
 156                     0.753425153272                    -0.305617756738
 157                    -0.075729563650                    -0.305547761547
 158                    -0.530831123162                    -0.298644386124
 159                     0.298598862017                    -0.298603228570
 160                     0.912238915812                    -0.296293158526
 161                     0.672927287683                    -0.291658695594
 162                    -0.156229185434                    -0.291598831661
 163                    -0.611330744946                    -0.284695456238
 164                     0.218099240233                    -0.284654298685
 165                    -0.237002319279                    -0.277750923262
 166                     0.592427665899                    -0.277709765708
 167                    -0.691830366731                    -0.270746526353
 168                     0.137599618448                    -0.270705368800
 169                    -0.317501941064                    -0.263801993377
 170                     0.511928044115                    -0.263760835823
 171                    -0.772388889717                    -0.257141890132
 172                     0.057099996663                    -0.256756438914
 173                    -0.853899448094                    -0.251592960017
 174                    -0.398001562849                    -0.249853063491
 175                     0.431428422330                    -0.249811905938
 176                     0.805755091801                    -0.242877504221
 177                    -0.023399625121                    -0.242807509029
 178                    -0.478501184633                    -0.235904133606
 179                     0.350928800546                    -0.235862976053
 180                     0.725257226212                    -0.228918443076
 181                    -0.103899246906                    -0.228858579144
 182                    -0.931918195597                    -0.226639681167
 183                    -0.559000806418                    -0.221955203721
 184                     0.270429178761                    -0.221914046167
 185                     0.934144555671                    -0.217585441657
 186                    -0.184672380751                    -0.215010670745
 187                     0.644757604428                    -0.214969513191
 188                    -0.639500428202                    -0.208006273835
 189                     0.189929556977                    -0.207965116282
 190                    -0.265172002535                    -0.201061740859
 191                     0.564257982643                    -0.201020583305
 192                    -0.720316394530                    -0.194173799254
 193                     0.109429935192                    -0.194016186397
 194                    -0.345671624320                    -0.187112810974
 195                     0.483758360859                    -0.187071653420
 196                    -0.808338654462                    -0.183777210843
 197                     0.858085030329                    -0.180137251703
 198                     0.028930313407                    -0.180067256511
 199                    -0.426171246105                    -0.173163881088
 200                     0.403258739074                    -0.173122723535
 201                     0.777587164740                    -0.166178190558
 202                    -0.051569308377                    -0.166118326626
 203                    -0.506670867889                    -0.159214951203
 204                     0.322759117290                    -0.159173793650
 205                    -0.893791186972                    -0.154376668536
 206                    -0.132342442222                    -0.152270418227
 207                     0.697087542956                    -0.152229260673
 208                    -0.587170489673                    -0.145266021318
 209                     0.242259495505                    -0.145224863764
 210                    -0.212842064007                    -0.138321488341
 211                     0.616587921172                    -0.138280330788
 212                     0.926965216866                    -0.136202280950
 213                    -0.667670111458                    -0.131317091432
 214                     0.161759873720                    -0.131275933879
 215                    -0.293341685791                    -0.124372558456
 216                     0.536088299387                    -0.124331400902
 217                    -0.748169733242                    -0.117368161547
 218                     0.081260251936                    -0.117327003994
 219                    -0.373841307576                    -0.110423628571
 220                     0.455588677603                    -0.110382471017
 221                    -0.828881258140                    -0.104702795344
 222                     0.000760630151                    -0.103378074108
 223                     0.835577182738                    -0.101506588113
 224                    -0.953972645603                    -0.099089173233
 225                    -0.454340929360                    -0.096474698685
 226                     0.375089055818                    -0.096433541132
 227                    -0.080012503693                    -0.089530165709
 228                     0.749417481485                    -0.089489008155
 229                    -0.534840551145                    -0.082525768800
 230                     0.294589434034                    -0.082484611246
 231                    -0.160512125478                    -0.075581235824
 232                     0.668917859700                    -0.075540078270
 233                    -0.615340172929                    -0.068576838914
 234                     0.214089812249                    -0.068535681361
 235                    -0.241011747263                    -0.061632305939
 236                     0.588418237916                    -0.061591148385
 237                     0.957251524235                    -0.060324080271
 238                    -0.695839794714                    -0.054627909029
 239                     0.133590190464                    -0.054586751476
 240                    -0.888967539956                    -0.049345767878
 241                    -0.321511369047                    -0.047683376053
 242                     0.507918616131                    -0.047642218499
 243                    -0.776836639697                    -0.040862691841
 244                     0.053090568680                    -0.040637821590
 245                    -0.402010990832                    -0.033734446168
 246                     0.427418994347                    -0.033693288614
 247                    -0.027682565165                    -0.026789913191
 248                     0.801747420013                    -0.026748755637
 249                     0.883434027646                    -0.025313525437
 250                    -0.482510612616                    -0.019785516282
 251                     0.346919372562                    -0.019744358729
 252                    -0.108182186950                    -0.012840983306
 253                     0.721247798228                    -0.012799825752
 254                    -0.959121269427                    -0.007474345718
 255                    -0.563010234401                    -0.005836586397
 256                     0.266419750777                    -0.005795428844
 257                    -0.188681808734                     0.001107946579
 258                     0.640748176444                     0.001149104133
 259                    -0.643509856185                     0.008112343489
 260                     0.185920128993                     0.008153501042
 261                    -0.269181430519                     0.015056876465
 262                     0.560248554660                     0.015098034018
 263                     0.958912561480                     0.021358247730
 264                    -0.724009477970                     0.022061273374
 265                     0.105420507208                     0.022102430927
 266                    -0.349681052303                     0.029005806350
 267                     0.479748932875                     0.029046963904
 268                    -0.886124205428                     0.032303954725
 269                     0.024647373364                     0.035950339326
 270                    -0.804509099754                     0.036010203259
 271                    -0.430180674088                     0.042954736235
 272                     0.399249311091                     0.042995893789
 273                    -0.055852248421                     0.049899269211
 274                     0.773577745112                     0.049940429835
 275                     0.885095064892                     0.056368802563
 276                    -0.510680295872                     0.056903666121
 277                     0.318749689306                     0.056944823674
 278                    -0.136351870206                     0.063848199097
 279                     0.693078114973                     0.063889356651
 280                    -0.591179917657                     0.070852596006
 281                     0.238250067521                     0.070893753560
 282                    -0.956277934899                     0.074175376885
 283                    -0.216851491990                     0.077797128982
 284                     0.612578493188                     0.077838286536
 285                    -0.671679539441                     0.084801525892
 286                     0.157750445737                     0.084842683445
 287                    -0.297351113775                     0.091746058868
 288                     0.532078871404                     0.091787216421
 289                     0.076977311892                     0.098690591844
 290                    -0.752179161226                     0.098750455777
 291                     0.953616288662                     0.102885612747
 292                    -0.377850735559                     0.105694988753
 293                     0.451579249619                     0.105736146307
 294                    -0.855959761684                     0.108558680793
 295                    -0.003522309893                     0.112639521729
 296                     0.825908779529                     0.112687053401
 297                    -0.458350357344                     0.119643918638
 298                     0.371079627835                     0.119685076192
 299                    -0.084021931677                     0.126588451614
 300                     0.745408053501                     0.126629609169
 301                    -0.538849979128                     0.133592848524
 302                     0.290580006050                     0.133634006077
 303                    -0.164521553462                     0.140537381500
 304                     0.664908431716                     0.140578539054
 305                    -0.619349600912                     0.147541778409
 306                     0.210080384265                     0.147582935962
 307                    -0.932264809731                     0.152265911344
 308                    -0.245021175246                     0.154486311385
 309                     0.584408809932                     0.154527468939
 310                     0.893644532883                     0.158366692957
 311                     0.129307250421                     0.161430844362
 312                    -0.699849222697                     0.161490708295
 313                    -0.325520797031                     0.168435241271
 314                     0.503909188148                     0.168476398824
 315                     0.048807628636                     0.175379774247
 316                    -0.780348844481                     0.175439638180
 317                    -0.406020418815                     0.182384171156
 318                     0.423409566363                     0.182425328710
 319                    -0.031691993149                     0.189328704132
 320                     0.797739096273                     0.189376235803
 321                    -0.860493740967                     0.191300196797
 322                    -0.486520040599                     0.196333101041
 323                     0.342909944579                     0.196374258595
 324                    -0.112191614933                     0.203277634018
 325                     0.717238370245                     0.203318791572
 326                    -0.567019662384                     0.210282030927
 327                     0.262410322794                     0.210323188480
 328                    -0.192691236718                     0.217226563903
 329                     0.636738748460                     0.217267721457
 330                     0.181637188950                     0.224171096879
 331                    -0.647519284168                     0.224230960812
 332                     0.930898815573                     0.231077628679
 333                    -0.273190858502                     0.231175493788
 334                     0.556239126676                     0.231216651342
 335                    -0.930183958170                     0.233938622877
 336                     0.101137567164                     0.238120026764
 337                    -0.728018905953                     0.238179890698
 338                    -0.353690480286                     0.245124423674
 339                     0.475739504891                     0.245165581227
 340                     0.851614478159                     0.250794514671
 341                     0.020637945380                     0.252068956650
 342                    -0.434190102071                     0.259073353559
 343                     0.395239883107                     0.259114511113
 344                    -0.818728509664                     0.261801223653
 345                    -0.059861676405                     0.266017886535
 346                     0.770203910817                     0.266295513714
 347                    -0.514689723855                     0.273022283444
 348                     0.314740261322                     0.273063440998
 349                    -0.140361298189                     0.279966816421
 350                     0.689068686989                     0.280007973975
 351                     0.233967127478                     0.286911349397
 352                    -0.595189345640                     0.286971213330
 353                    -0.220860919974                     0.293915746306
 354                     0.608569065204                     0.293956903860
 355                     0.153467505693                     0.300860279282
 356                    -0.675688967424                     0.300920143216
 357                    -0.301360541758                     0.307864676191
 358                     0.528069443420                     0.307905833745
 359                    -0.906901006819                     0.312249962597
 360                     0.906718763653                     0.312675312192
 361                     0.072967883909                     0.314809209168
 362                    -0.756188589208                     0.314869073101
 363                    -0.381860163542                     0.321813606077
 364                     0.447569821635                     0.321854763631
 365                     0.824079292703                     0.327713792581
 366                    -0.007531737876                     0.328758139053
 367                    -0.462359785327                     0.335762535962
 368                     0.367070199851                     0.335803693516
 369                    -0.088031359660                     0.342707068938
 370                     0.741398625517                     0.342748226493
 371                    -0.832092745734                     0.345090270539
 372                    -0.542859407111                     0.349711465848
 373                     0.286570578066                     0.349752623401
 374                    -0.168530981445                     0.356655998824
 375                     0.660899003733                     0.356697156378
 376                     0.205797444222                     0.363600531800
 377                    -0.623359028896                     0.363660395734
 378                    -0.249030603229                     0.370604928709
 379                     0.580399381948                     0.370646086263
 380                     0.125297822437                     0.377549461685
 381                    -0.703858650680                     0.377609325619
 382                    -0.329530225014                     0.384553858595
 383                     0.499899760164                     0.384595016148
 384                     0.875886641508                     0.390886257803
 385                     0.044798200653                     0.391498391571
 386                    -0.410029846798                     0.398502788480
 387                     0.419400138379                     0.398543946033
 388                     0.795274007403                     0.404166505360
 389                    -0.035701421132                     0.405447321456
 390                    -0.779762807205                     0.407830523057
 391                    -0.490529468583                     0.412451718366
 392                     0.338900516595                     0.412492875919
 393                    -0.116201042916                     0.419396251341
 394                    -0.861702018091                     0.421235216155
 395                     0.714670211135                     0.421313678385
 396                     0.258127382750                     0.426340784317
 397                    -0.571029090367                     0.426400648251
 398                    -0.196700664701                     0.433345181227
 399                     0.632729320477                     0.433386338781
 400                     0.177627760966                     0.440289714203
 401                    -0.277200286485                     0.447294111112
 402                     0.552229698692                     0.447335268666
 403                    -0.663141892075                     0.448554446073
 404                     0.097128139181                     0.454238644088
 405                    -0.357699908270                     0.461243040998
 406                     0.471730076908                     0.461284198551
 407                     0.016628517397                     0.468187573974
 408                    -0.438199530054                     0.475191970883
 409                     0.391230455123                     0.475233128436
 410                     0.832065455335                     0.477112726039
 411                    -0.742029338333                     0.480293941961
 412                    -0.063871104388                     0.482136503859
 413                     0.310457321279                     0.489081036835
 414                    -0.518616373140                     0.489610469437
 415                    -0.822728288138                     0.493039186281
 416                    -0.144370726172                     0.496085433744
 417                     0.683333849441                     0.497526368409
 418                     0.229957699494                     0.503029966720
 419                    -0.599195767569                     0.503090934780
 420                    -0.224870347957                     0.510034363630
 421                     0.149458077710                     0.516978896606
 422                     0.762085424255                     0.519273810020
 423                    -0.305369969741                     0.523983293515
 424                     0.524060015436                     0.524024451069
 425                     0.606179129150                     0.525818693487
 426                    -0.676602742433                     0.529223711032
 427                     0.068958455925                     0.530927826491
 428                    -0.385869591526                     0.537932223401
 429                     0.443473962169                     0.538045372445
 430                    -0.011541165859                     0.544876756377
 431                     0.362787259807                     0.551821289353
 432                    -0.470782807337                     0.555842725438
 433                    -0.092040787644                     0.558825686262
 434                    -0.777785321751                     0.561265951738
 435                     0.282287638023                     0.565770219238
 436                    -0.172540409428                     0.572774616147
 437                     0.669698125134                     0.578079635103
 438                     0.201788016238                     0.579719149124
 439                    -0.566474978284                     0.581503634058
 440                    -0.253040031213                     0.586723546033
 441                     0.121288394454                     0.593668079009
 442                     0.748449699948                     0.599827076713
 443                    -0.333539652997                     0.600672475919
 444                     0.542599441621                     0.603592355585
 445                    -0.647911008970                     0.605719110784
 446                     0.040788772669                     0.607617008894
 447                    -0.414039274782                     0.614621405804
 448                     0.415006348044                     0.614653833278
 449                    -0.039710849115                     0.621565938780
 450                    -0.727199198871                     0.625420498922
 451                    -0.501801432196                     0.631424513351
 452                     0.335106196415                     0.631704567046
 453                    -0.120210470900                     0.635514868665
 454                     0.615936815800                     0.639597789911
 455                     0.254117954767                     0.642459401641
 456                    -0.200710092684                     0.649463798551
 457                     0.173618332982                     0.656408331527
 458                     0.483184961197                     0.659669813340
 459                    -0.587932878253                     0.661193299269
 460                     0.694688390614                     0.661345231522
 461                    -0.281209714468                     0.663412728436
 462                     0.093118711198                     0.670357261412
 463                    -0.362148892603                     0.677732705707
 464                     0.012619089413                     0.684306191297
 465                    -0.671336942893                     0.685037359871
 466                    -0.443385720097                     0.690868031301
 467                     0.556308027739                     0.696108513809
 468                     0.410110672311                     0.696206234294
 469                    -0.067880532371                     0.698255121183
 470                    -0.522715443337                     0.710401509309
 471                     0.330210520681                     0.713256968062
 472                    -0.147479480477                     0.717144969289
 473                     0.634701669497                     0.719112832627
 474                     0.225948271511                     0.719148584044
 475                    -0.228750461372                     0.726200357479
 476                     0.145448649726                     0.733097513930
 477                    -0.610603857751                     0.739683989424
 478                    -0.309250083156                     0.740149287365
 479                     0.484688256901                     0.741355196698
 480                     0.064949027942                     0.747046443815
 481                    -0.022947947497                     0.766488724114
 482                    -0.466134093538                     0.769336325906
 483                    -0.384478792492                     0.772014676803
 484                     0.561460198668                     0.777645112261
 485                     0.411613968015                     0.777891617653
 486                     0.281624486234                     0.778939226009
 487                    -0.545440587277                     0.788963903523
 488                    -0.180451887988                     0.792094284069
 489                     0.197778588255                     0.795837766447
 490                    -0.098879314875                     0.796641488505
 491                     0.117278966471                     0.809786696333
 492                    -0.319663463458                     0.821751332044
 493                     0.493244660570                     0.822605117982
 494                     0.035726063072                     0.823340480781
 495                     0.347018137047                     0.827913016813
 496                    -0.446817056600                     0.848719030800
 497                    -0.243109279074                     0.850285848083
 498                     0.253454802978                     0.855628408412
 499                     0.421450427002                     0.861596780920
 500                    -0.164404482333                     0.872201977359
 501                     0.169608904999                     0.872526948850
 502                    -0.082831909220                     0.876749181794
 503                    -0.372968917067                     0.883664903803
 504                     0.088056001600                     0.886080733299
 505                    -0.003232460835                     0.895152702355
 506                     0.318848453791                     0.904602199216
 507                    -0.296414732683                     0.912199419842
 508                     0.225285119722                     0.932317590815
 509                    -0.217709935942                     0.934115549118
 510                     0.140385940129                     0.948820985816
 511                    -0.137296719797                     0.949272924951
 512                    -0.056014147859                     0.957513389228
 513                     0.049097477694                     0.957892954873
