   1                    -0.034817567795                    -0.962957958381
   2                     0.063799308137                    -0.961472797804
   3                    -0.107444190223                    -0.957578215408
   4                     0.136230994429                    -0.953908490786
   5                    -0.179457094416                    -0.946728812227
   6                     0.207884533059                    -0.940895484925
   7                    -0.254169175169                    -0.929424293265
   8                     0.285774294903                    -0.920235483455
   9                     0.013683928688                    -0.908633260880
  10                    -0.324703361652                    -0.907230962638
  11                    -0.057613387643                    -0.893792081555
  12                     0.362783089552                    -0.892686239712
  13                    -0.130240010070                    -0.888412338581
  14                     0.149166868543                    -0.882240987128
  15                    -0.392293370402                    -0.880117153665
  16                    -0.202252914264                    -0.877562935400
  17                     0.076979990620                    -0.872616924813
  18                     0.231276242591                    -0.871928856437
  19                     0.429165873150                    -0.862738051763
  20                    -0.272081746582                    -0.856886811566
  21                     0.303981018297                    -0.849722483640
  22                    -0.008066000550                    -0.839131401207
  23                    -0.339671755331                    -0.829773002594
  24                     0.493097273184                    -0.827861927990
  25                    -0.079363316884                    -0.824290221884
  26                    -0.500622994555                    -0.823332806318
  27                    -0.151989939312                    -0.818910478910
  28                     0.182753715197                    -0.817622942809
  29                     0.372399022161                    -0.817119058477
  30                    -0.428099878257                    -0.816702156110
  31                     0.110566837274                    -0.807998880494
  32                    -0.223062689991                    -0.803028664451
  33                     0.041284063232                    -0.785560851595
  34                    -0.561374287667                    -0.783172523639
  35                     0.311436887449                    -0.777279554827
  36                     0.432990541634                    -0.776718121760
  37                    -0.290652698741                    -0.775914855478
  38                     0.573004299455                    -0.774704050230
  39                    -0.029774719695                    -0.769616658650
  40                     0.239008025213                    -0.766864327782
  41                    -0.361758571832                    -0.760179098284
  42                     0.502709182651                    -0.755673430872
  43                    -0.101072036025                    -0.754775479325
  44                    -0.173698658453                    -0.749395736352
  45                     0.164219362072                    -0.747195351100
  46                    -0.432770264596                    -0.744026469590
  47                     0.372028406922                    -0.736878618110
  48                    -0.505452815179                    -0.735178160805
  49                     0.092616833847                    -0.733902966615
  50                     0.629876253374                    -0.729216153189
  51                    -0.241315231145                    -0.722348240773
  52                     0.022101796218                    -0.715306965212
  53                    -0.648171172257                    -0.713003803701
  54                    -0.575357210382                    -0.711701929741
  55                     0.284615612596                    -0.709572929339
  56                    -0.312374014073                    -0.706404047829
  57                     0.552126683597                    -0.702180641452
  58                    -0.048956986709                    -0.699362772267
  59                     0.213556829669                    -0.693628736396
  60                    -0.383432797000                    -0.690459854885
  61                     0.476070646047                    -0.687894700526
  62                    -0.120254303040                    -0.684521592942
  63                     0.683150371603                    -0.679562993706
  64                     0.142498046742                    -0.677684543451
  65                    -0.454491579927                    -0.674515661940
  66                     0.405011863120                    -0.671950507581
  67                    -0.191463046773                    -0.669260317164
  68                     0.071439263814                    -0.661740350507
  69                     0.610733851239                    -0.658951394169
  70                    -0.525550362854                    -0.658571468996
  71                     0.333953080193                    -0.656006314635
  72                    -0.262371868894                    -0.652633207054
  73                     0.000380480887                    -0.645796157563
  74                    -0.669266738821                    -0.643300539853
  75                    -0.596453671955                    -0.641949535345
  76                     0.262894297266                    -0.640062121690
  77                    -0.333430651821                    -0.636689014110
  78                     0.525488146994                    -0.634401911105
  79                    -0.070678302040                    -0.629851964618
  80                     0.191835514339                    -0.624117928746
  81                     0.736535529023                    -0.621295523291
  82                    -0.404489434748                    -0.620744821166
  83                    -0.738081135833                    -0.619464712122
  84                     0.454349330717                    -0.618383892876
  85                    -0.141975618370                    -0.615010785293
  86                     0.664007969468                    -0.609298234685
  87                     0.120776731412                    -0.608173735801
  88                    -0.475548217675                    -0.604800628221
  89                     0.383290547790                    -0.602439699931
  90                    -0.213034401298                    -0.599066592349
  91                     0.049717948485                    -0.592229542858
  92                     0.584095314636                    -0.591172663822
  93                    -0.546607000602                    -0.588856435277
  94                     0.312231764863                    -0.586495506986
  95                    -0.284093184225                    -0.583122399405
  96                    -0.021340834442                    -0.576285349913
  97                    -0.626323427145                    -0.575531423022
  98                     0.241172981936                    -0.570551314041
  99                    -0.355151967152                    -0.567178206461
 100                     0.503766831663                    -0.564891103456
 101                     0.781535048837                    -0.563651718773
 102                    -0.782757397429                    -0.561952977932
 103                    -0.092399617369                    -0.560341156969
 104                    -0.697267416226                    -0.559083981488
 105                     0.170114199009                    -0.554607121097
 106                     0.709570502541                    -0.552486057296
 107                    -0.426210750079                    -0.551234013517
 108                     0.432731966633                    -0.548840686955
 109                    -0.163696933700                    -0.545499977644
 110                     0.636945121348                    -0.539841166698
 111                     0.099055416082                    -0.538662928152
 112                    -0.497269533006                    -0.535289820572
 113                     0.361673183706                    -0.532896494010
 114                    -0.234755716627                    -0.529555784700
 115                     0.027996633155                    -0.522718735208
 116                     0.562373999306                    -0.521661856173
 117                    -0.568328315933                    -0.519345627628
 118                     0.290614400779                    -0.516952301065
 119                    -0.305814499555                    -0.513611591755
 120                    -0.043062149772                    -0.506774542264
 121                    -0.639498772535                    -0.503907556932
 122                     0.821872007939                    -0.503017589357
 123                     0.219555617852                    -0.501008108120
 124                    -0.376873282482                    -0.497667398812
 125                     0.483896654844                    -0.494779541401
 126                     0.749714631954                    -0.491724088982
 127                    -0.114120932699                    -0.490830349319
 128                    -0.783249235313                    -0.489129039455
 129                    -0.710442761616                    -0.487460115399
 130                     0.148496834925                    -0.485063915176
 131                    -0.447932065409                    -0.481723205867
 132                     0.412845329369                    -0.478782928084
 133                     0.674268004014                    -0.477306597384
 134                    -0.185418249030                    -0.475989169994
 135                     0.077438051998                    -0.469119722231
 136                    -0.518990848336                    -0.465779012923
 137                     0.341786546442                    -0.462838735139
 138                     0.603209161516                    -0.461362126099
 139                    -0.256477031957                    -0.460044977050
 140                    -0.848469541479                    -0.456727194086
 141                     0.006379269071                    -0.453175529287
 142                    -0.590049631263                    -0.449834819978
 143                     0.270727763515                    -0.446894542194
 144                    -0.327535814885                    -0.444100784106
 145                     0.533241579893                    -0.441160506326
 146                    -0.064679513856                    -0.437231336343
 147                     0.795536226158                    -0.435120648942
 148                    -0.661108414190                    -0.433890627033
 149                     0.199668980588                    -0.430950349249
 150                    -0.398594597812                    -0.428156591162
 151                     0.462182796966                    -0.425216313380
 152                     0.723605412040                    -0.423739704340
 153                    -0.135738296783                    -0.421287143398
 154                     0.866913320442                    -0.420668025261
 155                    -0.732168125695                    -0.417950573066
 156                     0.128610197661                    -0.415006156305
 157                    -0.469653380739                    -0.412212398218
 158                     0.391124014039                    -0.409272120435
 159                     0.652546629112                    -0.407795511395
 160                    -0.207035613114                    -0.406445964073
 161                    -0.802756024981                    -0.400036433560
 162                     0.057551414734                    -0.399061963360
 163                    -0.540712163666                    -0.396268205273
 164                     0.320065231112                    -0.393327927489
 165                    -0.880540010539                    -0.391343305138
 166                    -0.278094396041                    -0.390501771129
 167                     0.582579047489                    -0.387593891621
 168                    -0.013507368194                    -0.383117770416
 169                    -0.611770946593                    -0.380324012329
 170                     0.249006448185                    -0.377383734544
 171                    -0.349153178968                    -0.374557578185
 172                     0.511520264562                    -0.371649698675
 173                    -0.084566151121                    -0.367173577472
 174                    -0.682829729520                    -0.364379819384
 175                     0.789632000776                    -0.362534782257
 176                     0.177947665258                    -0.361439541599
 177                    -0.420211961896                    -0.358613385241
 178                     0.440461481635                    -0.355705505730
 179                     0.701884096709                    -0.354228896691
 180                     0.896207795735                    -0.353994180037
 181                    -0.155624934048                    -0.351229384527
 182                    -0.753418656032                    -0.346469727996
 183                     0.106888882331                    -0.345495348655
 184                    -0.491270744823                    -0.342669192297
 185                     0.369402698708                    -0.339761312785
 186                    -0.226922250379                    -0.336388205202
 187                    -0.834826494040                    -0.334652544612
 188                     0.631916515085                    -0.334027276917
 189                     0.035830099404                    -0.329551155710
 190                    -0.562329527750                    -0.326724999352
 191                     0.298343915782                    -0.323817119840
 192                    -0.907585454691                    -0.323710795766
 193                    -0.297981033306                    -0.320444012258
 194                     0.560857732159                    -0.318083083971
 195                    -0.035228683523                    -0.313606962767
 196                    -0.633388310677                    -0.310780806408
 197                     0.838969468371                    -0.308968167552
 198                     0.227285132854                    -0.307872926895
 199                    -0.369039816233                    -0.304499819314
 200                     0.489798949232                    -0.302138891026
 201                     0.751221564305                    -0.300662281986
 202                    -0.106287466450                    -0.297662769822
 203                    -0.704003546573                    -0.292974729381
 204                     0.156226349927                    -0.291928733951
 205                    -0.440098599160                    -0.288555626370
 206                     0.418740166305                    -0.286194698080
 207                     0.920383156956                    -0.285298329874
 208                    -0.177346249377                    -0.281718576878
 209                    -0.785489125092                    -0.281085839048
 210                     0.681253982682                    -0.280460662212
 211                     0.085167567000                    -0.275984541006
 212                    -0.511157382087                    -0.272611433426
 213                     0.347681383378                    -0.270250505135
 214                    -0.861838038278                    -0.267021602007
 215                    -0.248643565708                    -0.266877397553
 216                     0.610195199755                    -0.264516469266
 217                     0.014108784073                    -0.260040348062
 218                    -0.582216165014                    -0.256667240481
 219                     0.276622600451                    -0.254306312191
 220                    -0.319702348635                    -0.250933204608
 221                     0.539136416828                    -0.248572276321
 222                     0.800559031900                    -0.247095667280
 223                    -0.931613169849                    -0.246164973950
 224                    -0.056949998854                    -0.244096155117
 225                    -0.653274947941                    -0.240723047537
 226                     0.205563817524                    -0.238362119246
 227                    -0.390761131562                    -0.234989011664
 228                     0.468077633901                    -0.232628083376
 229                     0.871628788595                    -0.231200460364
 230                    -0.128008781781                    -0.228151962173
 231                    -0.735536796791                    -0.227330064325
 232                     0.730591450277                    -0.226894047506
 233                     0.134505034597                    -0.222417926301
 234                    -0.461819914489                    -0.219044818720
 235                     0.397018850974                    -0.216683890431
 236                    -0.199067564708                    -0.212207769228
 237                    -0.806595579718                    -0.211385871380
 238                     0.659532667350                    -0.210949854561
 239                     0.940786143676                    -0.208378800519
 240                     0.063446251670                    -0.206473733357
 241                    -0.532878697416                    -0.203100625776
 242                     0.325960068047                    -0.200739697486
 243                    -0.270364881039                    -0.197366589903
 244                    -0.877768631376                    -0.195959768909
 245                     0.588473884423                    -0.195005661616
 246                    -0.007612531258                    -0.190529540412
 247                    -0.603937480343                    -0.187156432831
 248                     0.254901285120                    -0.184795504541
 249                    -0.341423663966                    -0.181422396959
 250                     0.517415101497                    -0.179061468671
 251                    -0.947543762947                    -0.175103140852
 252                    -0.078671314185                    -0.174585347468
 253                     0.782728168391                    -0.173130862162
 254                    -0.674996263269                    -0.171212239887
 255                     0.183842502193                    -0.168851311597
 256                    -0.412482446893                    -0.165478204015
 257                     0.446356318570                    -0.163117275726
 258                    -0.149730097112                    -0.158641154524
 259                     0.888078589831                    -0.158124629673
 260                     0.708870134947                    -0.157383239857
 261                    -0.746055046196                    -0.155268046942
 262                     0.112783719266                    -0.152907118652
 263                    -0.483541229820                    -0.149534011070
 264                     0.375297535643                    -0.147173082781
 265                    -0.220788880039                    -0.142696961579
 266                     0.637811352021                    -0.141439046911
 267                    -0.817113829123                    -0.139323853998
 268                     0.041724936339                    -0.136962925708
 269                    -0.554600012747                    -0.133589818126
 270                     0.304238752716                    -0.131228889837
 271                     0.954892746208                    -0.129151600363
 272                    -0.292086196369                    -0.127855782254
 273                     0.566752569094                    -0.125494853966
 274                    -0.888286880781                    -0.123897751526
 275                    -0.029333846588                    -0.121018732763
 276                    -0.625658795674                    -0.117645625181
 277                     0.233179969789                    -0.115284696892
 278                     0.830356652850                    -0.113720284043
 279                    -0.363144979297                    -0.111911589310
 280                     0.495693786167                    -0.109550661021
 281                    -0.100392629515                    -0.105074539819
 282                     0.758207602542                    -0.103816625151
 283                    -0.958062012351                    -0.103041123469
 284                    -0.696717578601                    -0.101701432237
 285                     0.162121186862                    -0.099340503948
 286                    -0.434203762224                    -0.095967396366
 287                     0.424635003240                    -0.093606468077
 288                    -0.171451412443                    -0.089130346875
 289                     0.687148819616                    -0.087872432206
 290                    -0.767776361528                    -0.085757239292
 291                     0.091062403935                    -0.083396311003
 292                    -0.505262545151                    -0.080023203421
 293                     0.353576220313                    -0.077662275132
 294                     0.891065324373                    -0.073495601052
 295                    -0.242510195369                    -0.073186153930
 296                     0.616090036689                    -0.071928239261
 297                    -0.839343954186                    -0.069970004027
 298                     0.020003621008                    -0.067452118059
 299                    -0.576321328078                    -0.064079010477
 300                     0.282517437386                    -0.061718082187
 301                    -0.313807511700                    -0.058344974605
 302                     0.961919580813                    -0.056665798201
 303                     0.545031253763                    -0.055984046316
 304                    -0.051055161919                    -0.051507925114
 305                    -0.647380111005                    -0.048134817532
 306                     0.211458654458                    -0.045773889243
 307                     0.813752909946                    -0.042812712929
 308                    -0.384866294627                    -0.042400781661
 309                     0.473972470835                    -0.040039853371
 310                    -0.921616835408                    -0.039991008503
 311                    -0.122113944846                    -0.035563732170
 312                     0.740753008869                    -0.032888832537
 313                    -0.718438893932                    -0.032190624587
 314                     0.140399871531                    -0.029829696299
 315                    -0.455925077554                    -0.026456588717
 316                     0.402913687909                    -0.024095660427
 317                    -0.193172727773                    -0.019619539226
 318                     0.665427504287                    -0.018361624556
 319                    -0.789497676859                    -0.016246431643
 320                     0.069341088604                    -0.013885503354
 321                    -0.526983860482                    -0.010512395772
 322                     0.331854904982                    -0.008151467483
 323                    -0.264231510700                    -0.003675346281
 324                     0.874461581468                    -0.002588029938
 325                     0.594368721360                    -0.002417431611
 326                    -0.860556459786                    -0.000302238698
 327                    -0.001717694323                     0.002058689590
 328                    -0.598042643409                     0.005431797173
 329                     0.260796122055                     0.007792725462
 330                    -0.335528827031                     0.011165833044
 331                     0.523309938433                     0.013526761333
 332                     0.963451957451                     0.016143677430
 333                    -0.072776477250                     0.018002882535
 334                    -0.963386512753                     0.019665189618
 335                    -0.669101426336                     0.021375990117
 336                     0.189737339128                     0.023736918406
 337                     0.786852421475                     0.024862479274
 338                    -0.406587609958                     0.027110025988
 339                     0.452251155506                     0.029470954278
 340                    -0.143835260177                     0.033947075479
 341                     0.714764971883                     0.035204990149
 342                    -0.740160209263                     0.037320183062
 343                     0.118678556201                     0.039681111351
 344                    -0.477646392885                     0.043054218933
 345                     0.381192372579                     0.045415147222
 346                    -0.214894043104                     0.049891268424
 347                     0.643706188956                     0.051149183093
 348                    -0.811218992190                     0.053264376006
 349                     0.047619773274                     0.055625304295
 350                    -0.548705175812                     0.058998411877
 351                     0.310133589652                     0.061359340166
 352                     0.907239501234                     0.062444084402
 353                    -0.285952826031                     0.065835461368
 354                     0.572647406029                     0.067093376038
 355                    -0.889249199635                     0.068026783072
 356                    -0.023439009653                     0.071569497240
 357                    -0.619763958739                     0.074942604822
 358                     0.239074806725                     0.077303533111
 359                     0.836189889071                     0.078429093979
 360                    -0.357250142362                     0.080676640693
 361                     0.501588623102                     0.083037568983
 362                    -0.094497792580                     0.087513690184
 363                    -0.690822741666                     0.090886797766
 364                    -0.959149908128                     0.092367453000
 365                     0.168016023797                     0.093247726055
 366                     0.765131106144                     0.094373286923
 367                    -0.428308925289                     0.096620833637
 368                     0.430529840175                     0.098981761927
 369                    -0.165556575508                     0.103457883128
 370                     0.693043656553                     0.104715797798
 371                    -0.761881524593                     0.106830990711
 372                     0.096957240870                     0.109191919000
 373                    -0.499367708216                     0.112565026582
 374                     0.359471057248                     0.114925954872
 375                     0.956578329880                     0.116009445482
 376                    -0.236615358435                     0.119402076073
 377                     0.621984873626                     0.120659990743
 378                    -0.832940307520                     0.122775183655
 379                     0.025898457943                     0.125136111944
 380                    -0.570426491143                     0.128509219526
 381                     0.288412274321                     0.130870147816
 382                     0.885528717717                     0.131994455059
 383                    -0.307674141362                     0.135346269017
 384                     0.550926090699                     0.136604183687
 385                    -0.903778874247                     0.139670904530
 386                    -0.045160324984                     0.141080304889
 387                    -0.641485274070                     0.144453412471
 388                     0.217353491394                     0.146814340760
 389                     0.814492010991                     0.148036718531
 390                    -0.378971457692                     0.150187448342
 391                     0.479867307772                     0.152548376632
 392                    -0.116219107911                     0.157024497833
 393                    -0.712544056997                     0.160397605415
 394                     0.146294708467                     0.162758533704
 395                     0.743411707007                     0.163884693332
 396                    -0.450030240620                     0.166131641286
 397                     0.408808524844                     0.168492569576
 398                    -0.187277890838                     0.172968690778
 399                     0.671324257416                     0.174227204206
 400                    -0.783602839924                     0.176341798360
 401                     0.075235925540                     0.178702726649
 402                    -0.521089023547                     0.182075834231
 403                     0.337749741917                     0.184436762521
 404                     0.945084903363                     0.187922372461
 405                    -0.258336673765                     0.188912883722
 406                     0.600265474489                     0.190171397151
 407                    -0.854441406650                     0.193237519235
 408                     0.004177142613                     0.194646919593
 409                    -0.592147806474                     0.198020027175
 410                     0.266690958990                     0.200380955465
 411                    -0.942287148796                     0.201482559669
 412                     0.874035291200                     0.203907382037
 413                    -0.329395456692                     0.204857076666
 414                     0.529206691562                     0.206115590096
 415                    -0.066881640315                     0.210591112538
 416                    -0.663206589401                     0.213964220120
 417                     0.195632176063                     0.216325148409
 418                    -0.400692773023                     0.219698255991
 419                     0.802998584475                     0.219949645509
 420                     0.458147908635                     0.222059783040
 421                    -0.137940423242                     0.226535305482
 422                    -0.734265372328                     0.229908413065
 423                     0.124573393136                     0.232269341354
 424                    -0.471751555950                     0.235642448936
 425                     0.731918280491                     0.235797620310
 426                     0.387089125708                     0.238003975985
 427                    -0.208999206169                     0.242479498427
 428                     0.652527257788                     0.244719753689
 429                     0.053514610209                     0.248213534298
 430                    -0.542810338877                     0.251586641880
 431                    -0.812624205315                     0.252860414101
 432                     0.316030342781                     0.253948168929
 433                    -0.892949681200                     0.255049174373
 434                    -0.280057989096                     0.258423691371
 435                     0.928193178091                     0.258761892060
 436                     0.578544159158                     0.259682204800
 437                    -0.017544172718                     0.264157727243
 438                    -0.613869121804                     0.267530834825
 439                     0.244971559854                     0.269892361873
 440                    -0.351116772023                     0.274367884316
 441                     0.857143565927                     0.274746901637
 442                     0.507485376231                     0.275626397745
 443                    -0.088602955645                     0.280101920187
 444                    -0.684927904731                     0.283475027769
 445                     0.173912776927                     0.285836554818
 446                    -0.422414088354                     0.289209063640
 447                     0.781729292842                     0.289600095279
 448                     0.436426593304                     0.291570590689
 449                    -0.159661738572                     0.296046113131
 450                    -0.756492794200                     0.299259041300
 451                     0.699687155418                     0.301102463134
 452                     0.102853994000                     0.301780747762
 453                    -0.493472871281                     0.305153256585
 454                     0.365367810377                     0.307514783634
 455                    -0.230720521499                     0.311990306076
 456                     0.627881626754                     0.313248819505
 457                     0.031795211072                     0.317724940707
 458                    -0.564531654208                     0.321097449529
 459                    -0.833840388107                     0.322527059689
 460                     0.294309027450                     0.323458976578
 461                    -0.906552389744                     0.326593106610
 462                    -0.301779304427                     0.327934499020
 463                     0.556822843828                     0.329193012449
 464                     0.905584527900                     0.329255790536
 465                    -0.039263571854                     0.333669133651
 466                    -0.635590437135                     0.337041642474
 467                     0.223250244523                     0.339403169522
 468                     0.831390281576                     0.342866915324
 469                    -0.372838087354                     0.343878691965
 470                     0.485764060900                     0.345137205394
 471                    -0.110322354782                     0.349613326596
 472                    -0.706649220062                     0.352985835418
 473                     0.749024623015                     0.354669077838
 474                     0.152191461596                     0.355347362467
 475                    -0.444135403684                     0.358719871290
 476                     0.414705277973                     0.361081398338
 477                    -0.181381137709                     0.365557519540
 478                    -0.777708976992                     0.368925686888
 479                     0.677965840088                     0.370613270784
 480                     0.081132678669                     0.371291555411
 481                    -0.515194186612                     0.374664064234
 482                     0.343646495046                     0.377025591283
 483                    -0.252439920636                     0.381501712484
 484                     0.606160311424                     0.382759627154
 485                     0.010073895742                     0.387235748356
 486                    -0.586252969539                     0.390608257178
 487                     0.272587712119                     0.392969784227
 488                    -0.879297798406                     0.394126470000
 489                    -0.323498703563                     0.397445905429
 490                     0.535101528497                     0.398703820099
 491                     0.876693423469                     0.399886151152
 492                    -0.060984887185                     0.403179941300
 493                    -0.657311752466                     0.406552450123
 494                     0.798685611748                     0.407935897883
 495                     0.201528929192                     0.408913977171
 496                    -0.394557486490                     0.413390098373
 497                     0.464042745570                     0.414648013043
 498                    -0.132043670112                     0.419124134244
 499                    -0.729530464111                     0.423590501349
 500                     0.727510943480                     0.424245109953
 501                     0.130470146265                     0.424858170116
 502                    -0.465854802820                     0.428231277698
 503                     0.392983962643                     0.430592205988
 504                    -0.816310094202                     0.430679404750
 505                    -0.203102453039                     0.435068327189
 506                     0.656244524757                     0.440124078432
 507                     0.059411363338                     0.440802363060
 508                    -0.536913585748                     0.444175470642
 509                     0.321925179716                     0.446536398932
 510                    -0.274161235966                     0.451012520134
 511                     0.584438996093                     0.452270434803
 512                    -0.011647419589                     0.456746556005
 513                    -0.607972368674                     0.460119663587
 514                     0.250866396789                     0.462480591876
 515                     0.843988753641                     0.464955133711
 516                    -0.345220018894                     0.466956713078
 517                     0.513380213166                     0.468214627748
 518                    -0.082706202516                     0.472690748949
 519                    -0.679031151601                     0.476063856532
 520                     0.179807613862                     0.478424784820
 521                    -0.416278801821                     0.482900906022
 522                     0.442321430239                     0.484158820692
 523                    -0.153764985443                     0.488634941894
 524                     0.705581992353                     0.493690693137
 525                     0.108748830934                     0.494368977765
 526                    -0.749340406892                     0.495042174164
 527                     0.778353109267                     0.496507155950
 528                    -0.487576118151                     0.497742085347
 529                     0.371262647312                     0.500103013637
 530                    -0.821695667897                     0.503305595038
 531                    -0.224823768370                     0.504579134838
 532                     0.634523209426                     0.509634886082
 533                     0.037690048007                     0.510313170709
 534                    -0.558634901079                     0.513686278292
 535                     0.300203864385                     0.516047206581
 536                    -0.295882551297                     0.520523327783
 537                     0.562717680763                     0.521781242453
 538                    -0.033368734920                     0.526257363654
 539                    -0.629693684005                     0.529630471237
 540                     0.229145081458                     0.531991399526
 541                    -0.366941334224                     0.536467520727
 542                     0.491658897836                     0.537725435397
 543                    -0.104427517847                     0.542201556598
 544                     0.158086298531                     0.547935592469
 545                    -0.700002939296                     0.548608788870
 546                    -0.438000117151                     0.552411713672
 547                     0.420600114909                     0.553669628341
 548                    -0.175486300774                     0.558145749543
 549                     0.087027515604                     0.563879785414
 550                    -0.780589385357                     0.564894122204
 551                     0.692529015325                     0.565336961082
 552                    -0.509297433482                     0.567252892996
 553                     0.777410734016                     0.569326657793
 554                     0.349541331981                     0.569613821286
 555                    -0.246545083701                     0.574089942487
 556                     0.015968732677                     0.579823978358
 557                     0.621470232398                     0.581281154027
 558                     0.278482549054                     0.585558014230
 559                    -0.317603866628                     0.590034135432
 560                    -0.590183085529                     0.590806287764
 561                     0.542998027454                     0.591949015901
 562                    -0.055090050251                     0.595768171303
 563                     0.207423766127                     0.601502207175
 564                    -0.388662649555                     0.605978328376
 565                     0.469937582505                     0.607236243046
 566                    -0.663278441940                     0.611496619279
 567                    -0.126148833178                     0.611712364247
 568                     0.136364983200                     0.617446400118
 569                    -0.459832543805                     0.621888334158
 570                    -0.735657616635                     0.622289976450
 571                     0.398878799578                     0.623180435990
 572                     0.732192855497                     0.626413533535
 573                    -0.197207616105                     0.627656557192
 574                     0.065306200273                     0.633390593063
 575                    -0.533131012131                     0.636068069001
 576                     0.327820016651                     0.639124628935
 577                    -0.268266399032                     0.643600750136
 578                     0.590848420489                     0.647355903781
 579                    -0.005752582654                     0.649334786008
 580                     0.663590066989                     0.650851727590
 581                     0.256761233724                     0.655068821879
 582                    -0.339325181959                     0.659544943081
 583                     0.519275050101                     0.660802857751
 584                    -0.609807641568                     0.660937912014
 585                    -0.076811365581                     0.665278978952
 586                     0.185702450797                     0.671013014824
 587                    -0.410383964886                     0.675489136025
 588                     0.448216267174                     0.676747050695
 589                    -0.147870148508                     0.681223171897
 590                    -0.680447413791                     0.682269455348
 591                     0.114643667869                     0.686957207768
 592                    -0.481442379582                     0.691434969982
 593                     0.377157484247                     0.692691243640
 594                    -0.218928931436                     0.697167364841
 595                     0.043584884942                     0.702901400712
 596                    -0.552755568170                     0.706199693251
 597                     0.306098701320                     0.708635436584
 598                    -0.289987714363                     0.713111557785
 599                     0.567744359458                     0.716419427320
 600                    -0.027473897985                     0.718845593657
 601                     0.640486005959                     0.719915251129
 602                     0.235039918393                     0.724579629529
 603                    -0.360974388559                     0.729373784150
 604                    -0.626976613420                     0.731710748084
 605                    -0.098532680912                     0.734789786601
 606                     0.499114312757                     0.740780966877
 607                    -0.432103674943                     0.745000445283
 608                     0.426494951843                     0.746257858344
 609                    -0.169591463839                     0.750733979546
 610                     0.167459637134                     0.751717674867
 611                     0.094828432449                     0.757035195502
 612                     0.355436168916                     0.762202051289
 613                    -0.240650246766                     0.766678172490
 614                     0.021863569611                     0.772412208361
 615                    -0.569924540022                     0.776972529320
 616                    -0.497104120711                     0.777841120819
 617                     0.283422727594                     0.779549428104
 618                     0.554527048240                     0.788035561004
 619                    -0.049195213316                     0.788356401306
 620                    -0.318717268158                     0.788685702811
 621                    -0.120253996243                     0.804300594250
 622                    -0.389846554543                     0.804312363944
 623                     0.215252313879                     0.806666996695
 624                     0.421133519386                     0.818885834784
 625                    -0.191312779170                     0.820244787195
 626                     0.143929686934                     0.821386059348
 627                     0.071246422092                     0.825936985807
 628                     0.493428036613                     0.827664826679
 629                     0.334179211786                     0.831856266476
 630                    -0.263271370301                     0.835901381674
 631                     0.000273170769                     0.842388615867
 632                    -0.465729442119                     0.843561722330
 633                    -0.070916528647                     0.857867208955
 634                     0.266404064284                     0.858503917419
 635                    -0.328258023880                     0.868769341398
 636                    -0.400690499093                     0.876326090319
 637                     0.196809954877                     0.879956839260
 638                    -0.140457225118                     0.880833298205
 639                     0.386222405477                     0.882798134425
 640                    -0.213933902705                     0.889467996379
 641                     0.124935940710                     0.891691148240
 642                     0.052252675868                     0.896242074699
 643                     0.318447257975                     0.909445785369
 644                    -0.036003896817                     0.921778679431
 645                    -0.278920556284                     0.922335956102
 646                     0.248853148568                     0.930898707210
 647                    -0.171001057203                     0.948292639997
 648                     0.170690887542                     0.948348516017
 649                    -0.098894197417                     0.958498946454
 650                     0.096513912195                     0.958741548797
 651                     0.023830647353                     0.963292475255
