   1                     0.033395264485                    -0.963302732980
   2                    -0.110840712943                    -0.957487198562
   3                    -0.038603575954                    -0.957439868850
   4                     0.166758277507                    -0.949346657412
   5                    -0.187084129332                    -0.945551123741
   6                     0.237387859553                    -0.934191844962
   7                     0.097278053965                    -0.929580404935
   8                    -0.261796694270                    -0.927647503056
   9                     0.306684127352                    -0.913790044314
  10                    -0.335523360177                    -0.903599177640
  11                     0.002473233541                    -0.898018476051
  12                    -0.139314915544                    -0.891098750872
  13                     0.374257871018                    -0.888255844359
  14                    -0.067766372212                    -0.881148266089
  15                     0.191577778158                    -0.878338083737
  16                    -0.210184069074                    -0.877106993355
  17                    -0.406423203359                    -0.874006624018
  18                     0.121338172405                    -0.861467873775
  19                    -0.279759746993                    -0.857679403630
  20                     0.051098566653                    -0.844597663813
  21                     0.314584718843                    -0.841986236236
  22                    -0.470737413835                    -0.841114550030
  23                     0.421555746821                    -0.833656236806
  24                    -0.347409244414                    -0.832346585011
  25                     0.243638113360                    -0.828201989760
  26                     0.493565230550                    -0.827925577723
  27                    -0.019141039100                    -0.827727453851
  28                    -0.161224684520                    -0.822264397357
  29                    -0.089724097688                    -0.811052823349
  30                     0.174105507338                    -0.808245816312
  31                    -0.231172798411                    -0.804223677763
  32                    -0.411723454890                    -0.799454511023
  33                     0.103865901585                    -0.791375606350
  34                     0.364314552113                    -0.789592058283
  35                    -0.514623499171                    -0.783736699649
  36                     0.550600676314                    -0.783595405978
  37                    -0.298822295832                    -0.778890859145
  38                     0.033626295833                    -0.774505396388
  39                     0.294074946361                    -0.772721848321
  40                    -0.584717638003                    -0.766271937933
  41                    -0.036613309920                    -0.757635186426
  42                     0.483691898546                    -0.756366346903
  43                     0.223835340608                    -0.755851638359
  44                    -0.178203005733                    -0.752050845893
  45                    -0.363136506308                    -0.745998785156
  46                     0.611638033530                    -0.744960613050
  47                    -0.106852915673                    -0.740764976464
  48                     0.153595734856                    -0.738981428397
  49                     0.414044385384                    -0.737197880331
  50                    -0.433762633593                    -0.730003412937
  51                    -0.246642238981                    -0.728936401211
  52                     0.083356129103                    -0.722111218435
  53                     0.343804779631                    -0.720327670369
  54                    -0.643225398347                    -0.717863835262
  55                    -0.503804013299                    -0.712314399728
  56                     0.013116523350                    -0.705241008473
  57                     0.533421731817                    -0.703972168951
  58                     0.273565173879                    -0.703457460407
  59                    -0.310956449457                    -0.696044327223
  60                    -0.574796320176                    -0.694719344319
  61                     0.669558146623                    -0.693357716951
  62                    -0.057123082402                    -0.688370798511
  63                     0.203325568126                    -0.686587250445
  64                     0.463774218654                    -0.684803702378
  65                    -0.383834574276                    -0.676790431738
  66                    -0.199550924776                    -0.674158537736
  67                     0.599067673520                    -0.673825584761
  68                    -0.127362688155                    -0.671500588549
  69                     0.133085962374                    -0.669717040483
  70                     0.393534612902                    -0.667933492416
  71                    -0.695180846081                    -0.667675812276
  72                    -0.454074180028                    -0.659920221776
  73                     0.062846356621                    -0.652846830521
  74                     0.323295007149                    -0.651063282454
  75                    -0.524313785781                    -0.643050011814
  76                     0.719610095126                    -0.641271167330
  77                    -0.263865135253                    -0.641266463747
  78                    -0.007393249132                    -0.635976620559
  79                     0.253055401397                    -0.634193072492
  80                     0.513504051925                    -0.632409524426
  81                    -0.603740501485                    -0.628264030044
  82                    -0.334104741005                    -0.624396253786
  83                     0.649863968350                    -0.622464679084
  84                    -0.077632854884                    -0.619106410597
  85                     0.182815795644                    -0.617322862530
  86                     0.443264446172                    -0.615539314464
  87                    -0.745157233442                    -0.611398476041
  88                    -0.404344346758                    -0.607526043824
  89                     0.579985971857                    -0.604154250182
  90                    -0.147872460637                    -0.602236200635
  91                     0.112576189891                    -0.600452652568
  92                     0.373024840420                    -0.598669104502
  93                    -0.674063955826                    -0.598594098731
  94                    -0.474583952510                    -0.590655833861
  95                    -0.218112066389                    -0.585365990672
  96                     0.042336584139                    -0.583582442606
  97                     0.302785234667                    -0.581798894540
  98                     0.773738113976                    -0.574789560530
  99                    -0.544823558263                    -0.573785623899
 100                     0.701023928315                    -0.571466005603
 101                    -0.288351672142                    -0.568495780710
 102                    -0.027903021614                    -0.566712232644
 103                     0.232545628915                    -0.564928684578
 104                     0.492994279443                    -0.563145136511
 105                    -0.615063164016                    -0.556915413937
 106                     0.630882230448                    -0.552417647775
 107                    -0.358591277894                    -0.551625570748
 108                    -0.098142627366                    -0.549842022682
 109                     0.162306023162                    -0.548058474616
 110                     0.422754673690                    -0.546274926549
 111                    -0.766740055784                    -0.542460910228
 112                     0.559476199375                    -0.534889862268
 113                    -0.428830883647                    -0.534755360786
 114                    -0.168382233119                    -0.532971812720
 115                     0.092066417409                    -0.531188264654
 116                    -0.695646778168                    -0.529656532918
 117                     0.352515067938                    -0.529404716587
 118                    -0.499070489400                    -0.517885150824
 119                    -0.238621838871                    -0.516101602758
 120                     0.814614391459                    -0.515230042906
 121                     0.021826811657                    -0.514318054692
 122                     0.282275462185                    -0.512534506625
 123                     0.728950859430                    -0.504845492854
 124                    -0.569310095152                    -0.501014940862
 125                    -0.308861444624                    -0.499231392796
 126                    -0.824562868226                    -0.499162774452
 127                    -0.048412794096                    -0.497447844730
 128                     0.212035856432                    -0.495664296663
 129                     0.472484506961                    -0.493880748596
 130                     0.659258638080                    -0.485840217697
 131                    -0.639549700905                    -0.484144730900
 132                    -0.379101050376                    -0.482361182834
 133                    -0.118652399848                    -0.480577634767
 134                     0.141796250680                    -0.478794086701
 135                     0.402244901208                    -0.477010538635
 136                     0.589019032328                    -0.468970007735
 137                    -0.730441711072                    -0.466351565935
 138                    -0.449340656129                    -0.465490972872
 139                    -0.188892005601                    -0.463707424805
 140                     0.071556644927                    -0.461923876739
 141                     0.332005295456                    -0.460140328673
 142                     0.850917108707                    -0.452777509564
 143                     0.778680692700                    -0.452451314901
 144                    -0.519580261882                    -0.448620762910
 145                    -0.259131611353                    -0.446837214843
 146                     0.001317039175                    -0.445053666777
 147                     0.261765689703                    -0.443270118711
 148                     0.522214340231                    -0.441486570644
 149                     0.708988471350                    -0.433446039745
 150                    -0.794715363940                    -0.433380309552
 151                    -0.589819867634                    -0.431750552948
 152                    -0.329371217106                    -0.429967004881
 153                    -0.068922566578                    -0.428183456815
 154                     0.191526083950                    -0.426399908749
 155                     0.451974734479                    -0.424616360682
 156                    -0.866204367571                    -0.422794593618
 157                     0.638748865598                    -0.416575829783
 158                    -0.663334986739                    -0.415771593970
 159                    -0.399610822859                    -0.413096794919
 160                    -0.139162172330                    -0.411313246853
 161                     0.121286478198                    -0.409529698787
 162                     0.381735128726                    -0.407746150720
 163                    -0.469850428611                    -0.396226584957
 164                    -0.209401778083                    -0.394443036891
 165                    -0.734024591883                    -0.394203321566
 166                     0.051046872445                    -0.392659488825
 167                     0.311495522974                    -0.390875940758
 168                     0.571944173502                    -0.389092392691
 169                     0.759035531137                    -0.381351141632
 170                     0.858316221006                    -0.380920294633
 171                    -0.540090034364                    -0.379356374995
 172                    -0.279641383835                    -0.377572826929
 173                    -0.019192733307                    -0.375789278862
 174                     0.241255917221                    -0.374005730796
 175                     0.501704567749                    -0.372222182729
 176                     0.688478698869                    -0.364181651830
 177                    -0.815225136421                    -0.364115921638
 178                    -0.610329640116                    -0.362486165033
 179                    -0.349880989588                    -0.360702616967
 180                    -0.089432339060                    -0.358919068900
 181                     0.171016311468                    -0.357135520834
 182                    -0.895436164205                    -0.356733813477
 183                     0.431464961997                    -0.355351972767
 184                    -0.680569245869                    -0.345615955071
 185                    -0.420120595341                    -0.343832407005
 186                    -0.159671944812                    -0.342048858938
 187                     0.100776705716                    -0.340265310872
 188                     0.361225356244                    -0.338481762805
 189                     0.621674006773                    -0.336698214738
 190                     0.808448137892                    -0.328657683839
 191                     0.906637542592                    -0.327224335003
 192                    -0.490360201093                    -0.326962197042
 193                    -0.229911550565                    -0.325178648976
 194                    -0.754534364365                    -0.324938933651
 195                     0.030537099963                    -0.323395100910
 196                     0.290985750491                    -0.321611552844
 197                     0.551434401020                    -0.319828004776
 198                     0.738208532139                    -0.311787473877
 199                    -0.560599806846                    -0.310091987080
 200                    -0.300151156317                    -0.308308439014
 201                    -0.039702505789                    -0.306524890948
 202                     0.220746144739                    -0.304741342882
 203                     0.481194795267                    -0.302957794814
 204                    -0.849818471383                    -0.300700565637
 205                    -0.630839412598                    -0.293221777118
 206                    -0.370390762070                    -0.291438229052
 207                    -0.109942111542                    -0.289654680986
 208                     0.150506538986                    -0.287871132920
 209                     0.410955189515                    -0.286087584853
 210                    -0.920515638181                    -0.285864231620
 211                     0.671403840043                    -0.284304036785
 212                    -0.701079018351                    -0.276351567156
 213                    -0.440630367823                    -0.274568019090
 214                     0.858876868555                    -0.273029093368
 215                    -0.180181717294                    -0.272784471024
 216                     0.080266933234                    -0.271000922957
 217                     0.340715583762                    -0.269217374891
 218                     0.601164234290                    -0.267433826824
 219                    -0.789117002392                    -0.261517743600
 220                     0.787938365409                    -0.259393295925
 221                    -0.510869973575                    -0.257697809128
 222                     0.929164556193                    -0.256360345160
 223                    -0.250421323047                    -0.255914261062
 224                     0.010027327481                    -0.254130712995
 225                     0.270475978009                    -0.252347164929
 226                     0.530924628538                    -0.250563616862
 227                    -0.581109579328                    -0.240827599166
 228                    -0.320660928799                    -0.239044051100
 229                    -0.060212278271                    -0.237260503033
 230                     0.200236372257                    -0.235476954967
 231                     0.460685022785                    -0.233693406900
 232                     0.721133673314                    -0.231909858830
 233                    -0.853393446564                    -0.228551929109
 234                    -0.651349185081                    -0.223957389204
 235                    -0.390900534552                    -0.222173841138
 236                    -0.130451884024                    -0.220390293071
 237                     0.129996766504                    -0.218606745005
 238                     0.390445417033                    -0.216823196938
 239                    -0.939339320410                    -0.216122743338
 240                     0.650894067561                    -0.215039648871
 241                    -0.722683962990                    -0.207406525918
 242                    -0.461140140305                    -0.205303631176
 243                    -0.200691489776                    -0.203520083109
 244                     0.059757160752                    -0.201736535043
 245                     0.849509263402                    -0.200185586668
 246                     0.320205811280                    -0.199952986977
 247                     0.580654461808                    -0.198169438909
 248                    -0.792705991672                    -0.189369802836
 249                    -0.531379746057                    -0.188433421214
 250                     0.778337374068                    -0.187797016931
 251                    -0.270931095529                    -0.186649873147
 252                     0.945754362597                    -0.186053983257
 253                    -0.010482445001                    -0.184866325081
 254                     0.249966205527                    -0.183082777015
 255                     0.510414856056                    -0.181299228947
 256                    -0.601619351810                    -0.171563211251
 257                    -0.341170701282                    -0.169779663185
 258                    -0.080722050753                    -0.167996115119
 259                     0.179726599775                    -0.166212567052
 260                    -0.888103436011                    -0.165200347968
 261                     0.440175250303                    -0.164429018985
 262                     0.700623900832                    -0.162645470916
 263                    -0.671858957563                    -0.154693001289
 264                    -0.411410307034                    -0.152909453223
 265                    -0.150961656506                    -0.151125905157
 266                     0.109486994022                    -0.149342357090
 267                     0.369935644550                    -0.147558809024
 268                     0.630384295079                    -0.145775260956
 269                     0.891803355690                    -0.138017590240
 270                    -0.742098563315                    -0.137822791327
 271                    -0.954223271857                    -0.136107848795
 272                    -0.481649912787                    -0.136039243261
 273                    -0.221201262258                    -0.134255695195
 274                     0.039247388270                    -0.132472147128
 275                     0.299696038798                    -0.130688599062
 276                     0.560144689327                    -0.128905050994
 277                     0.820145460016                    -0.128887848291
 278                    -0.825828023206                    -0.124698001989
 279                    -0.551889518539                    -0.119169033299
 280                    -0.291440868011                    -0.117385485233
 281                    -0.030992217483                    -0.115601937166
 282                     0.229456433045                    -0.113818389100
 283                     0.489905083574                    -0.112034841032
 284                     0.750353734103                    -0.110251292963
 285                     0.957751072714                    -0.108537006464
 286                    -0.622129124292                    -0.102298823337
 287                    -0.361680473764                    -0.100515275270
 288                    -0.101231823235                    -0.098731727204
 289                     0.159216827293                    -0.096948179138
 290                     0.419665477821                    -0.095164631071
 291                     0.680114128350                    -0.093381083001
 292                    -0.892056335556                    -0.093071430150
 293                    -0.692368730045                    -0.085428613375
 294                    -0.431920079516                    -0.083645065308
 295                    -0.171471428988                    -0.081861517242
 296                     0.088977221540                    -0.080077969176
 297                     0.349425872069                    -0.078294421109
 298                     0.609874522597                    -0.076510873041
 299                     0.871503631233                    -0.068691351431
 300                    -0.762608335797                    -0.068558403413
 301                    -0.502159685269                    -0.066774855346
 302                    -0.241711034741                    -0.064991307280
 303                    -0.961736829293                    -0.064262510358
 304                     0.018737615788                    -0.063207759214
 305                     0.279186266316                    -0.061424211147
 306                     0.539634916845                    -0.059640663080
 307                     0.800083567373                    -0.057857115011
 308                    -0.832847941550                    -0.051688193451
 309                    -0.572399291021                    -0.049904645384
 310                    -0.311950640493                    -0.048121097318
 311                    -0.051501989965                    -0.046337549252
 312                     0.208946660564                    -0.044554001185
 313                     0.469395311092                    -0.042770453118
 314                     0.729843961621                    -0.040986905048
 315                     0.937451348257                    -0.039210767655
 316                    -0.642638896774                    -0.033034435422
 317                    -0.382190246246                    -0.031250887356
 318                    -0.121741595717                    -0.029467339290
 319                     0.138707054811                    -0.027683791223
 320                     0.399155705339                    -0.025900243156
 321                     0.659604355868                    -0.024116695087
 322                    -0.903353546253                    -0.021723134929
 323                    -0.712878502527                    -0.016164225460
 324                    -0.452429851998                    -0.014380677394
 325                    -0.191981201470                    -0.012597129327
 326                     0.068467449058                    -0.010813581261
 327                     0.328916099587                    -0.009030033195
 328                     0.589364750115                    -0.007246485127
 329                    -0.783118108279                     0.000705984502
 330                    -0.522669457751                     0.002489532568
 331                     0.866161340768                     0.003347985969
 332                    -0.262220807223                     0.004273080635
 333                    -0.001772156694                     0.006056628701
 334                     0.258676493834                     0.007840176767
 335                     0.519125144363                     0.009623724835
 336                     0.781054400571                     0.011863016967
 337                    -0.963714070321                     0.017960782906
 338                    -0.592909063503                     0.019359742530
 339                    -0.332460412975                     0.021143290597
 340                    -0.072011762447                     0.022926838663
 341                     0.188436888082                     0.024710386729
 342                     0.448885538610                     0.026493934797
 343                     0.963469455523                     0.028178135695
 344                     0.709334189139                     0.028277482866
 345                    -0.663148669256                     0.036229952492
 346                    -0.402700018728                     0.038013500559
 347                    -0.142251368199                     0.039797048625
 348                     0.118197282329                     0.041580596691
 349                    -0.870478988461                     0.042600030808
 350                     0.378645932857                     0.043364144758
 351                     0.639094583387                     0.045147692828
 352                    -0.733388275009                     0.053100162454
 353                    -0.472939624480                     0.054883710521
 354                    -0.212490973952                     0.056667258587
 355                     0.047957676576                     0.058450806653
 356                     0.308406327105                     0.060234354720
 357                     0.568854977634                     0.062017902788
 358                     0.829739204456                     0.065730949885
 359                     0.901975504126                     0.066081963233
 360                    -0.803627880761                     0.069970372416
 361                    -0.543179230233                     0.071753920483
 362                    -0.282730579705                     0.073537468549
 363                    -0.022281929176                     0.075321016615
 364                     0.238166721352                     0.077104564682
 365                     0.498615371881                     0.078888112750
 366                     0.759064022410                     0.080671660819
 367                    -0.613418835985                     0.088624130445
 368                    -0.959662560876                     0.090084228966
 369                    -0.352970185457                     0.090407678511
 370                    -0.092521534929                     0.092191226577
 371                     0.167927115600                     0.093974774644
 372                     0.428375766128                     0.095758322711
 373                     0.688824416657                     0.097541870781
 374                    -0.683658441738                     0.105494340407
 375                    -0.423209791210                     0.107277888473
 376                    -0.162761140681                     0.109061436539
 377                     0.097687509847                     0.110844984606
 378                    -0.890804307771                     0.111918769944
 379                     0.957288546788                     0.112543490456
 380                     0.358136160376                     0.112628532673
 381                     0.618584810904                     0.114412080743
 382                    -0.753898047491                     0.122364550369
 383                    -0.493449396962                     0.124148098435
 384                    -0.233000746434                     0.125931646502
 385                     0.027447904095                     0.127715194568
 386                     0.287896554623                     0.129498742634
 387                     0.548345205151                     0.131282290702
 388                     0.817158862913                     0.136864213603
 389                     0.889395162584                     0.137215226951
 390                    -0.824060973825                     0.139550881233
 391                    -0.563689002715                     0.141018308397
 392                    -0.303240352187                     0.142801856464
 393                    -0.042791701658                     0.144585404530
 394                     0.217656948870                     0.146368952596
 395                     0.478105599399                     0.148152500664
 396                     0.739361325665                     0.150180162942
 397                    -0.633928608467                     0.157888518359
 398                    -0.373479957939                     0.159672066426
 399                    -0.113031307411                     0.161455614492
 400                    -0.950221004240                     0.161701707341
 401                     0.147417343118                     0.163239162558
 402                     0.407865993646                     0.165022710626
 403                     0.668314644175                     0.166806258695
 404                    -0.704168214220                     0.174758728321
 405                    -0.443719563692                     0.176542276387
 406                    -0.183270913163                     0.178325824454
 407                     0.077177737365                     0.180109372520
 408                     0.337626387894                     0.181892920588
 409                    -0.881362751135                     0.183536248318
 410                     0.598075038423                     0.183676468657
 411                     0.946171651814                     0.183920103198
 412                    -0.513959169444                     0.193412486350
 413                    -0.777812319205                     0.195057050822
 414                    -0.253510518916                     0.195196034416
 415                     0.006938131613                     0.196979582482
 416                     0.267386782141                     0.198763130549
 417                     0.527835432670                     0.200546678617
 418                     0.788479152355                     0.203164141225
 419                     0.860715452025                     0.203515154573
 420                    -0.584198775197                     0.210282696311
 421                    -0.323750124669                     0.212066244378
 422                    -0.063301474140                     0.213849792444
 423                     0.197147176388                     0.215633340511
 424                     0.457595826917                     0.217416888579
 425                     0.718044477446                     0.219200436648
 426                    -0.654438380949                     0.227152906274
 427                    -0.393989730421                     0.228936454340
 428                    -0.133541079893                     0.230720002406
 429                     0.126907570636                     0.232503550473
 430                    -0.935207056176                     0.233271513415
 431                     0.387356221165                     0.234287098540
 432                     0.647804871693                     0.236070646610
 433                    -0.724677986702                     0.244023116235
 434                    -0.464229336174                     0.245806664302
 435                    -0.203780685645                     0.247590212369
 436                     0.056667964883                     0.249373760435
 437                     0.317116615412                     0.251157308502
 438                     0.577565265941                     0.252940856572
 439                    -0.864925951150                     0.253878538633
 440                     0.929740482777                     0.254263709052
 441                    -0.534468941926                     0.262676874264
 442                    -0.274020291398                     0.264460422331
 443                    -0.793636242540                     0.265539741256
 444                    -0.013571640869                     0.266243970397
 445                     0.246877009659                     0.268027518463
 446                     0.507325660188                     0.269811066532
 447                     0.779130071200                     0.274794245086
 448                     0.860773480831                     0.275752283760
 449                    -0.604708547679                     0.279547084226
 450                    -0.344259897151                     0.281330632293
 451                    -0.083811246622                     0.283114180359
 452                     0.176637403907                     0.284897728425
 453                     0.437086054435                     0.286681276493
 454                     0.697534704964                     0.288464824563
 455                    -0.674948153432                     0.296417294188
 456                    -0.414499502903                     0.298200842255
 457                    -0.154050852375                     0.299984390321
 458                     0.106397798154                     0.301767938387
 459                     0.366846448682                     0.303551486455
 460                     0.627295099212                     0.305335034525
 461                    -0.913597492948                     0.307257253674
 462                    -0.484739108656                     0.315071052217
 463                    -0.224290458127                     0.316854600283
 464                     0.036158192401                     0.318638148350
 465                     0.296606842930                     0.320421696417
 466                    -0.839002696139                     0.321754428734
 467                     0.557055493459                     0.322205244486
 468                    -0.760149006932                     0.329546078846
 469                    -0.554978714408                     0.331941262178
 470                     0.904415847334                     0.333315727424
 471                    -0.294530063880                     0.333724810245
 472                     0.819252510837                     0.334864171322
 473                    -0.034081413351                     0.335508358311
 474                     0.226367237177                     0.337291906378
 475                     0.486815887706                     0.339075454446
 476                     0.747264538235                     0.340859002515
 477                    -0.625218320161                     0.348811472140
 478                    -0.364769669633                     0.350595020207
 479                    -0.104321019104                     0.352378568273
 480                     0.156127631425                     0.354162116340
 481                     0.416576281953                     0.355945664408
 482                     0.677024933165                     0.357729215321
 483                    -0.697276749670                     0.365116930217
 484                    -0.435009275385                     0.367465230169
 485                    -0.174560624857                     0.369248778235
 486                     0.085888025672                     0.371032326302
 487                     0.346336676201                     0.372815874370
 488                     0.606785326730                     0.374599422439
 489                    -0.888020911509                     0.374814967389
 490                    -0.505248881138                     0.384335440131
 491                    -0.805515460531                     0.385760766325
 492                    -0.244800230609                     0.386118988198
 493                     0.015648419919                     0.387902536264
 494                     0.276097070448                     0.389686084331
 495                     0.536545720977                     0.391469632401
 496                     0.876913495445                     0.400112634845
 497                    -0.575488486890                     0.401205650093
 498                    -0.315039836362                     0.402989198160
 499                    -0.054591185833                     0.404772746226
 500                     0.804889585123                     0.405659033885
 501                     0.205857464695                     0.406556294292
 502                     0.466306115224                     0.408339842361
 503                     0.726771723198                     0.410143859237
 504                    -0.647546916399                     0.417511108169
 505                    -0.385279442115                     0.419859408122
 506                    -0.124830791586                     0.421642956188
 507                     0.135617858943                     0.423426504254
 508                     0.396066509471                     0.425210052322
 509                     0.656528125747                     0.426997440981
 510                    -0.717786522151                     0.434381318131
 511                    -0.455519047867                     0.436729618084
 512                    -0.195070397339                     0.438513166150
 513                    -0.857456665848                     0.440267492837
 514                     0.065378253190                     0.440296714216
 515                     0.325826903719                     0.442080262284
 516                     0.586275554248                     0.443863810353
 517                    -0.527039907507                     0.454831622864
 518                    -0.265310003091                     0.455383376112
 519                    -0.786853684481                     0.455545752641
 520                    -0.004861352563                     0.457166924179
 521                     0.255587297966                     0.458950472246
 522                     0.516035948495                     0.460734020315
 523                     0.842519915839                     0.468081688701
 524                     0.769318147214                     0.468530959302
 525                    -0.597817083128                     0.469905286122
 526                    -0.335549608844                     0.472253586074
 527                    -0.075100958315                     0.474037134140
 528                     0.185347692213                     0.475820682207
 529                     0.445796342742                     0.477604230275
 530                    -0.668056688881                     0.486775496084
 531                    -0.405789214597                     0.489123796036
 532                    -0.145340564068                     0.490907344102
 533                     0.115108086461                     0.492690892169
 534                     0.375556736989                     0.494474440237
 535                     0.636005387517                     0.496257988307
 536                    -0.476028820350                     0.505994005998
 537                     0.707578157427                     0.506032690749
 538                    -0.215580169820                     0.507777554064
 539                    -0.737123851211                     0.507939930593
 540                     0.044868480708                     0.509561102131
 541                     0.305317131237                     0.511344650199
 542                     0.565765781764                     0.513128198269
 543                    -0.808759231168                     0.524381449956
 544                    -0.285819775574                     0.524647764027
 545                    -0.025371125044                     0.526431312093
 546                     0.235077525484                     0.528214860160
 547                    -0.557392686761                     0.529772425512
 548                     0.495526176011                     0.529998408229
 549                     0.803743220080                     0.532037813724
 550                    -0.356059381326                     0.541517973989
 551                    -0.095610730797                     0.543301522055
 552                     0.164837919731                     0.545085070121
 553                    -0.627632292513                     0.546642635474
 554                     0.425286570254                     0.546868618195
 555                    -0.426298987079                     0.558388183951
 556                    -0.165850336550                     0.560171732017
 557                     0.094598313979                     0.561955280083
 558                     0.355046221925                     0.563739532962
 559                     0.615495615034                     0.565522376222
 560                    -0.696699454843                     0.567807069983
 561                    -0.500301676741                     0.574031015361
 562                     0.690859509715                     0.576308525992
 563                    -0.236089942303                     0.577041941979
 564                     0.024358708226                     0.578825490046
 565                     0.284944655072                     0.581174455541
 566                     0.545256009282                     0.582392586184
 567                    -0.767216334713                     0.583477930008
 568                     0.761641014388                     0.590737136347
 569                    -0.306329548056                     0.593912151941
 570                    -0.045880897526                     0.595695700008
 571                     0.214571936280                     0.597480486642
 572                     0.475016403529                     0.599262796144
 573                    -0.579608930395                     0.601312196349
 574                    -0.376569153808                     0.610782361903
 575                    -0.116120503279                     0.612565909969
 576                     0.144328147250                     0.614349458036
 577                     0.404776797756                     0.616133006105
 578                    -0.650847405964                     0.623626383971
 579                    -0.450571843471                     0.626425193313
 580                    -0.186360109032                     0.629436119931
 581                     0.074088541497                     0.631219667998
 582                     0.644479465981                     0.631689910442
 583                     0.334976314077                     0.634736733652
 584                    -0.721364285834                     0.639297243995
 585                    -0.520851895813                     0.643333822776
 586                     0.715260970653                     0.646118520797
 587                    -0.256599714785                     0.646306329893
 588                     0.003848935744                     0.648089877960
 589                     0.264438272739                     0.650440658570
 590                     0.524746236798                     0.651656974098
 591                    -0.326839320538                     0.663176539856
 592                    -0.066390670009                     0.664960087922
 593                     0.194057980740                     0.666743635780
 594                     0.454506631030                     0.668527184053
 595                    -0.597638130528                     0.672483105187
 596                    -0.400842010200                     0.678819371266
 597                     0.591056471400                     0.680312845878
 598                    -0.136630275761                     0.681830297884
 599                     0.123818374887                     0.683613845986
 600                     0.384485343390                     0.687455084405
 601                    -0.668233977657                     0.694586790398
 602                    -0.471081615953                     0.695689581228
 603                    -0.206869881514                     0.698700507846
 604                     0.053578769015                     0.700484055913
 605                     0.659898154600                     0.702563794363
 606                     0.313317812733                     0.703650560421
 607                    -0.277109487267                     0.715570717808
 608                    -0.540285595457                     0.716402268674
 609                    -0.016660836738                     0.717354265874
 610                     0.533084641169                     0.723411257684
 611                     0.246059780462                     0.730005129200
 612                    -0.351112176930                     0.731213549218
 613                    -0.086900442491                     0.734224475836
 614                     0.174085735870                     0.736164926716
 615                     0.462845035415                     0.740281467638
 616                    -0.614290913845                     0.742774576991
 617                    -0.157140048243                     0.751094685798
 618                     0.603656723548                     0.751442585412
 619                     0.103308602286                     0.752878233865
 620                     0.362734795072                     0.756339914725
 621                    -0.415526994461                     0.763908158603
 622                    -0.487734399269                     0.765981053031
 623                     0.033068996533                     0.769748443827
 624                    -0.227409944038                     0.772315556409
 625                     0.295114888534                     0.783031561972
 626                    -0.301382343659                     0.783607727170
 627                    -0.037170609220                     0.786618653789
 628                    -0.556938378774                     0.786693740477
 629                     0.545684893318                     0.794540997218
 630                     0.420941547490                     0.799122812797
 631                     0.225407740901                     0.803369058320
 632                     0.153042054758                     0.805268976422
 633                    -0.365797161190                     0.816302336555
 634                    -0.170757358868                     0.822036739982
 635                     0.082798829803                     0.822142621779
 636                    -0.098568505233                     0.824677878238
 637                     0.354788023377                     0.828138626553
 638                     0.484648165647                     0.833176784717
 639                    -0.477226500085                     0.837449859199
 640                     0.012559224051                     0.839012831741
 641                     0.287685079270                     0.854885609421
 642                    -0.289825206591                     0.854914380319
 643                    -0.413168520072                     0.870838201434
 644                     0.412993217257                     0.870921352107
 645                     0.218382385042                     0.875265569509
 646                     0.146170567100                     0.877178564501
 647                    -0.217031607698                     0.877506552454
 648                    -0.138864616002                     0.886852317993
 649                    -0.066675762367                     0.889493456249
 650                     0.075931890941                     0.894052644385
 651                    -0.346789934972                     0.899335387972
 652                     0.344105002125                     0.900321723498
 653                     0.002428605637                     0.910536092091
 654                    -0.271618237727                     0.924819405068
 655                     0.270683295321                     0.925093483217
 656                     0.195618946145                     0.943822349261
 657                    -0.190792703086                     0.944809792236
 658                     0.123526582795                     0.948393710879
 659                    -0.119498781554                     0.956445210278
 660                     0.052668492815                     0.962441389863
 661                    -0.047533682362                     0.962708651720
