   1                    -0.022184222051                    -0.961938205597
   2                     0.053417846995                    -0.960710041957
   3                    -0.097649297304                    -0.957226130980
   4                     0.141942388080                    -0.951666753418
   5                    -0.172511360754                    -0.946602916489
   6                     0.225589910713                    -0.935375028146
   7                    -0.246308118159                    -0.930134163454
   8                     0.303100187819                    -0.913196627997
   9                    -0.318583853842                    -0.907921571043
  10                     0.091467079394                    -0.895369111876
  11                    -0.051400565656                    -0.892198787070
  12                     0.373943374535                    -0.886557163265
  13                    -0.126788509229                    -0.886381640527
  14                     0.171824880969                    -0.882210163746
  15                    -0.200585266634                    -0.869912887491
  16                     0.020582032994                    -0.869053880034
  17                    -0.425617666258                    -0.862940816779
  18                     0.244749519000                    -0.862230714352
  19                     0.453755989596                    -0.848482617972
  20                    -0.353330317517                    -0.840766046385
  21                    -0.275768762662                    -0.838356057780
  22                     0.316261376224                    -0.837669861223
  23                    -0.492063584407                    -0.826855900381
  24                     0.121349572283                    -0.825912522204
  25                    -0.079168483471                    -0.821870101811
  26                     0.387440020871                    -0.812159436365
  27                     0.194274210314                    -0.805933072810
  28                    -0.006887113467                    -0.798607963028
  29                    -0.207260923172                    -0.794596110875
  30                    -0.412330761395                    -0.788505345469
  31                    -0.555470871891                    -0.785664916854
  32                     0.492936770876                    -0.783813865020
  33                     0.265786067539                    -0.781372219681
  34                     0.568195437550                    -0.776512199416
  35                     0.065046477149                    -0.775310938925
  36                    -0.135341380317                    -0.771256004072
  37                    -0.335353362874                    -0.767322119939
  38                     0.336964712185                    -0.755861794823
  39                    -0.478776679544                    -0.752420429070
  40                     0.136952829347                    -0.751927931924
  41                    -0.063060010314                    -0.747993865289
  42                    -0.263433820019                    -0.743982013136
  43                    -0.616283140274                    -0.738818615471
  44                     0.409093329761                    -0.733176033725
  45                     0.209558526151                    -0.730818833843
  46                     0.627414555546                    -0.729498613147
  47                     0.008860389645                    -0.724653940989
  48                    -0.191514277164                    -0.720641906332
  49                    -0.391838457286                    -0.715723158759
  50                    -0.542183967028                    -0.711229445543
  51                     0.480803897614                    -0.709181602449
  52                     0.280737170798                    -0.705308408986
  53                     0.080779932500                    -0.701313834185
  54                    -0.119232907161                    -0.697379767550
  55                     0.556910299599                    -0.693790926573
  56                    -0.319606716865                    -0.693367915396
  57                    -0.672719824836                    -0.687942794400
  58                     0.352711457912                    -0.681907611513
  59                    -0.458284375435                    -0.679638242360
  60                     0.152699475355                    -0.677973727381
  61                    -0.047312507201                    -0.674039843249
  62                    -0.247687174010                    -0.670027808593
  63                    -0.601067162609                    -0.663795802332
  64                     0.424631000767                    -0.658567504710
  65                     0.224619018210                    -0.654633620578
  66                     0.631278783882                    -0.653985376099
  67                     0.706881392544                    -0.652790891457
  68                     0.024607035654                    -0.650699736446
  69                    -0.175405804007                    -0.646765669810
  70                    -0.383974585706                    -0.640521159092
  71                    -0.521691662919                    -0.638447258832
  72                     0.496550543622                    -0.635227397906
  73                    -0.724661538332                    -0.632995186361
  74                     0.296538561065                    -0.631293513774
  75                     0.096526578509                    -0.627359629642
  76                    -0.103485404048                    -0.623425745510
  77                    -0.303860070856                    -0.619413710853
  78                     0.568470086477                    -0.611887291102
  79                    -0.653008876105                    -0.608848194293
  80                     0.368458103921                    -0.607953406970
  81                    -0.450420503855                    -0.604436242693
  82                     0.168446121364                    -0.604019522838
  83                    -0.031565861193                    -0.600085638706
  84                    -0.231578700853                    -0.596151572071
  85                     0.753791971425                    -0.591975169744
  86                    -0.579774282622                    -0.590036614151
  87                     0.668045634169                    -0.587914354085
  88                     0.440377646776                    -0.584613300167
  89                     0.240365664219                    -0.580679416035
  90                     0.040353681662                    -0.576745531903
  91                    -0.159658300894                    -0.572811647771
  92                    -0.360032967703                    -0.568799613114
  93                    -0.763012031447                    -0.567830618474
  94                     0.512297189631                    -0.561273193363
  95                    -0.510837902953                    -0.558972860545
  96                     0.312285207074                    -0.557339309231
  97                     0.112273224517                    -0.553405425099
  98                    -0.087738758039                    -0.549471540967
  99                    -0.287751597700                    -0.545537474332
 100                    -0.691359369220                    -0.543683626406
 101                     0.586262389184                    -0.538398413070
 102                     0.384204749929                    -0.533999202428
 103                    -0.426479477823                    -0.532713699033
 104                     0.184192767372                    -0.530065318295
 105                     0.803314943127                    -0.529624728693
 106                    -0.015819215184                    -0.526131434164
 107                    -0.215831197741                    -0.522197550032
 108                    -0.612872017878                    -0.522053372459
 109                     0.657496003106                    -0.513041885750
 110                    -0.814420248039                    -0.512383558166
 111                     0.456124292784                    -0.510659095624
 112                     0.256112310227                    -0.506725211492
 113                     0.732466310746                    -0.503211616044
 114                     0.056100327671                    -0.502791327360
 115                    -0.143911654886                    -0.498857443228
 116                    -0.343924494546                    -0.494923376592
 117                    -0.543935638208                    -0.490989618853
 118                    -0.742767585813                    -0.488236566098
 119                     0.528043835639                    -0.487318988820
 120                     0.328031853083                    -0.483385104688
 121                     0.128019870526                    -0.479451220556
 122                    -0.071992112031                    -0.475517336424
 123                    -0.272004094587                    -0.471583452292
 124                    -0.470876347379                    -0.471508313619
 125                    -0.669044914725                    -0.471439274719
 126                     0.842421931871                    -0.464911324661
 127                     0.599963378494                    -0.463978882017
 128                     0.399951395938                    -0.460044997885
 129                     0.199939413381                    -0.456111113753
 130                    -0.000072569176                    -0.452177229621
 131                    -0.200084551732                    -0.448243345489
 132                    -0.400257314696                    -0.444487331901
 133                    -0.600108535055                    -0.440375521113
 134                     0.673242649115                    -0.439087681207
 135                    -0.799505825482                    -0.438257036395
 136                     0.471870938793                    -0.436704891081
 137                     0.271858956236                    -0.432771006949
 138                     0.748212956755                    -0.429257411501
 139                     0.071846973679                    -0.428837122817
 140                    -0.128165008877                    -0.424903238685
 141                    -0.328176991434                    -0.420969354553
 142                    -0.528188992200                    -0.417035414310
 143                     0.543790481648                    -0.413364784278
 144                    -0.728200974756                    -0.413101530178
 145                    -0.870017769110                    -0.410957823295
 146                     0.343778499091                    -0.409430900146
 147                     0.143766516534                    -0.405497016013
 148                    -0.056245466022                    -0.401563131882
 149                    -0.256257448579                    -0.397629247750
 150                     0.815279228713                    -0.394338986628
 151                    -0.456269431135                    -0.393695363618
 152                     0.615710024503                    -0.390024677474
 153                    -0.656281431901                    -0.389761423374
 154                     0.415698041946                    -0.386090793342
 155                     0.215686059390                    -0.382156909210
 156                     0.015674076833                    -0.378223025078
 157                    -0.184337905724                    -0.374289140946
 158                     0.887455694021                    -0.371805920131
 159                    -0.384349888280                    -0.370355256814
 160                    -0.584361889047                    -0.366421316570
 161                     0.688989295123                    -0.365133476664
 162                     0.487617584801                    -0.362750686538
 163                     0.287605602245                    -0.358816802406
 164                    -0.810009147655                    -0.357237814945
 165                     0.087593619688                    -0.354882918274
 166                    -0.112418362869                    -0.350949034142
 167                    -0.312430345425                    -0.347015150010
 168                    -0.512442346192                    -0.343081209767
 169                     0.760908837978                    -0.341793369861
 170                    -0.899600808657                    -0.341373162620
 171                     0.559537127656                    -0.339410579735
 172                    -0.712515109666                    -0.339134410007
 173                     0.359525145100                    -0.335476695603
 174                     0.159513162543                    -0.331542811471
 175                    -0.040498820014                    -0.327608927339
 176                    -0.240510802570                    -0.323675043207
 177                    -0.440522785127                    -0.319741159075
 178                     0.833085303286                    -0.319260303364
 179                     0.631456670511                    -0.316070472931
 180                    -0.640595566811                    -0.315794303203
 181                     0.431444687955                    -0.312136588799
 182                     0.231432705398                    -0.308202704667
 183                     0.031420722842                    -0.304268820535
 184                     0.913910595192                    -0.300972880989
 185                    -0.168591259715                    -0.300334936403
 186                    -0.368603242272                    -0.296401052271
 187                    -0.568676023956                    -0.292454196399
 188                     0.704735941132                    -0.291179272121
 189                    -0.844288887134                    -0.289819573341
 190                     0.503364230810                    -0.288796481995
 191                    -0.768688006513                    -0.288520312267
 192                     0.303352248253                    -0.284862597863
 193                     0.103340265696                    -0.280928713731
 194                    -0.096671716860                    -0.276994829600
 195                    -0.296683699417                    -0.273060945468
 196                    -0.923628560861                    -0.269680426907
 197                    -0.496756481101                    -0.269114089596
 198                     0.776925483528                    -0.267796781498
 199                     0.575283773665                    -0.265456375192
 200                    -0.696768463658                    -0.265180205464
 201                     0.375271791108                    -0.261522491060
 202                     0.175259808552                    -0.257588606928
 203                    -0.024752174005                    -0.253654722796
 204                    -0.224764156562                    -0.249720838664
 205                     0.859540204457                    -0.248427264222
 206                    -0.424776139119                    -0.245786954532
 207                     0.647203316520                    -0.242116268388
 208                    -0.624848920802                    -0.241840098660
 209                     0.447191333963                    -0.238182384256
 210                     0.247179351407                    -0.234248500124
 211                     0.047167368850                    -0.230314615992
 212                     0.934986165428                    -0.227073826936
 213                    -0.152844613707                    -0.226380731860
 214                    -0.352856596263                    -0.222446847728
 215                    -0.552929377947                    -0.218499991856
 216                    -0.868298082750                    -0.218120621076
 217                     0.720482587141                    -0.217225067579
 218                     0.519110876818                    -0.214842277453
 219                    -0.753006132415                    -0.214552320634
 220                     0.319098894262                    -0.210908393321
 221                     0.119086911705                    -0.206974509188
 222                    -0.080925070852                    -0.203040625057
 223                    -0.280937053408                    -0.199106740924
 224                     0.803947624512                    -0.197176446812
 225                    -0.941952647610                    -0.196322338908
 226                    -0.480949035965                    -0.195172856793
 227                     0.591030419674                    -0.191502170649
 228                    -0.681021817649                    -0.191226000921
 229                     0.391018437117                    -0.187568286517
 230                     0.191006454560                    -0.183634402385
 231                    -0.009005527997                    -0.179700518253
 232                    -0.209017510553                    -0.175766634121
 233                     0.879415851726                    -0.175474266506
 234                    -0.409029493110                    -0.171832749989
 235                     0.662949962529                    -0.168162063846
 236                    -0.609102274794                    -0.167885894117
 237                     0.462937979972                    -0.164228179713
 238                    -0.809283005862                    -0.164051821687
 239                     0.262925997415                    -0.160294295581
 240                     0.062914014859                    -0.156360411449
 241                    -0.137097967698                    -0.152426527317
 242                     0.950484005622                    -0.149657629779
 243                    -0.337109950255                    -0.148492643185
 244                     0.747675920802                    -0.146672223309
 245                    -0.537121932812                    -0.144558759053
 246                    -0.882129048255                    -0.143784320231
 247                     0.534857522827                    -0.140888072910
 248                    -0.737194714496                    -0.140611903182
 249                     0.334845540270                    -0.136954188778
 250                     0.134833557714                    -0.133020304646
 251                    -0.065178424843                    -0.129086420514
 252                    -0.265190407400                    -0.125152536382
 253                     0.820316704548                    -0.123357516659
 254                    -0.954459912530                    -0.121751905395
 255                    -0.465202389957                    -0.121218652250
 256                     0.606777065681                    -0.117547966106
 257                    -0.665275171641                    -0.117271796378
 258                     0.406765083125                    -0.113614081974
 259                     0.206753100569                    -0.109680197842
 260                     0.006741118012                    -0.105746313710
 261                    -0.193270864545                    -0.101812429578
 262                     0.892592065428                    -0.101019121468
 263                    -0.393282847101                    -0.097878545446
 264                     0.678696608537                    -0.094207859303
 265                    -0.593294829658                    -0.093944661315
 266                     0.478684625980                    -0.090273975170
 267                    -0.793367611342                    -0.089997805442
 268                     0.278672643424                    -0.086340091038
 269                     0.078660660867                    -0.082406206906
 270                    -0.121351321690                    -0.078472322775
 271                    -0.321363304246                    -0.074538438643
 272                     0.750697712764                    -0.071120585316
 273                    -0.521375286803                    -0.070604554511
 274                    -0.866248343830                    -0.069858787041
 275                     0.550604168835                    -0.066933868367
 276                    -0.721448068487                    -0.066657698639
 277                     0.959889830660                    -0.066548960098
 278                     0.350592186279                    -0.062999984235
 279                     0.150580203722                    -0.059066100103
 280                    -0.049431778835                    -0.055132215971
 281                    -0.249443761391                    -0.051198331839
 282                     0.822617255619                    -0.047780478514
 283                    -0.449455743948                    -0.047264447707
 284                    -0.961073119751                    -0.046429619713
 285                     0.622523711690                    -0.043593761563
 286                    -0.649467726505                    -0.043330563575
 287                     0.422511729134                    -0.039659877431
 288                     0.222499746577                    -0.035725993299
 289                     0.022487764021                    -0.031792109167
 290                    -0.177524218536                    -0.027858225035
 291                     0.894853846403                    -0.025440913122
 292                    -0.377536201093                    -0.023924340903
 293                     0.694443254545                    -0.020253654760
 294                    -0.577548183650                    -0.019990456772
 295                     0.494431271989                    -0.016319770628
 296                    -0.777632986757                    -0.016041029890
 297                     0.294419289432                    -0.012385886496
 298                     0.094407306876                    -0.008452002364
 299                    -0.105604675681                    -0.004518118232
 300                    -0.899850812778                    -0.002056087525
 301                    -0.305616658238                    -0.000584234100
 302                     0.766444358773                     0.002833619226
 303                    -0.505628640795                     0.003349650032
 304                     0.566350814844                     0.007020336176
 305                    -0.705640623352                     0.007283534164
 306                     0.962151611635                     0.009029248249
 307                     0.366338832287                     0.010954220308
 308                     0.166326849731                     0.014888104440
 309                    -0.033685132826                     0.018821988572
 310                    -0.233697115383                     0.022755872704
 311                    -0.433709097939                     0.026689756836
 312                     0.638270357699                     0.030360442980
 313                    -0.633721080496                     0.030623640967
 314                     0.845400422103                     0.033074387603
 315                     0.438258375142                     0.034294327112
 316                    -0.833786489385                     0.034722797786
 317                     0.238246392586                     0.038228211244
 318                    -0.961275259411                     0.042037206589
 319                     0.038234410029                     0.042162095376
 320                    -0.161777572528                     0.046095979507
 321                    -0.361789555084                     0.050029863640
 322                     0.710189900554                     0.053700549783
 323                    -0.561801537641                     0.053963747771
 324                     0.510177917997                     0.057634433915
 325                    -0.761813520198                     0.057897631904
 326                     0.310165935441                     0.061568318047
 327                     0.110153952884                     0.065502202179
 328                     0.914393528412                     0.067649609191
 329                    -0.089858029673                     0.069436086311
 330                    -0.289870012229                     0.073369970443
 331                     0.782191004781                     0.076787823769
 332                    -0.489881994786                     0.077303854575
 333                    -0.895210936019                     0.078816091900
 334                     0.582097460852                     0.080974540719
 335                    -0.689893977342                     0.081237738707
 336                     0.382085478296                     0.084908424851
 337                     0.182073495739                     0.088842308983
 338                    -0.017938486817                     0.092776193115
 339                    -0.217950469374                     0.096710077247
 340                    -0.417962451931                     0.100643961379
 341                     0.654017003707                     0.104314647523
 342                    -0.617974434488                     0.104577845511
 343                     0.454005021151                     0.108248531654
 344                     0.850804211911                     0.108559022007
 345                    -0.821738998481                     0.109368890738
 346                     0.253993038594                     0.112182415787
 347                     0.053981056038                     0.116116299918
 348                    -0.146030926519                     0.120050184050
 349                    -0.346042909076                     0.123984068182
 350                    -0.953832603356                     0.126572571551
 351                     0.725936546563                     0.127654754326
 352                    -0.546054891632                     0.127917952314
 353                     0.525924564006                     0.131588638458
 354                    -0.748728424195                     0.132368844414
 355                     0.953005044004                     0.132659855258
 356                     0.325912581449                     0.135522522590
 357                     0.125900598893                     0.139456406722
 358                    -0.074111383664                     0.143390290854
 359                    -0.274123366221                     0.147324174986
 360                    -0.474135348777                     0.151258059118
 361                    -0.883163445115                     0.153462184852
 362                     0.597844106861                     0.154928745262
 363                    -0.674147331334                     0.155191943250
 364                     0.397832124304                     0.158862629394
 365                     0.794654475007                     0.159198811459
 366                     0.197820141748                     0.162796513526
 367                    -0.002191840809                     0.166730397658
 368                    -0.202203823366                     0.170664281789
 369                    -0.402215805922                     0.174598165922
 370                     0.669763649716                     0.178268852065
 371                    -0.602227788479                     0.178532050053
 372                     0.868270979327                     0.182125952527
 373                     0.469751667159                     0.182202736197
 374                    -0.804874204936                     0.183076149328
 375                     0.269739684603                     0.186136620329
 376                     0.069727702046                     0.190070504461
 377                    -0.130284280511                     0.194004388593
 378                    -0.330296263067                     0.197938272725
 379                    -0.530308245624                     0.201872156857
 380                     0.541671210014                     0.205542843001
 381                    -0.730393777990                     0.205724293964
 382                    -0.939778154883                     0.206428673123
 383                     0.939645754203                     0.207082369365
 384                     0.341659227458                     0.209476727133
 385                     0.738481578160                     0.209812909198
 386                     0.141647244901                     0.213410611265
 387                    -0.058364737656                     0.217344495397
 388                    -0.258376720212                     0.221278379529
 389                    -0.458388702769                     0.225212263661
 390                    -0.866298651570                     0.227169443441
 391                     0.613590752869                     0.228882949805
 392                    -0.658400685326                     0.229146147793
 393                     0.413578770313                     0.232816833937
 394                     0.810401121016                     0.233153016001
 395                     0.213566787756                     0.236750718069
 396                     0.013554805199                     0.240684602200
 397                    -0.186457177357                     0.244618486332
 398                    -0.386469159914                     0.248552370464
 399                    -0.586481142471                     0.252486254596
 400                     0.485498313168                     0.256156940740
 401                     0.882345475796                     0.256416529179
 402                    -0.786493068072                     0.256419963230
 403                     0.285486330611                     0.260090824872
 404                     0.682308681314                     0.260427006937
 405                     0.085474348055                     0.264024709004
 406                    -0.114537634502                     0.267958593136
 407                    -0.314549617059                     0.271892477268
 408                    -0.514561599616                     0.275826361400
 409                     0.557417856023                     0.279497047544
 410                    -0.920625689188                     0.279759881867
 411                    -0.714573582172                     0.279760245532
 412                     0.357405873466                     0.283430931676
 413                     0.754228224169                     0.283767113741
 414                     0.157393890910                     0.287364815808
 415                    -0.042618091647                     0.291298699940
 416                    -0.242630074204                     0.295232584072
 417                    -0.442642056760                     0.299166468204
 418                    -0.847917514706                     0.300513257343
 419                    -0.642654039317                     0.303100352335
 420                     0.429325416322                     0.306771038479
 421                     0.229313433765                     0.310704922611
 422                     0.626135784468                     0.311041104676
 423                     0.830272720239                     0.311325557098
 424                     0.029301451208                     0.314638806743
 425                    -0.170710531349                     0.318572690875
 426                    -0.370722513905                     0.322506575007
 427                    -0.570734496462                     0.326440459139
 428                     0.904280326525                     0.328777040188
 429                     0.501244959177                     0.330111145283
 430                    -0.771643180874                     0.330570970562
 431                     0.301232976620                     0.334045029415
 432                     0.698055327323                     0.334381211480
 433                     0.101220994063                     0.337978913547
 434                    -0.098790988494                     0.341912797679
 435                    -0.298802971050                     0.345846681811
 436                    -0.498814953607                     0.349780565943
 437                    -0.698826936164                     0.353714450075
 438                     0.373152519475                     0.357385136219
 439                     0.769974870178                     0.357721318284
 440                     0.173140536918                     0.361319020351
 441                     0.569962887621                     0.361655202416
 442                    -0.891329438075                     0.362421141651
 443                    -0.026871445639                     0.365252904482
 444                    -0.226883428195                     0.369186788615
 445                    -0.426895410752                     0.373120672746
 446                    -0.626907393309                     0.377054556878
 447                     0.445072062330                     0.380725243022
 448                     0.245060079773                     0.384659127154
 449                     0.641882430476                     0.384995309219
 450                     0.045048097217                     0.388593011286
 451                    -0.154963885340                     0.392526895418
 452                    -0.354975867897                     0.396460779550
 453                     0.875671914444                     0.398768039526
 454                    -0.554987850454                     0.400394663682
 455                    -0.754999833010                     0.404328547814
 456                    -0.830549520330                     0.407398723056
 457                     0.316979622629                     0.407999233958
 458                     0.713801973331                     0.408335416023
 459                     0.116967640072                     0.411933118090
 460                     0.513789990775                     0.412269300155
 461                    -0.083044342485                     0.415867002222
 462                    -0.283056325042                     0.419800886354
 463                    -0.483068307599                     0.423734770486
 464                     0.804712295986                     0.424881518389
 465                    -0.683080290155                     0.427668654617
 466                     0.388899165483                     0.431339340761
 467                     0.188887182927                     0.435273224893
 468                     0.585709533630                     0.435609406958
 469                    -0.011124799630                     0.439207109025
 470                    -0.211136782187                     0.443140993157
 471                    -0.411148764744                     0.447074877289
 472                    -0.611160747300                     0.451008761421
 473                     0.260806725782                     0.458613331697
 474                     0.657629076485                     0.458949513762
 475                     0.060794743225                     0.462547215829
 476                    -0.139217239332                     0.466481099961
 477                    -0.339229221888                     0.470414984093
 478                    -0.539241204445                     0.474348868225
 479                     0.748539399140                     0.475495616129
 480                     0.332726268637                     0.481953438501
 481                    -0.832186864283                     0.482993037226
 482                     0.488523335446                     0.483534841327
 483                    -0.744781070930                     0.485341079676
 484                     0.132714286080                     0.485887322633
 485                    -0.067297696477                     0.489821206764
 486                    -0.267309679034                     0.493755090897
 487                    -0.467321661590                     0.497688975028
 488                     0.823169343094                     0.498206266205
 489                    -0.667333644147                     0.501622859160
 490                     0.415253773156                     0.502209756906
 491                     0.560442878301                     0.506874948131
 492                     0.204633828935                     0.509227429436
 493                     0.004621846379                     0.513161313568
 494                    -0.195390136178                     0.517095197700
 495                    -0.395402118735                     0.521029081832
 496                    -0.595414101292                     0.524962965964
 497                     0.632362421156                     0.530215054934
 498                     0.276553371790                     0.532567536240
 499                     0.076541389234                     0.536501420372
 500                     0.708978779162                     0.539932706201
 501                    -0.123470593323                     0.540435304504
 502                    -0.323482575880                     0.544369188636
 503                    -0.791691660618                     0.546846930687
 504                    -0.523494558437                     0.548303072768
 505                     0.359080876310                     0.552823854645
 506                    -0.717003718740                     0.558632199799
 507                     0.148460932089                     0.559841527175
 508                     0.781507405006                     0.561305110448
 509                     0.509415961542                     0.562673111149
 510                    -0.051551050468                     0.563775411307
 511                    -0.251563033025                     0.567709295440
 512                    -0.451575015582                     0.571643179571
 513                     0.434855039663                     0.575236954452
 514                     0.220380474944                     0.583181633979
 515                     0.581335504397                     0.586013217952
 516                     0.020368492387                     0.587115518111
 517                    -0.179643490170                     0.591049402243
 518                    -0.379655472727                     0.594983286375
 519                    -0.579667455283                     0.598917170507
 520                     0.662490813625                     0.599565333934
 521                    -0.655208040237                     0.602203696772
 522                     0.298802014627                     0.604832182658
 523                     0.092288035242                     0.610455624915
 524                    -0.107723947314                     0.614389509047
 525                    -0.307735929872                     0.618323393179
 526                     0.735019439469                     0.620937738181
 527                    -0.507747912428                     0.622257277310
 528                     0.370936042841                     0.627500733642
 529                     0.164207578097                     0.633795731718
 530                    -0.723839902748                     0.633934575713
 531                    -0.035804404459                     0.637729615850
 532                     0.517839369000                     0.638720542029
 533                    -0.235816387017                     0.641663499982
 534                    -0.435828369573                     0.645597384114
 535                     0.442994088038                     0.650409669726
 536                     0.611463896866                     0.655363496952
 537                     0.242629117780                     0.655446280398
 538                     0.036115138396                     0.661069722654
 539                    -0.163896844161                     0.665003606786
 540                    -0.363908826718                     0.668937490918
 541                    -0.579385466730                     0.674528688892
 542                     0.683992522710                     0.676735901199
 543                     0.315237487715                     0.678636359061
 544                    -0.661604885958                     0.681387153462
 545                     0.108034681251                     0.684409829457
 546                    -0.091977301306                     0.688343713590
 547                    -0.291989283863                     0.692277597722
 548                    -0.507465923875                     0.697868795696
 549                     0.554498095166                     0.705083499634
 550                     0.186456220934                     0.706060378137
 551                     0.391601870359                     0.707921823719
 552                    -0.020057758451                     0.711683820393
 553                     0.479750809253                     0.716486327295
 554                    -0.420081723565                     0.719551588657
 555                    -0.225653296945                     0.728564207782
 556                     0.258375763789                     0.729400484941
 557                     0.625535429699                     0.731093970131
 558                     0.051861784404                     0.735023927197
 559                    -0.150833126716                     0.739478572489
 560                    -0.611240899572                     0.743102828541
 561                    -0.348544707303                     0.746144352643
 562                     0.330297636529                     0.752733411281
 563                     0.130283324087                     0.756674475876
 564                    -0.076230655297                     0.762297918132
 565                    -0.478404328142                     0.767672842022
 566                     0.437702351706                     0.779328259538
 567                     0.202202866943                     0.780014582680
 568                    -0.280984449899                     0.780097155911
 569                     0.563117239972                     0.780202682090
 570                    -0.004311112442                     0.785638024936
 571                    -0.551003486124                     0.788804417694
 572                    -0.407068950883                     0.794035472667
 573                    -0.207495511612                     0.802321547481
 574                     0.276014600828                     0.805535389271
 575                     0.074110427241                     0.807288573615
 576                    -0.132478270789                     0.812828967811
 577                     0.371612010104                     0.816060370518
 578                     0.500115250330                     0.822010941218
 579                    -0.339503930791                     0.827978797343
 580                     0.146029970096                     0.830628680419
 581                    -0.057727348037                     0.840211524114
 582                    -0.465391555460                     0.842156726032
 583                     0.217949512951                     0.853968787223
 584                    -0.268777472490                     0.854717333696
 585                     0.017937530395                     0.857902671355
 586                     0.434024908729                     0.858743052198
 587                    -0.397826535368                     0.876100050709
 588                    -0.196639623138                     0.877373721779
 589                     0.089403607154                     0.882627342394
 590                     0.287629529691                     0.883326520398
 591                    -0.121732377940                     0.887673520164
 592                     0.362834573976                     0.891161221678
 593                     0.161776616104                     0.904582884962
 594                    -0.324853385529                     0.905683854819
 595                    -0.029599844019                     0.916702154888
 596                    -0.252329555452                     0.928518737851
 597                     0.231456632844                     0.933940618138
 598                    -0.168105887594                     0.947395198241
 599                     0.106591057912                     0.956271717384
 600                    -0.093148580921                     0.957674575714
 601                     0.031173316442                     0.961688866233
