   1                    -0.063514929631                    -0.960493995676
   2                     0.080104502585                    -0.959252902357
   3                    -0.141462858586                    -0.952140284651
   4                     0.177505528435                    -0.946083849027
   5                     0.008113425707                    -0.938886364169
   6                    -0.214983850706                    -0.938277574042
   7                     0.250447278177                    -0.929440166374
   8                    -0.287206119825                    -0.918746704348
   9                     0.321876069436                    -0.907181711643
  10                     0.121246512723                    -0.896764135130
  11                    -0.357693369348                    -0.893665662057
  12                    -0.095698161783                    -0.892953262811
  13                     0.398512081907                    -0.876225417680
  14                     0.192464691567                    -0.872778088912
  15                    -0.020828495990                    -0.869894508155
  16                    -0.235098406435                    -0.865059673949
  17                    -0.426019783979                    -0.863185962394
  18                     0.053670429954                    -0.856644440296
  19                     0.265406441310                    -0.856134406258
  20                    -0.160818227420                    -0.856117301044
  21                     0.468626775672                    -0.840782565698
  22                    -0.305585655958                    -0.839978631658
  23                     0.336835232569                    -0.833875951527
  24                     0.120914970921                    -0.821948353989
  25                    -0.077025656478                    -0.820504325114
  26                    -0.486796047086                    -0.819553899981
  27                     0.404349370763                    -0.801636966251
  28                     0.534096105842                    -0.800827204670
  29                     0.191796120973                    -0.797964560448
  30                    -0.006153923023                    -0.796531248031
  31                    -0.204094550422                    -0.795087219156
  32                    -0.402521117338                    -0.792155520372
  33                    -0.554186775951                    -0.787057735733
  34                     0.264737870716                    -0.781320877795
  35                     0.064717810432                    -0.772558170948
  36                    -0.133222816967                    -0.771114142073
  37                    -0.331163444365                    -0.769670113198
  38                     0.468990158994                    -0.763966294308
  39                     0.336174637489                    -0.759059153069
  40                     0.594679364969                    -0.756927549304
  41                     0.135589543888                    -0.748585093865
  42                    -0.463297380445                    -0.748523457959
  43                    -0.062351083511                    -0.747141064990
  44                    -0.260291710910                    -0.745697036115
  45                    -0.613639940700                    -0.741639322847
  46                     0.403737345819                    -0.726822953839
  47                     0.207408739503                    -0.724795187276
  48                     0.008520649944                    -0.723167987907
  49                    -0.189419977455                    -0.721723959032
  50                    -0.387846544371                    -0.718792260248
  51                    -0.530688109310                    -0.716027293710
  52                     0.651670150676                    -0.708455275040
  53                     0.280350489245                    -0.708151504622
  54                     0.509357968874                    -0.700974620625
  55                     0.079392383399                    -0.699194910824
  56                    -0.118548244000                    -0.697750881949
  57                    -0.316488871399                    -0.696306853075
  58                    -0.669386090701                    -0.691740647635
  59                     0.581711457672                    -0.681935616279
  60                     0.348220705851                    -0.676669053548
  61                     0.150264116855                    -0.675221833741
  62                    -0.451081226587                    -0.674711015832
  63                    -0.047676510544                    -0.673777804866
  64                    -0.245617137943                    -0.672333775991
  65                    -0.590141274059                    -0.670608880825
  66                     0.704724180153                    -0.655703204142
  67                     0.419413577586                    -0.653667183148
  68                     0.221135850310                    -0.651248756658
  69                     0.023195222911                    -0.649804727783
  70                    -0.174745404488                    -0.648360698909
  71                    -0.382792649718                    -0.644146636287
  72                    -0.518471955451                    -0.642214851584
  73                    -0.722032895026                    -0.636592665377
  74                     0.634765487148                    -0.629183545381
  75                     0.489948211164                    -0.628719708451
  76                     0.292012800468                    -0.627291098951
  77                     0.094066956366                    -0.625831650700
  78                    -0.103873671033                    -0.624387621826
  79                    -0.301814298432                    -0.622943592951
  80                    -0.649145123519                    -0.619714164483
  81                     0.562301699962                    -0.609680704104
  82                     0.362879317220                    -0.603302602493
  83                     0.164938689821                    -0.601858573617
  84                    -0.033001937577                    -0.600414544742
  85                     0.753520952636                    -0.598990013234
  86                    -0.230942564976                    -0.598970515868
  87                    -0.577925120201                    -0.596796438698
  88                    -0.438989781509                    -0.594756420594
  89                     0.433751050675                    -0.579329525410
  90                     0.235810423277                    -0.577885496534
  91                    -0.770374027375                    -0.577153982886
  92                     0.037869795878                    -0.576441467660
  93                    -0.160070831521                    -0.574997438785
  94                    -0.358011458920                    -0.573553409909
  95                     0.683562259631                    -0.572470354472
  96                    -0.508865038467                    -0.568017694133
  97                    -0.697056771693                    -0.562251263434
  98                     0.504622784131                    -0.555356448327
  99                     0.306682156732                    -0.553912419452
 100                     0.108741529333                    -0.552468390577
 101                    -0.089199098066                    -0.551024361702
 102                    -0.287139725465                    -0.549580332827
 103                    -0.625836768375                    -0.539333537649
 104                     0.797765685560                    -0.538658308167
 105                     0.576976272929                    -0.536317443980
 106                     0.377553890187                    -0.529939342369
 107                     0.179613262788                    -0.528495313493
 108                    -0.018327364611                    -0.527051284619
 109                    -0.216267992010                    -0.525607255744
 110                    -0.414208635808                    -0.524163178386
 111                    -0.812871953025                    -0.515579334342
 112                    -0.556776686642                    -0.510554793084
 113                     0.646105562263                    -0.507705341927
 114                     0.720922057088                    -0.507649396737
 115                     0.448425623642                    -0.505966265286
 116                     0.250484996243                    -0.504522236411
 117                     0.052544368845                    -0.503078207536
 118                    -0.145396258554                    -0.501634178661
 119                    -0.739554697343                    -0.500676614891
 120                    -0.343336885953                    -0.500190149785
 121                    -0.482915248920                    -0.493092544825
 122                     0.519297357097                    -0.481993188203
 123                     0.321356729699                    -0.480549159328
 124                     0.123416102300                    -0.479105130453
 125                    -0.668334694025                    -0.477758889106
 126                    -0.074524525099                    -0.477661101578
 127                    -0.272465152498                    -0.476217072703
 128                     0.782656134817                    -0.465383397699
 129                     0.590169090552                    -0.458020111120
 130                     0.392228463154                    -0.456576082245
 131                     0.194287835755                    -0.455132053370
 132                    -0.003652791644                    -0.453688024495
 133                    -0.201593419043                    -0.452243995620
 134                    -0.399590523085                    -0.450788647326
 135                    -0.599274612292                    -0.448980144541
 136                     0.854250872214                    -0.443664636112
 137                    -0.797907474870                    -0.442274659039
 138                     0.661165998479                    -0.434420321024
 139                     0.463100196609                    -0.432603005162
 140                    -0.526190500685                    -0.432043611447
 141                     0.265159569210                    -0.431158976287
 142                     0.067218941811                    -0.429714947412
 143                    -0.130721685587                    -0.428270918537
 144                    -0.724590219188                    -0.427371939588
 145                    -0.328662312999                    -0.426826889659
 146                    -0.868002694703                    -0.416117992885
 147                     0.731997060851                    -0.410327342150
 148                     0.533971930064                    -0.408629928079
 149                     0.336031302665                    -0.407185899204
 150                     0.138090675267                    -0.405741870329
 151                    -0.059849952132                    -0.404297841454
 152                    -0.457212569662                    -0.403068517653
 153                    -0.257790579531                    -0.402853812579
 154                    -0.655232240789                    -0.399318742620
 155                     0.803591798248                    -0.388608580563
 156                     0.604843663519                    -0.384656850996
 157                     0.406903036121                    -0.383212822121
 158                     0.208962408722                    -0.381768793246
 159                     0.011021781323                    -0.380324764371
 160                    -0.186918846076                    -0.378880735496
 161                    -0.384859473488                    -0.377436706619
 162                     0.886127953568                    -0.375978871641
 163                    -0.584245390889                    -0.375688715766
 164                    -0.811277241997                    -0.366419104527
 165                     0.675800409308                    -0.360936580027
 166                     0.477774769576                    -0.359239745038
 167                     0.279834142177                    -0.357795716163
 168                     0.081893514778                    -0.356351687288
 169                    -0.116047112621                    -0.354907658413
 170                    -0.313987740019                    -0.353463629538
 171                    -0.714206011220                    -0.353279569855
 172                    -0.512866748905                    -0.353067284063
 173                    -0.897698819563                    -0.347447393674
 174                     0.746672389790                    -0.336964233244
 175                     0.548646503031                    -0.335266667955
 176                     0.350705875632                    -0.333822639080
 177                     0.152765248233                    -0.332378610205
 178                    -0.045175379165                    -0.330934581330
 179                    -0.243116006564                    -0.329490552455
 180                    -0.441990660743                    -0.329089442293
 181                    -0.644555044095                    -0.325268026901
 182                     0.835468879602                    -0.320922816091
 183                     0.619518236486                    -0.311293590872
 184                     0.421577609087                    -0.309849561997
 185                     0.223636981689                    -0.308405533122
 186                     0.025696354290                    -0.306961504247
 187                     0.912651913043                    -0.306021809084
 188                    -0.172244273109                    -0.305517475372
 189                    -0.370184900508                    -0.304073446498
 190                    -0.770218569293                    -0.303680130685
 191                    -0.568125527907                    -0.302629417623
 192                    -0.844509947967                    -0.294831284295
 193                     0.690474982275                    -0.287573319903
 194                     0.492449342542                    -0.285876484914
 195                     0.294508715144                    -0.284432456039
 196                     0.096568087745                    -0.282988427164
 197                    -0.101372539654                    -0.281544398289
 198                    -0.299313167053                    -0.280100369414
 199                    -0.497253792808                    -0.278656345401
 200                    -0.921971922642                    -0.276677855773
 201                    -0.700757308308                    -0.275883651588
 202                     0.780460551426                    -0.270211921216
 203                     0.563321075998                    -0.261903407831
 204                     0.365380448599                    -0.260459378956
 205                     0.167439821200                    -0.259015350081
 206                    -0.030500806199                    -0.257571321206
 207                    -0.228441433597                    -0.256127292331
 208                    -0.426382060997                    -0.254683263457
 209                    -0.624322729618                    -0.253239112716
 210                     0.861992839076                    -0.250965753535
 211                     0.436252182054                    -0.236486301873
 212                     0.238311554655                    -0.235042272998
 213                     0.040370927257                    -0.233598244123
 214                    -0.157569700142                    -0.232154215248
 215                     0.640203146271                    -0.232138427921
 216                    -0.355510327541                    -0.230710186374
 217                    -0.759560395834                    -0.229626674545
 218                    -0.553450954940                    -0.229266157499
 219                     0.934935990216                    -0.229073276809
 220                    -0.868507501088                    -0.223967834817
 221                     0.724263759103                    -0.220821319272
 222                     0.507123915509                    -0.212513224790
 223                     0.309183288110                    -0.211069195915
 224                     0.111242660712                    -0.209625167040
 225                    -0.086697966687                    -0.208181138165
 226                    -0.284638594086                    -0.206737109290
 227                    -0.482579221485                    -0.205293080416
 228                    -0.940675369497                    -0.204236899791
 229                    -0.680609395452                    -0.203831083033
 230                     0.806984510900                    -0.200254858660
 231                     0.579217245433                    -0.188795112645
 232                     0.380055021566                    -0.187096118832
 233                     0.182114394167                    -0.185652089957
 234                    -0.015826233232                    -0.184208061082
 235                    -0.213766860630                    -0.182764032208
 236                    -0.411707488030                    -0.181320003333
 237                    -0.609737661997                    -0.179858005949
 238                     0.879950727807                    -0.178336384405
 239                    -0.811021731822                    -0.175319751173
 240                     0.673996645025                    -0.165386140288
 241                     0.450926755021                    -0.163123041749
 242                     0.252986127622                    -0.161679012874
 243                     0.055045500223                    -0.160234983999
 244                    -0.142895127175                    -0.158790955124
 245                    -0.340835754574                    -0.157346926250
 246                    -0.738449575884                    -0.156260299663
 247                    -0.538776381973                    -0.155902897375
 248                     0.950352125099                    -0.153015359801
 249                     0.750787718577                    -0.150864256716
 250                    -0.881528303713                    -0.150293078443
 251                     0.521798488476                    -0.139149964666
 252                     0.323857861077                    -0.137705935791
 253                     0.125917233678                    -0.136261906916
 254                    -0.072023393720                    -0.134817878042
 255                    -0.269964021119                    -0.133373849167
 256                    -0.467904648518                    -0.131929820292
 257                    -0.953696172123                    -0.130562143418
 258                    -0.665934822486                    -0.130467822909
 259                     0.821778635928                    -0.126915613419
 260                     0.592677845990                    -0.115199438448
 261                     0.394729594532                    -0.113732858708
 262                     0.196788967134                    -0.112288829833
 263                    -0.001151660265                    -0.110844800958
 264                    -0.199092287664                    -0.109400772084
 265                    -0.397032915063                    -0.107956743209
 266                    -0.594973542462                    -0.106512714334
 267                     0.893222775895                    -0.104706473586
 268                    -0.807438028967                    -0.100589114205
 269                     0.663541949614                    -0.091203817068
 270                     0.465601327988                    -0.089759781625
 271                     0.267660700589                    -0.088315752750
 272                     0.069720073190                    -0.086871723875
 273                    -0.128220554209                    -0.085427695001
 274                    -0.326161181607                    -0.083983666126
 275                    -0.723693663746                    -0.082913356409
 276                    -0.524101809006                    -0.082539637251
 277                     0.737058618437                    -0.077318197426
 278                    -0.877944600858                    -0.075562441475
 279                     0.959975672246                    -0.070919466371
 280                     0.536473061442                    -0.065786704542
 281                     0.338532434044                    -0.064342675667
 282                     0.140591806645                    -0.062898646792
 283                    -0.057348820753                    -0.061454617917
 284                    -0.255289448152                    -0.060010589043
 285                    -0.453230075551                    -0.058566560168
 286                    -0.651170702950                    -0.057122531294
 287                    -0.960955671513                    -0.056098657759
 288                     0.807945214827                    -0.053389104673
 289                     0.607344794898                    -0.041813627459
 290                     0.409404167499                    -0.040369598584
 291                     0.211463540101                    -0.038925569709
 292                     0.013522912702                    -0.037481540835
 293                    -0.184417714697                    -0.036037511960
 294                    -0.382358342096                    -0.034593483085
 295                    -0.580298969495                    -0.033149454211
 296                    -0.778239596894                    -0.031705425336
 297                     0.879389354794                    -0.031179964839
 298                     0.678216528353                    -0.017840550376
 299                     0.480275900954                    -0.016396521501
 300                     0.282335273556                    -0.014952492626
 301                     0.084394646157                    -0.013508463752
 302                    -0.113545981242                    -0.012064434877
 303                    -0.311486608641                    -0.010620406002
 304                    -0.509427236039                    -0.009176377127
 305                    -0.707367863439                    -0.007732348253
 306                    -0.905414862147                    -0.005971524162
 307                     0.751733198692                    -0.003954938759
 308                     0.958331269336                     0.003878975904
 309                     0.551147634409                     0.007576555582
 310                     0.353207007011                     0.009020584457
 311                     0.155266379612                     0.010464613332
 312                    -0.042674247787                     0.011908642206
 313                    -0.240614875185                     0.013352671081
 314                    -0.438555502584                     0.014796699956
 315                    -0.636496129983                     0.016240728830
 316                    -0.834436757382                     0.017684757705
 317                     0.822619795083                     0.019974153993
 318                     0.622019367864                     0.031549632665
 319                     0.424078740466                     0.032993661540
 320                     0.226138113067                     0.034437690414
 321                     0.028197485669                     0.035881719289
 322                    -0.169743141730                     0.037325748164
 323                    -0.367683769129                     0.038769777039
 324                    -0.565624396528                     0.040213805913
 325                    -0.763565023927                     0.041657834788
 326                     0.894063935049                     0.042183293827
 327                    -0.961612022635                     0.043418658879
 328                     0.692891101320                     0.055522709748
 329                     0.494950473921                     0.056966738623
 330                     0.297009846522                     0.058410767498
 331                     0.099069219124                     0.059854796372
 332                    -0.098871408275                     0.061298825247
 333                    -0.296812035674                     0.062742854122
 334                    -0.494752663072                     0.064186882996
 335                    -0.692693290472                     0.065630911871
 336                    -0.890740289180                     0.067391735962
 337                     0.766407771659                     0.069408321364
 338                     0.959370114588                     0.078688278991
 339                     0.565822207376                     0.080939815706
 340                     0.367881579978                     0.082383844580
 341                     0.169940952579                     0.083827873455
 342                    -0.027999674820                     0.085271902330
 343                    -0.225940302218                     0.086715931205
 344                    -0.423880929617                     0.088159960079
 345                    -0.621821557016                     0.089603988954
 346                    -0.819762184415                     0.091048017829
 347                     0.837294368049                     0.093337414117
 348                     0.636693940831                     0.104912892789
 349                     0.438753313433                     0.106356921664
 350                     0.240812686034                     0.107800950538
 351                     0.042872058635                     0.109244979413
 352                    -0.155068568763                     0.110689008288
 353                    -0.353009196162                     0.112133037163
 354                    -0.550949823561                     0.113577066037
 355                    -0.748890450960                     0.115021094912
 356                    -0.955335336933                     0.117971420360
 357                     0.713306708403                     0.127499886843
 358                     0.903412707122                     0.128349929965
 359                     0.509625046888                     0.130329998747
 360                     0.311684419489                     0.131774027621
 361                     0.113743792090                     0.133218056496
 362                    -0.084196835308                     0.134662085371
 363                    -0.282137462707                     0.136106114246
 364                    -0.480078090106                     0.137550143120
 365                    -0.678018717505                     0.138994171995
 366                    -0.884463603478                     0.141944497443
 367                     0.785456668553                     0.147296212558
 368                     0.580496780343                     0.154303075830
 369                     0.382556152944                     0.155747104704
 370                     0.184615525546                     0.157191133579
 371                    -0.013325101853                     0.158635162454
 372                    -0.211265729252                     0.160079191329
 373                    -0.409206356651                     0.161523220203
 374                    -0.607146984049                     0.162967249078
 375                    -0.813485498713                     0.165600779310
 376                     0.655490216185                     0.177329818025
 377                     0.453427886400                     0.179720181787
 378                     0.255487259001                     0.181164210662
 379                     0.057546631602                     0.182608239537
 380                    -0.140393995797                     0.184052268412
 381                    -0.338334623195                     0.185496297286
 382                    -0.536275250594                     0.186940326161
 383                    -0.734215877993                     0.188384355036
 384                     0.943323958768                     0.191631862772
 385                    -0.943125474950                     0.192089711403
 386                     0.868564690844                     0.194558104094
 387                     0.726410126672                     0.201159994781
 388                     0.524299619855                     0.203693258870
 389                     0.326358992456                     0.205137287745
 390                     0.128418365057                     0.206581316620
 391                    -0.069522262342                     0.208025345495
 392                    -0.267462889740                     0.209469374370
 393                    -0.465403517139                     0.210913403244
 394                    -0.663344144538                     0.212357432119
 395                    -0.870731313110                     0.215489961130
 396                     0.798560084037                     0.220956324745
 397                     0.599293055696                     0.226720001066
 398                     0.397230725911                     0.229110364828
 399                     0.199290098512                     0.230554393703
 400                     0.001349471114                     0.231998422578
 401                    -0.196591156285                     0.233442451453
 402                    -0.394531783684                     0.234886480327
 403                    -0.592472411083                     0.236330509202
 404                    -0.791094542958                     0.236988146036
 405                     0.670312632979                     0.250663350519
 406                     0.468102459367                     0.253083441912
 407                     0.270161831968                     0.254527470786
 408                     0.072221204569                     0.255971499661
 409                    -0.125719422830                     0.257415528536
 410                    -0.323660050229                     0.258859557410
 411                    -0.521600677627                     0.260303586285
 412                    -0.719541305026                     0.261747615160
 413                     0.925591486083                     0.264316595971
 414                    -0.924746685791                     0.267257234015
 415                     0.744166592347                     0.273839964580
 416                     0.851394903071                     0.273927948520
 417                     0.541008927268                     0.276620003440
 418                     0.341033565423                     0.278500547869
 419                     0.143092938024                     0.279944576744
 420                    -0.054847689375                     0.281388605619
 421                    -0.252788316773                     0.282832634493
 422                    -0.450728944172                     0.284276663368
 423                    -0.648669571571                     0.285720692243
 424                    -0.847181484453                     0.286503457016
 425                     0.611924705343                     0.300462474953
 426                     0.411905298878                     0.302473624952
 427                     0.213964671479                     0.303917653827
 428                     0.016024044080                     0.305361682702
 429                    -0.181916583318                     0.306805711577
 430                    -0.379857210717                     0.308249740451
 431                    -0.577797838116                     0.309693769326
 432                    -0.776310615020                     0.310479088261
 433                     0.682798073068                     0.324430720091
 434                     0.484811766780                     0.326010186481
 435                     0.284836404934                     0.327890730910
 436                     0.086895777535                     0.329334759785
 437                    -0.111044849863                     0.330778788660
 438                    -0.308985477262                     0.332222817534
 439                    -0.506926104661                     0.333666846409
 440                    -0.704866732059                     0.335110875283
 441                     0.902267491298                     0.335404585780
 442                    -0.901196857134                     0.338270729901
 443                     0.828070908291                     0.345015938330
 444                     0.753374799824                     0.349258862756
 445                     0.555818630287                     0.349956104538
 446                     0.355708138389                     0.351863807993
 447                     0.157767510990                     0.353307836868
 448                    -0.040173116408                     0.354751865743
 449                    -0.238113743807                     0.356195894617
 450                    -0.436054371205                     0.357639923492
 451                    -0.633994998604                     0.359083952367
 452                    -0.830325987701                     0.362246361145
 453                     0.626691110804                     0.373926972965
 454                     0.428614606292                     0.375400369522
 455                     0.228639244445                     0.377280913951
 456                     0.030698617047                     0.378724942826
 457                    -0.167242010352                     0.380168971701
 458                    -0.365182637750                     0.381613000575
 459                    -0.563123265149                     0.383057029450
 460                     0.499605707184                     0.399349468964
 461                     0.299510977901                     0.401253991034
 462                     0.101570350502                     0.402698019909
 463                     0.702346046165                     0.403972456384
 464                    -0.096370276897                     0.404142048784
 465                     0.873492875268                     0.404466387813
 466                    -0.294310904295                     0.405586077658
 467                    -0.492251531694                     0.407030106533
 468                    -0.699957248782                     0.409766136329
 469                    -0.774730411126                     0.412312746007
 470                     0.791558753063                     0.413597783658
 471                     0.570477451609                     0.423322513645
 472                     0.370382711356                     0.425227068117
 473                     0.172442083957                     0.426671096992
 474                    -0.025498543441                     0.428115125867
 475                    -0.223439170840                     0.429559154741
 476                    -0.860957962882                     0.430504643604
 477                    -0.421379798239                     0.431003183616
 478                    -0.619320425637                     0.432447212490
 479                     0.641349185079                     0.447295590683
 480                     0.441275493283                     0.449137829258
 481                     0.243313817412                     0.450644174075
 482                     0.045373190014                     0.452088202950
 483                    -0.152567437385                     0.453532231824
 484                    -0.350508064784                     0.454976260699
 485                    -0.548448692182                     0.456420289574
 486                     0.740529999403                     0.468311377286
 487                     0.839441466194                     0.471084797940
 488                     0.512148512005                     0.473107106365
 489                     0.314185550867                     0.474617251158
 490                     0.116244923469                     0.476061280033
 491                    -0.081695703930                     0.477505308908
 492                    -0.279636331328                     0.478949337782
 493                    -0.477576958727                     0.480393366657
 494                    -0.676424948506                     0.480785442658
 495                    -0.751198110850                     0.483332052336
 496                    -0.824922146133                     0.496070876826
 497                     0.583020256420                     0.497080151048
 498                     0.385057284323                     0.498590328241
 499                     0.187116656924                     0.500034357116
 500                    -0.010823970474                     0.501478385991
 501                    -0.208764597873                     0.502922414865
 502                    -0.406705225272                     0.504366443740
 503                    -0.605657259262                     0.506006783859
 504                     0.653891989890                     0.521053228086
 505                     0.455950066250                     0.522501089382
 506                     0.257988390379                     0.524007434199
 507                     0.060047762981                     0.525451463074
 508                    -0.137892864418                     0.526895491948
 509                    -0.335833491817                     0.528339520823
 510                    -0.533774119215                     0.529783549698
 511                     0.800318969517                     0.534857372621
 512                     0.725812916292                     0.541666121458
 513                     0.526822757839                     0.546471333743
 514                    -0.709890656793                     0.547699995608
 515                     0.328860123835                     0.547980511282
 516                     0.130919496436                     0.549424540157
 517                    -0.067021130963                     0.550868569031
 518                    -0.264961758362                     0.552312597906
 519                    -0.462902385760                     0.553756626781
 520                    -0.783902953368                     0.558640333055
 521                     0.597694829432                     0.570443411162
 522                     0.399731857290                     0.571953588364
 523                     0.201791229891                     0.573397617240
 524                     0.003850602492                     0.574841646115
 525                    -0.194090024907                     0.576285674989
 526                    -0.392030652305                     0.577729703864
 527                    -0.589971279704                     0.579173732738
 528                     0.668566562903                     0.594416488201
 529                     0.470624639217                     0.595864349506
 530                     0.272662963346                     0.597370694323
 531                     0.074722335947                     0.598814723198
 532                    -0.123218291451                     0.600258752072
 533                    -0.321158918850                     0.601702780947
 534                    -0.519099546249                     0.603146809822
 535                    -0.660564923661                     0.603953733962
 536                     0.740487489305                     0.615029381573
 537                    -0.737728901344                     0.618300380209
 538                     0.343533778166                     0.621346487000
 539                     0.145606758153                     0.622802234062
 540                    -0.052346557996                     0.624231829155
 541                    -0.250287185395                     0.625675858030
 542                     0.547691721975                     0.626095906815
 543                    -0.448227812794                     0.627119886905
 544                     0.414406430132                     0.645316848513
 545                     0.216478491608                     0.646775311145
 546                     0.018525179222                     0.648204910520
 547                    -0.179415451940                     0.649648935113
 548                     0.618563455446                     0.650068983854
 549                    -0.377356079339                     0.651092963988
 550                    -0.606160492676                     0.655311974946
 551                     0.486398746110                     0.668999078462
 552                     0.690484381848                     0.670681877226
 553                     0.287628291805                     0.671066579745
 554                     0.089396914503                     0.672177982204
 555                    -0.108543718485                     0.673622012196
 556                    -0.687479866465                     0.673761304336
 557                    -0.534373791522                     0.676387566638
 558                    -0.309172924101                     0.681900866329
 559                     0.359000754688                     0.695593305790
 560                     0.160281331120                     0.696165494186
 561                    -0.037671985030                     0.697595089279
 562                    -0.235612612428                     0.699039118154
 563                     0.563111291775                     0.700294162519
 564                    -0.444077837064                     0.701821217075
 565                     0.430244281637                     0.718437799597
 566                     0.231153069208                     0.720138570342
 567                     0.033524035538                     0.721934714651
 568                     0.634125400819                     0.724088686111
 569                    -0.633075435480                     0.725119545321
 570                    -0.373206103609                     0.725794294158
 571                    -0.167356437591                     0.729702272308
 572                     0.501221931306                     0.742332455640
 573                     0.302319445493                     0.744427107769
 574                    -0.505028774641                     0.745208936953
 575                     0.104395722654                     0.745907928727
 576                    -0.093869145518                     0.746985272320
 577                    -0.022993795311                     0.770957625865
 578                    -0.314402502512                     0.772050618328
 579                    -0.574846579421                     0.772097320383
 580                    -0.239605266917                     0.773749022035
 581                     0.571402158928                     0.774649878840
 582                     0.173390565794                     0.774842728671
 583                    -0.436978438226                     0.776300137340
 584                     0.364024706917                     0.786788978025
 585                     0.438617705380                     0.792784264225
 586                     0.245843788878                     0.793498598858
 587                    -0.174437297345                     0.810500168543
 588                     0.038263963872                     0.813911065397
 589                     0.509512798459                     0.816688171961
 590                    -0.374205552391                     0.817007333654
 591                     0.112811491365                     0.820249611952
 592                    -0.502279467753                     0.821075081937
 593                    -0.100435761340                     0.821513056296
 594                     0.307615213513                     0.835941341594
 595                    -0.029563685535                     0.845485121263
 596                    -0.304180461550                     0.846165535223
 597                    -0.437020079741                     0.857667938606
 598                    -0.230633752490                     0.859891154126
 599                     0.421204103663                     0.865546050232
 600                     0.230002810932                     0.866618872691
 601                     0.156568897253                     0.880935693204
 602                    -0.159761676685                     0.883863219093
 603                     0.078399114679                     0.886798374217
 604                    -0.363983511429                     0.891122250549
 605                    -0.085760140680                     0.894876106846
 606                     0.352708937874                     0.895644609853
 607                     0.005001511851                     0.911838404207
 608                    -0.283370562845                     0.919618143004
 609                     0.282083048271                     0.920332557228
 610                    -0.210642504404                     0.939154445702
 611                     0.209753087680                     0.939460751827
 612                     0.136156003263                     0.952913639734
 613                    -0.132298349245                     0.953456873069
 614                     0.061736396909                     0.960609951703
 615                    -0.051194943294                     0.961229389790
