   1                     0.001978969455                    -0.962427451407
   2                     0.079489759782                    -0.959141227156
   3                    -0.086043430099                    -0.958575528416
   4                     0.154074710477                    -0.950016578346
   5                    -0.163908364132                    -0.948369423647
   6                     0.227720483444                    -0.935101008962
   7                    -0.245134228247                    -0.930468635022
   8                     0.306530395791                    -0.912310041701
   9                    -0.317188722179                    -0.908659358651
  10                    -0.039370946865                    -0.899687045715
  11                     0.038008379026                    -0.896487662721
  12                    -0.116649757073                    -0.889950264591
  13                     0.380173265570                    -0.884159942367
  14                    -0.387110880710                    -0.881144529335
  15                    -0.190871536413                    -0.878232689859
  16                     0.175906777597                    -0.878117064982
  17                     0.249552559891                    -0.863201533832
  18                     0.103204461918                    -0.859128949075
  19                    -0.262872364896                    -0.856737230251
  20                     0.447992142546                    -0.851806055249
  21                    -0.472404334253                    -0.838513363352
  22                     0.320510791568                    -0.838481027298
  23                    -0.069977273840                    -0.831061781890
  24                     0.005133221887                    -0.828919932782
  25                    -0.330315400618                    -0.823607017173
  26                    -0.144199053180                    -0.819344207158
  27                     0.513080238845                    -0.814259899570
  28                    -0.403791831680                    -0.807878439220
  29                     0.202820866092                    -0.804360027388
  30                    -0.536381000262                    -0.799103208666
  31                     0.394684744762                    -0.798848568267
  32                    -0.216199881663                    -0.797848747551
  33                     0.129334599424                    -0.788677467101
  34                     0.055763570358                    -0.773397487774
  35                    -0.283642917385                    -0.764718534472
  36                     0.328250284269                    -0.763739644258
  37                    -0.468666257850                    -0.763465372901
  38                    -0.092745947462                    -0.759453391407
  39                    -0.017635451734                    -0.757311542300
  40                     0.596315780212                    -0.755432330398
  41                    -0.603174820616                    -0.749967100156
  42                     0.254424698784                    -0.749741179566
  43                    -0.357119348446                    -0.748989956519
  44                     0.447933871924                    -0.745832490117
  45                    -0.165849173547                    -0.742072585275
  46                     0.522828630836                    -0.739753906929
  47                     0.181321472698                    -0.732360373433
  48                    -0.532642923858                    -0.724055218214
  49                     0.107835206030                    -0.716677813146
  50                    -0.233273518174                    -0.708904349905
  51                     0.383962607615                    -0.706413567902
  52                     0.653774847013                    -0.706287529778
  53                     0.034264176965                    -0.701397833819
  54                    -0.659845004565                    -0.700624782242
  55                    -0.306759784842                    -0.693221789617
  56                     0.310476340947                    -0.690731007613
  57                    -0.455375283279                    -0.689509142055
  58                    -0.114245340855                    -0.687453737452
  59                    -0.039134845128                    -0.685311888345
  60                     0.582462875180                    -0.681579293168
  61                    -0.381152791273                    -0.677796082402
  62                     0.236650755461                    -0.676732542921
  63                    -0.592497501290                    -0.667300798557
  64                     0.508947510594                    -0.665906167716
  65                     0.163547529376                    -0.659351736788
  66                    -0.180719684058                    -0.652420385033
  67                     0.434338840105                    -0.650609129797
  68                    -0.519351949288                    -0.650098987368
  69                     0.712286917443                    -0.647238644381
  70                     0.090061262707                    -0.643669176501
  71                    -0.254205950726                    -0.636737824746
  72                     0.360847173829                    -0.634916359516
  73                     0.638749132488                    -0.631799464680
  74                     0.016490233642                    -0.628389197174
  75                    -0.730159224371                    -0.627007195020
  76                    -0.655030669354                    -0.625638141682
  77                    -0.327692217395                    -0.621055264459
  78                     0.287360907160                    -0.619233799229
  79                    -0.056908788451                    -0.612303251700
  80                     0.559272139533                    -0.610106474096
  81                    -0.401178484063                    -0.605372704171
  82                     0.213874095891                    -0.603553790677
  83                    -0.130395055119                    -0.596620691413
  84                     0.484658069436                    -0.594799226183
  85                    -0.474664750731                    -0.589690143884
  86                     0.140388373825                    -0.587868678655
  87                     0.763311829167                    -0.586195843550
  88                    -0.203881321787                    -0.580938131126
  89                     0.411171802768                    -0.579116665896
  90                    -0.549134156917                    -0.578468375956
  91                     0.688888746800                    -0.575833464621
  92                     0.066902107156                    -0.572186118367
  93                    -0.776849691783                    -0.568132970279
  94                    -0.277367588455                    -0.565255570839
  95                     0.337685536100                    -0.563434105609
  96                     0.615402480132                    -0.560150904335
  97                    -0.696930573155                    -0.559130436542
  98                    -0.621637284067                    -0.558325023310
  99                    -0.006584159512                    -0.556503558080
 100                    -0.350853855123                    -0.549573010551
 101                     0.264199269432                    -0.547751545321
 102                    -0.080070426180                    -0.540820997793
 103                     0.534982698376                    -0.538999532563
 104                    -0.424340121791                    -0.533890450264
 105                     0.190713002764                    -0.532068985035
 106                    -0.153556692848                    -0.525138437506
 107                     0.806717364291                    -0.524859609507
 108                     0.461496431707                    -0.523316972276
 109                    -0.497826388459                    -0.518207889977
 110                     0.117226736096                    -0.516386424747
 111                     0.732294281925                    -0.514497230579
 112                    -0.227042959516                    -0.509455877218
 113                     0.388010165039                    -0.507634411989
 114                    -0.571312655128                    -0.502525329689
 115                     0.043740469428                    -0.500703864460
 116                     0.658808015257                    -0.498814670292
 117                    -0.789831914776                    -0.494121917239
 118                    -0.300529226184                    -0.493773316931
 119                     0.314523898371                    -0.491951851701
 120                    -0.644798921796                    -0.486842769402
 121                    -0.029745797240                    -0.485021304172
 122                     0.585307327315                    -0.483199838943
 123                    -0.374015492852                    -0.478090756644
 124                     0.241037631703                    -0.476269291414
 125                    -0.718285188464                    -0.471160209115
 126                    -0.103232063909                    -0.469338743885
 127                     0.511821060647                    -0.467517278655
 128                    -0.447501759520                    -0.462408196357
 129                     0.167551365035                    -0.460586731127
 130                    -0.176718330577                    -0.453656183598
 131                     0.783555726562                    -0.453377355600
 132                     0.438334793979                    -0.451834718368
 133                    -0.850708133932                    -0.450073534440
 134                    -0.520988026188                    -0.446725636069
 135                     0.094065098367                    -0.444904170840
 136                     0.709132644195                    -0.443014976671
 137                    -0.250204597245                    -0.437973623311
 138                     0.857071603846                    -0.437834193984
 139                     0.364848527310                    -0.436152158081
 140                    -0.594474292856                    -0.431043075782
 141                     0.020578831699                    -0.429221610552
 142                     0.635646377528                    -0.427332416385
 143                    -0.323690863913                    -0.422291063024
 144                     0.291362260643                    -0.420469597794
 145                    -0.667960559524                    -0.415360515495
 146                    -0.052907434969                    -0.413539050265
 147                     0.562145689586                    -0.411717585035
 148                    -0.397177130581                    -0.406608502736
 149                     0.217875993974                    -0.404787037506
 150                    -0.741446826193                    -0.399677955207
 151                    -0.126393701637                    -0.397856489978
 152                     0.488659422918                    -0.396035024748
 153                    -0.470663397249                    -0.390925942449
 154                     0.144389727306                    -0.389104477219
 155                    -0.814933092861                    -0.383995394920
 156                    -0.199879968306                    -0.382173929691
 157                     0.415173156250                    -0.380352464461
 158                     0.781865533551                    -0.378255339296
 159                    -0.544149663917                    -0.375243382162
 160                     0.070903460638                    -0.373421916932
 161                     0.687983179861                    -0.370911756280
 162                     0.888616972211                    -0.369635485633
 163                    -0.888837775258                    -0.368996816385
 164                    -0.273366234974                    -0.366491369403
 165                     0.341686889582                    -0.364669904174
 166                    -0.617635930585                    -0.359560821874
 167                    -0.002582806030                    -0.357739356645
 168                     0.614496796513                    -0.355229231234
 169                    -0.346852501642                    -0.350808809116
 170                     0.268200622913                    -0.348987343886
 171                    -0.691122197253                    -0.343878261587
 172                    -0.076069072698                    -0.342056796357
 173                     0.538984051857                    -0.340235331128
 174                    -0.420338768310                    -0.335126248829
 175                     0.194714356246                    -0.333304783599
 176                    -0.764608463921                    -0.328195701300
 177                    -0.149555339366                    -0.326374236070
 178                     0.465497785189                    -0.324552770840
 179                     0.830998669457                    -0.321403698669
 180                    -0.493825034978                    -0.319443688542
 181                     0.121228089577                    -0.317622223312
 182                     0.739490999130                    -0.316202354528
 183                    -0.838094730590                    -0.312513141013
 184                    -0.223041606034                    -0.310691675783
 185                     0.392011518521                    -0.308870210553
 186                    -0.567311301646                    -0.303761128254
 187                     0.047741822909                    -0.301939663025
 188                     0.664821425589                    -0.299429537737
 189                     0.914745687410                    -0.299183627404
 190                    -0.914064016350                    -0.298181131191
 191                    -0.296527872702                    -0.295009115496
 192                     0.318525251853                    -0.293187650266
 193                    -0.640797568314                    -0.288078567967
 194                    -0.025744443759                    -0.286257102737
 195                     0.589308680797                    -0.284435637508
 196                    -0.370014139371                    -0.279326555209
 197                     0.245038985185                    -0.277505089979
 198                    -0.714283834982                    -0.272396007680
 199                    -0.099230710427                    -0.270574542450
 200                     0.515822414128                    -0.268753077220
 201                    -0.443500406039                    -0.263643994921
 202                     0.171552718517                    -0.261822529691
 203                     0.788624135037                    -0.259350713901
 204                    -0.787770101651                    -0.256713447393
 205                    -0.172716977095                    -0.254891982163
 206                     0.442336147460                    -0.253070516933
 207                    -0.516986672707                    -0.247961434634
 208                     0.098066451849                    -0.246139969404
 209                     0.862429610745                    -0.245246606645
 210                     0.715146054391                    -0.243629843994
 211                    -0.862790268009                    -0.241546215494
 212                    -0.246203243763                    -0.239209421876
 213                     0.368849880792                    -0.237387956646
 214                    -0.590472939375                    -0.232278874347
 215                     0.024580185180                    -0.230457409117
 216                     0.639633309873                    -0.228635944011
 217                     0.935298479259                    -0.226908065606
 218                    -0.935926354044                    -0.224304202694
 219                    -0.319689510431                    -0.223526861588
 220                     0.295363614124                    -0.221705396359
 221                    -0.663959206043                    -0.216596314059
 222                    -0.048906081488                    -0.214774848830
 223                     0.566147043068                    -0.212953383600
 224                    -0.393175777099                    -0.207844301301
 225                     0.221877347456                    -0.206022836071
 226                    -0.737445472711                    -0.200913753772
 227                    -0.122392348156                    -0.199092288542
 228                     0.492660776399                    -0.197270823313
 229                    -0.466662043768                    -0.192161741014
 230                     0.148391080788                    -0.190340275784
 231                     0.766830023517                    -0.187439721772
 232                    -0.810931739379                    -0.185231193485
 233                    -0.195878614824                    -0.183409728255
 234                     0.419174509731                    -0.181588263026
 235                    -0.540148310435                    -0.176479180727
 236                     0.074904814120                    -0.174657715497
 237                     0.689957938675                    -0.172836250267
 238                     0.877281183512                    -0.171587901305
 239                    -0.884426289929                    -0.169587500654
 240                    -0.269364881492                    -0.167727167968
 241                     0.345688243063                    -0.165905702739
 242                    -0.613634577104                    -0.160796620439
 243                     0.001418547452                    -0.158975155210
 244                     0.616471672007                    -0.157153689980
 245                     0.950150066171                    -0.153249363118
 246                    -0.342851148160                    -0.152044607681
 247                     0.272201976395                    -0.150223142451
 248                    -0.687120843772                    -0.145114060152
 249                    -0.072067719217                    -0.143292594922
 250                     0.542985405339                    -0.141471129693
 251                    -0.952513140945                    -0.137801421866
 252                    -0.416337414828                    -0.136362047393
 253                     0.198715709727                    -0.134540582164
 254                     0.814905099639                    -0.129690428253
 255                    -0.760607110440                    -0.129431499865
 256                    -0.145553985885                    -0.127610034635
 257                     0.469499138671                    -0.125788569406
 258                    -0.489823681496                    -0.120679487106
 259                     0.125229443059                    -0.118858021876
 260                     0.740366947641                    -0.117112773159
 261                    -0.834118197865                    -0.113756978058
 262                    -0.219040252553                    -0.111927474348
 263                     0.396012872002                    -0.110106009118
 264                    -0.563309948164                    -0.104996926819
 265                     0.051743176391                    -0.103175461589
 266                     0.666796300946                    -0.101353996360
 267                     0.882265871193                    -0.096392958540
 268                    -0.292526519221                    -0.096244914061
 269                     0.322526605334                    -0.094423448831
 270                    -0.636796214832                    -0.089314366532
 271                    -0.021743090277                    -0.087492901302
 272                     0.593310034278                    -0.085671436073
 273                    -0.366012785889                    -0.080562353773
 274                     0.249040338666                    -0.078740888544
 275                     0.959209918821                    -0.078656513891
 276                    -0.710282481501                    -0.073631806244
 277                    -0.095229356945                    -0.071810341015
 278                     0.519823767610                    -0.069988875785
 279                    -0.928326589539                    -0.066659417277
 280                    -0.439499052557                    -0.064879793486
 281                     0.175554071998                    -0.063058328256
 282                    -0.783768748169                    -0.057949245957
 283                    -0.168715623614                    -0.056127780727
 284                     0.804145515462                    -0.055323731516
 285                     0.446337500942                    -0.054306315498
 286                    -0.512985319225                    -0.049197233199
 287                     0.102067805330                    -0.047375767969
 288                     0.717205309912                    -0.045630519252
 289                    -0.857255014837                    -0.042266685670
 290                    -0.242201890282                    -0.040445220440
 291                     0.372851234274                    -0.038623755211
 292                    -0.586471585893                    -0.033514672912
 293                     0.028581538662                    -0.031693207682
 294                     0.643634663217                    -0.029871742453
 295                    -0.315688156950                    -0.024762660153
 296                     0.299364967605                    -0.022941194924
 297                     0.911558471079                    -0.020557343379
 298                    -0.659957852561                    -0.017832112624
 299                    -0.044904728006                    -0.016010647395
 300                     0.570148396549                    -0.014189182165
 301                    -0.389174423618                    -0.009080099866
 302                     0.225878700937                    -0.007258634636
 303                    -0.733444119229                    -0.002149552337
 304                    -0.118390994674                    -0.000328087107
 305                    -0.962429440166                     0.000297058625
 306                     0.496662129881                     0.001493378122
 307                    -0.462660690286                     0.006602460422
 308                     0.152392434269                     0.008423925651
 309                     0.842579876672                     0.009244126376
 310                     0.767445517394                     0.010245196745
 311                    -0.806930385897                     0.013533007950
 312                    -0.191877261342                     0.015354473180
 313                     0.423175863213                     0.017175938409
 314                    -0.536146956954                     0.022285020709
 315                     0.078906167601                     0.024106485938
 316                     0.693959292156                     0.025927951168
 317                    -0.265363528010                     0.031037033467
 318                     0.349689596545                     0.032858498697
 319                     0.961780630889                     0.035334594769
 320                    -0.891418272053                     0.035922566886
 321                    -0.609633223622                     0.037967580996
 322                     0.005419900933                     0.039789046226
 323                     0.620473025488                     0.041610511455
 324                    -0.338849794678                     0.046719593755
 325                     0.276203329877                     0.048541058984
 326                    -0.683119490290                     0.053650141283
 327                    -0.068066365735                     0.055471606513
 328                     0.546986758820                     0.057293071742
 329                    -0.412336061347                     0.062402154042
 330                     0.202717063209                     0.064223619271
 331                     0.893035572158                     0.065670892929
 332                    -0.756605756958                     0.069332701571
 333                    -0.141552632403                     0.071154166800
 334                     0.473500492152                     0.072975632030
 335                    -0.959472972989                     0.075379902123
 336                    -0.485822328015                     0.078084714329
 337                     0.129230796540                     0.079906179559
 338                     0.819418277955                     0.080726392924
 339                     0.744283921095                     0.081727644788
 340                    -0.830092023626                     0.085015261858
 341                    -0.215038899071                     0.086836727088
 342                     0.400014225484                     0.088658192317
 343                    -0.559308594683                     0.093767274616
 344                     0.055744529872                     0.095588739846
 345                     0.670797654428                     0.097410205075
 346                    -0.288525165739                     0.102519287375
 347                     0.326527958816                     0.104340752604
 348                    -0.632794861351                     0.109449834904
 349                     0.955898099516                     0.110245007333
 350                    -0.017741736796                     0.111271300133
 351                     0.597311387759                     0.113092765363
 352                    -0.897598883912                     0.118015230043
 353                    -0.362011432407                     0.118201847662
 354                     0.253041692148                     0.120023312891
 355                    -0.706281128019                     0.125132395191
 356                    -0.091228003464                     0.126953860420
 357                     0.523825121091                     0.128775325650
 358                    -0.435497699075                     0.133884407949
 359                     0.179555425480                     0.135705873179
 360                     0.869873934430                     0.137153146836
 361                    -0.780884465168                     0.141827511967
 362                    -0.164714270132                     0.142636420708
 363                     0.450338854423                     0.144457885937
 364                    -0.508983965743                     0.149566968237
 365                     0.106069158812                     0.151388433466
 366                     0.796256640226                     0.152208646832
 367                     0.721122283367                     0.153209898695
 368                    -0.238200536800                     0.158318980995
 369                     0.376852587755                     0.160140446224
 370                    -0.582470232412                     0.165249528524
 371                     0.032582892143                     0.167070993753
 372                     0.647636016699                     0.168892458983
 373                    -0.311686803468                     0.174001541282
 374                    -0.946349357880                     0.175195343491
 375                     0.303366321087                     0.175823006512
 376                    -0.655956499079                     0.180932088811
 377                    -0.040903374525                     0.182753554041
 378                     0.944573974868                     0.184527833659
 379                     0.574149750031                     0.184575019270
 380                    -0.872454690060                     0.188824435670
 381                    -0.385173070136                     0.189684101569
 382                     0.229880054419                     0.191505566799
 383                    -0.729442765747                     0.196614649099
 384                    -0.114389641193                     0.198436114328
 385                     0.500663483363                     0.200257579557
 386                    -0.458659336804                     0.205366661857
 387                     0.156393787751                     0.207188127086
 388                     0.874690060067                     0.212139672425
 389                    -0.187875907861                     0.214118674615
 390                    -0.802186545122                     0.215443261584
 391                     0.427177216694                     0.215940139845
 392                    -0.532145603473                     0.221049222144
 393                     0.082907521083                     0.222870687374
 394                     0.698180965702                     0.224763319915
 395                     0.801072765864                     0.227195172420
 396                    -0.261362174529                     0.229801234903
 397                     0.353690950026                     0.231622700132
 398                    -0.605631870141                     0.236731782432
 399                     0.009421254415                     0.238553247661
 400                     0.624474378970                     0.240374712890
 401                    -0.334848441197                     0.245483795190
 402                     0.280204683358                     0.247305260419
 403                    -0.929797243300                     0.248490647494
 404                    -0.679305857347                     0.252583944415
 405                    -0.064065012254                     0.254235807948
 406                     0.550988112302                     0.256057273178
 407                    -0.408334707865                     0.261166355477
 408                     0.206718416690                     0.262987820706
 409                    -0.856945757746                     0.266898122567
 410                     0.924159952707                     0.268698525032
 411                    -0.137551278922                     0.269918368235
 412                    -0.752051668478                     0.271413505731
 413                     0.477501845634                     0.271739833465
 414                    -0.481820974533                     0.276848915764
 415                     0.133232150022                     0.278670380994
 416                     0.748333214782                     0.280718193987
 417                     0.850110804497                     0.284128860628
 418                    -0.211037545590                     0.285600928523
 419                     0.404015578966                     0.287422393752
 420                    -0.555307241201                     0.292531476052
 421                     0.059745883354                     0.294352941281
 422                     0.674799007909                     0.296174406510
 423                    -0.284523812258                     0.301283488810
 424                     0.330529312297                     0.303104954039
 425                    -0.628793507870                     0.308214036339
 426                    -0.013740383314                     0.310035501568
 427                     0.601312741241                     0.311856966798
 428                    -0.358010078926                     0.316966049097
 429                     0.257043045629                     0.318787514327
 430                    -0.806810881102                     0.322868366713
 431                    -0.906461189094                     0.323417111804
 432                    -0.087226649982                     0.325718061855
 433                    -0.701537532474                     0.327041701367
 434                     0.527826474573                     0.327539527085
 435                    -0.431496345594                     0.332648609385
 436                     0.183556778961                     0.334470074614
 437                     0.799215808737                     0.339408816241
 438                     0.900380834149                     0.339977747857
 439                    -0.160712916650                     0.341400622143
 440                     0.454340207905                     0.343222087372
 441                    -0.504982612262                     0.348331169672
 442                     0.110070512293                     0.350152634901
 443                     0.725171577053                     0.352200447894
 444                    -0.234199183319                     0.357083182430
 445                     0.380853941236                     0.358904647660
 446                    -0.578468878930                     0.364013729959
 447                     0.036584245625                     0.365835195189
 448                     0.651637370180                     0.367656660418
 449                    -0.307685449987                     0.372765742718
 450                     0.307367674569                     0.374587207947
 451                    -0.036902021043                     0.381517755476
 452                    -0.651212903534                     0.382841394987
 453                     0.578151103512                     0.383339220705
 454                    -0.381171716655                     0.388448303005
 455                     0.233881407900                     0.390269768234
 456                    -0.878467152732                     0.393148797673
 457                    -0.110388287711                     0.397200315763
 458                    -0.728340935545                     0.397239647702
 459                    -0.803478741666                     0.397935476241
 460                     0.504664836844                     0.399021780993
 461                    -0.454657983323                     0.404130863292
 462                     0.160395141232                     0.405952328521
 463                     0.871113354634                     0.409184602495
 464                    -0.183874554379                     0.412882876050
 465                     0.793459987463                     0.414329071229
 466                     0.431178570176                     0.414704341280
 467                    -0.528144249991                     0.419813423579
 468                     0.086908874564                     0.421634888809
 469                     0.702009939324                     0.423682701802
 470                    -0.257360821047                     0.428565436338
 471                     0.357692303508                     0.430386901567
 472                     0.013422607896                     0.437317449096
 473                     0.628475732451                     0.439138914325
 474                    -0.330847087716                     0.444247996625
 475                     0.284206036840                     0.446069461854
 476                    -0.612370028355                     0.447164059217
 477                    -0.060063658772                     0.453000009383
 478                     0.554989465783                     0.454821474613
 479                    -0.686469273217                     0.459633060654
 480                    -0.404333354384                     0.459930556912
 481                    -0.845118332439                     0.460484005930
 482                     0.210719770172                     0.461752022141
 483                    -0.762232799187                     0.464314709909
 484                    -0.133549925440                     0.468682569670
 485                     0.481503199115                     0.470504034900
 486                    -0.477819621052                     0.475613117200
 487                     0.836535916996                     0.475897231677
 488                     0.137233503503                     0.477434582429
 489                     0.753783361912                     0.478140821486
 490                    -0.207036192108                     0.484365129958
 491                     0.408016932447                     0.486186595187
 492                    -0.551506727179                     0.491230289554
 493                     0.063747236835                     0.493117142716
 494                     0.678628308579                     0.495093299263
 495                    -0.280522458776                     0.500047690245
 496                     0.334530665779                     0.501869155474
 497                    -0.009739029833                     0.508799703003
 498                     0.606034984748                     0.514493902890
 499                    -0.354008725444                     0.515730250532
 500                     0.261044399111                     0.517551715762
 501                    -0.639682681055                     0.518430925240
 502                    -0.083225296501                     0.524482263291
 503                    -0.806618009266                     0.525012288113
 504                     0.531827828054                     0.526303728520
 505                    -0.713996421555                     0.529550370316
 506                    -0.427494992112                     0.531412810820
 507                     0.187558132443                     0.533234276049
 508                     0.796859291444                     0.539708981934
 509                    -0.156711563169                     0.540164823578
 510                     0.458341561386                     0.541986288808
 511                    -0.501182098240                     0.547029983174
 512                     0.114071865775                     0.548916836336
 513                     0.723385577118                     0.555450245830
 514                    -0.230197829837                     0.555847383865
 515                     0.384855294718                     0.557668849095
 516                    -0.578112174380                     0.561503501130
 517                     0.040585599106                     0.564599396623
 518                    -0.303684096505                     0.571529944153
 519                     0.311369028050                     0.573351409382
 520                    -0.032900667562                     0.580281956911
 521                     0.582873347019                     0.585976156797
 522                    -0.763200865763                     0.586340305658
 523                    -0.377326636024                     0.587353514166
 524                     0.237882761382                     0.589033969669
 525                    -0.662936991090                     0.590015639988
 526                    -0.106386934230                     0.595964517198
 527                     0.508666190326                     0.597785982428
 528                     0.657200602526                     0.601307669626
 529                    -0.450857469301                     0.602829676794
 530                     0.164396494714                     0.604716529956
 531                    -0.179873200898                     0.611647077485
 532                     0.435179923657                     0.613468542715
 533                    -0.527787545441                     0.617303194750
 534                     0.090910228046                     0.620399090244
 535                    -0.253359467566                     0.627329637773
 536                     0.361693656989                     0.629151103002
 537                     0.727147863312                     0.630497026497
 538                    -0.601273812109                     0.632985755037
 539                     0.017423961378                     0.636081650531
 540                    -0.326845734234                     0.643012198060
 541                    -0.715131555449                     0.644094227533
 542                     0.288207390321                     0.644833663289
 543                    -0.056062305290                     0.651764210818
 544                     0.605940110601                     0.657489082229
 545                     0.214721123653                     0.660516223577
 546                    -0.403301806471                     0.661007275737
 547                    -0.129548571959                     0.667446771106
 548                     0.485504552597                     0.669268236335
 549                    -0.477462916501                     0.673102888370
 550                     0.141234856985                     0.676198783864
 551                    -0.203034838627                     0.683129331393
 552                     0.412018285929                     0.684950796622
 553                     0.675743557191                     0.685303699432
 554                    -0.653471017861                     0.687037820656
 555                     0.067748590317                     0.691881344151
 556                    -0.549029132715                     0.696056431187
 557                    -0.276521105295                     0.698811891680
 558                     0.338532019261                     0.700633356910
 559                    -0.005737676351                     0.707563904439
 560                     0.550059495213                     0.707723840215
 561                    -0.350397055172                     0.714367011269
 562                     0.265045752592                     0.716315917197
 563                    -0.079223943019                     0.723246464726
 564                     0.191559485924                     0.731998477484
 565                     0.620220188985                     0.735933035484
 566                    -0.152710209687                     0.738929025013
 567                     0.462342914868                     0.740750490243
 568                    -0.607495176723                     0.746471784999
 569                     0.118073219256                     0.747681037771
 570                    -0.486410862763                     0.747709244290
 571                    -0.226109105324                     0.755270057223
 572                     0.388859261586                     0.756445293757
 573                    -0.411912767645                     0.757517807378
 574                     0.044586952588                     0.763363598058
 575                    -0.300072426233                     0.770166704889
 576                     0.315370381531                     0.772115610817
 577                    -0.028899314080                     0.779046158346
 578                     0.560916206909                     0.782076418497
 579                     0.241884114863                     0.787798171104
 580                    -0.547407799405                     0.791590308614
 581                    -0.099900506725                     0.803643002227
 582                     0.491207059762                     0.810126532401
 583                    -0.174701839366                     0.810779858759
 584                     0.170671985730                     0.811777469474
 585                    -0.363679007882                     0.815134458661
 586                     0.095927243060                     0.819484448723
 587                    -0.478907214635                     0.822474673138
 588                     0.365667849217                     0.827939788647
 589                     0.022440976391                     0.835167009010
 590                     0.292181582548                     0.843622348935
 591                    -0.294780741566                     0.845121172129
 592                     0.434103831238                     0.858967042002
 593                    -0.418235456979                     0.866804255912
 594                     0.220969453415                     0.867601647304
 595                    -0.223249801737                     0.868132011601
 596                    -0.071874875802                     0.873361996034
 597                    -0.146676208443                     0.880498852565
 598                     0.147743775049                     0.884459111935
 599                     0.072888535597                     0.891006417686
 600                    -0.349337190663                     0.896790969380
 601                     0.342506211488                     0.899422042555
 602                    -0.003961371727                     0.905516778730
 603                    -0.277154268111                     0.921382111978
 604                     0.271294082354                     0.923401340924
 605                     0.197728164122                     0.940573540494
 606                    -0.203577713428                     0.940652236556
 607                    -0.129572444829                     0.953667393320
 608                     0.121223611839                     0.954764552900
 609                    -0.054777354501                     0.960869375605
 610                     0.046368372387                     0.961311858651
