   1                    -0.034305020409                    -0.963467774601
   2                     0.039843305692                    -0.963254638250
   3                    -0.105957794894                    -0.958237931216
   4                     0.119202751308                    -0.956575966317
   5                    -0.177022156988                    -0.947686732552
   6                     0.190154607948                    -0.945138185524
   7                    -0.253005529258                    -0.930287691676
   8                     0.270173833061                    -0.925447506371
   9                    -0.325046094924                    -0.907629893345
  10                     0.338340372370                    -0.902758428121
  11                     0.002592253934                    -0.901823127638
  12                     0.074419028596                    -0.900278525805
  13                    -0.130478339591                    -0.890708572853
  14                     0.144569639688                    -0.884774877313
  15                    -0.391733422536                    -0.880904031542
  16                    -0.201542701686                    -0.880157374189
  17                     0.216105868463                    -0.878138664097
  18                     0.404628015772                    -0.875056087329
  19                    -0.061735158373                    -0.869831638472
  20                    -0.270688243916                    -0.860654416904
  21                    -0.456245348144                    -0.849286270592
  22                     0.277217645461                    -0.840365365786
  23                     0.032992021734                    -0.836728385370
  24                     0.479240461188                    -0.836525891697
  25                    -0.337375571528                    -0.833928555101
  26                     0.348363922831                    -0.830381450244
  27                     0.103954689939                    -0.825513615007
  28                    -0.159164203202                    -0.822144149667
  29                     0.176112319775                    -0.818390690428
  30                    -0.523785749883                    -0.809379685524
  31                     0.415185339922                    -0.803992634979
  32                    -0.089736747693                    -0.803669849283
  33                    -0.280330345796                    -0.789461009734
  34                    -0.019657658226                    -0.787846051616
  35                    -0.387740750997                    -0.782695557432
  36                     0.237660491968                    -0.780392847407
  37                     0.522678154959                    -0.779301437894
  38                    -0.459396892230                    -0.777512047343
  39                    -0.210637385032                    -0.771997119388
  40                     0.308295447113                    -0.767042764983
  41                     0.049000524582                    -0.766691258147
  42                    -0.585128347240                    -0.766206110897
  43                     0.592105610468                    -0.760827137510
  44                     0.119963192787                    -0.755476487784
  45                    -0.141475212476                    -0.752512468945
  46                     0.376515402986                    -0.743444246639
  47                     0.448359505556                    -0.738609336213
  48                    -0.331043287001                    -0.738572219735
  49                    -0.519189505280                    -0.737683479985
  50                    -0.072047756967                    -0.734038168561
  51                     0.186947550764                    -0.729504057408
  52                    -0.261615609190                    -0.720097979330
  53                    -0.002384376364                    -0.716466733021
  54                    -0.645714714373                    -0.715890700290
  55                     0.256375006273                    -0.711029757024
  56                     0.652067554484                    -0.710109070150
  57                     0.513806062309                    -0.708007978691
  58                    -0.451299049288                    -0.706126500536
  59                    -0.192188153681                    -0.701623678946
  60                     0.066807154051                    -0.697089567793
  61                    -0.577030504298                    -0.694820564091
  62                     0.325802461782                    -0.692555456640
  63                     0.583233517819                    -0.689533678307
  64                    -0.381840897397                    -0.687767946970
  65                    -0.122760698172                    -0.683149378562
  66                     0.136234609560                    -0.678615267409
  67                     0.395229917291                    -0.674081156256
  68                    -0.312328550394                    -0.669209189331
  69                    -0.511091662338                    -0.666297933179
  70                    -0.053333242662                    -0.664675078178
  71                    -0.699795536232                    -0.661810207359
  72                     0.205662065069                    -0.660140967025
  73                     0.703137777671                    -0.659578844970
  74                     0.464657372801                    -0.655606855872
  75                    -0.242901094885                    -0.650734888947
  76                     0.016094212847                    -0.646200777794
  77                    -0.629619882545                    -0.645873361426
  78                     0.275089520578                    -0.641666666641
  79                     0.534084828309                    -0.637132555488
  80                    -0.432468947107                    -0.636794699716
  81                    -0.173473639376                    -0.632260588563
  82                     0.085521668356                    -0.627726477410
  83                     0.344516976087                    -0.623192366257
  84                     0.610476752013                    -0.621695987460
  85                    -0.363041491598                    -0.618320399332
  86                    -0.563681040585                    -0.617350730514
  87                    -0.104046183867                    -0.613786288179
  88                     0.154949123865                    -0.609252177026
  89                    -0.748763968321                    -0.607288652013
  90                     0.413944431596                    -0.604718065873
  91                     0.751081664859                    -0.604419820846
  92                    -0.293614036089                    -0.599846098948
  93                    -0.492261560158                    -0.596966132358
  94                    -0.034618728358                    -0.595311987795
  95                    -0.678340798831                    -0.593074273655
  96                     0.680424118856                    -0.591420492170
  97                     0.224376579374                    -0.590777876642
  98                     0.483371887106                    -0.586243765489
  99                    -0.224186580580                    -0.581371798564
 100                     0.034808727151                    -0.576837687411
 101                     0.293804034883                    -0.572303576258
 102                     0.552799342615                    -0.567769465105
 103                    -0.413754432802                    -0.567431609333
 104                    -0.612401956871                    -0.564551642743
 105                    -0.154759125071                    -0.562897498180
 106                     0.104236182661                    -0.558363387027
 107                     0.363231490392                    -0.553829275874
 108                    -0.791908815599                    -0.549843082066
 109                     0.622226798124                    -0.549295164721
 110                    -0.344326977293                    -0.548957308949
 111                    -0.542974501362                    -0.546077342359
 112                    -0.085331669562                    -0.544423197796
 113                     0.173663638170                    -0.539889086643
 114                     0.432658945901                    -0.535354975490
 115                     0.769796179164                    -0.535056730463
 116                    -0.719977158830                    -0.534519680875
 117                    -0.274899521784                    -0.530483008565
 118                    -0.473547045853                    -0.527603041975
 119                    -0.015904214053                    -0.525948897412
 120                     0.699138633162                    -0.522057401787
 121                     0.243091093679                    -0.521414786259
 122                     0.502086401410                    -0.516880675106
 123                    -0.205472066275                    -0.512008708181
 124                     0.053523241456                    -0.507474597028
 125                    -0.653220411734                    -0.505430368267
 126                     0.312518549188                    -0.502940485875
 127                     0.571513856919                    -0.498406374722
 128                    -0.395039918498                    -0.498068518950
 129                    -0.136044610766                    -0.493534407797
 130                     0.828288115462                    -0.493341448596
 131                     0.122950696966                    -0.489000296644
 132                    -0.583792956225                    -0.486956067882
 133                     0.381946004697                    -0.484466185491
 134                    -0.770639565269                    -0.481220269944
 135                     0.640941312429                    -0.479932074338
 136                    -0.325612462989                    -0.479594218566
 137                    -0.066617155257                    -0.475060107413
 138                     0.192378152474                    -0.470525996260
 139                    -0.841634422229                    -0.470211108375
 140                    -0.514365500715                    -0.468481767498
 141                     0.451373460206                    -0.465991885107
 142                    -0.256185007480                    -0.461119918182
 143                     0.002810300252                    -0.456585807029
 144                    -0.703933352938                    -0.454541578267
 145                     0.717853147466                    -0.452694311404
 146                     0.261805607984                    -0.452051695876
 147                     0.520800915715                    -0.447517584723
 148                    -0.445752859702                    -0.447179728951
 149                    -0.186757551970                    -0.442645617798
 150                     0.072237755761                    -0.438111506645
 151                    -0.634505897429                    -0.436067277883
 152                     0.787309973924                    -0.434330743896
 153                     0.331233063493                    -0.433577395492
 154                     0.590228371225                    -0.429043284339
 155                    -0.376325404193                    -0.428705428567
 156                     0.860509249678                    -0.427730988612
 157                    -0.117330096461                    -0.424171317414
 158                     0.141665211270                    -0.419637206261
 159                    -0.565078441920                    -0.417592977499
 160                     0.400660519002                    -0.415103095108
 161                    -0.796602780156                    -0.414232339494
 162                     0.659655826734                    -0.410568983955
 163                    -0.306897948684                    -0.410231128183
 164                    -0.874313439182                    -0.406230226823
 165                    -0.047902640952                    -0.405697017030
 166                     0.211092666779                    -0.401162905877
 167                     0.470087974511                    -0.396628794724
 168                    -0.496465800906                    -0.396290938952
 169                    -0.237470493175                    -0.391756827799
 170                     0.021524814557                    -0.387222716646
 171                    -0.685218838633                    -0.385178487884
 172                     0.736567661771                    -0.383331221021
 173                     0.280520122289                    -0.382688605493
 174                     0.539515430020                    -0.378154494340
 175                    -0.427038345397                    -0.377816638568
 176                    -0.168043037666                    -0.373282527415
 177                     0.090952270066                    -0.368748416262
 178                    -0.615791383124                    -0.366704187500
 179                     0.806024488229                    -0.364967653513
 180                     0.349947577798                    -0.364214305109
 181                     0.893086964768                    -0.362489730185
 182                     0.608942885529                    -0.359680193956
 183                    -0.357610889888                    -0.359342338184
 184                    -0.751763504253                    -0.358099366211
 185                    -0.098615582156                    -0.354808227031
 186                     0.160379725575                    -0.350274115878
 187                    -0.829281797109                    -0.350251457943
 188                     0.419375033307                    -0.345740004725
 189                    -0.547178742111                    -0.345402148953
 190                     0.678370341038                    -0.341205893572
 191                    -0.288183434379                    -0.340868037800
 192                    -0.901812701491                    -0.339525275527
 193                    -0.029188126647                    -0.336333926647
 194                     0.229807181084                    -0.331799815494
 195                     0.488802488816                    -0.327265704341
 196                    -0.477751286601                    -0.326927848569
 197                    -0.218755978870                    -0.322393737416
 198                     0.040239328862                    -0.317859626263
 199                    -0.666504324328                    -0.315815397501
 200                     0.755282176076                    -0.313968130638
 201                     0.299234636594                    -0.313325515110
 202                     0.558229944325                    -0.308791403957
 203                    -0.408323831092                    -0.308453548185
 204                     0.846965727664                    -0.305931340395
 205                    -0.149328523361                    -0.303919437032
 206                     0.109666784371                    -0.299385325879
 207                     0.368662092103                    -0.294851214726
 208                     0.917927783192                    -0.294712693931
 209                    -0.597891683315                    -0.294513358953
 210                    -0.784146174936                    -0.293967985494
 211                     0.627657399834                    -0.290317103573
 212                    -0.338896375583                    -0.289979247801
 213                    -0.079901067851                    -0.285445136648
 214                    -0.855184053898                    -0.283239933214
 215                     0.179094239880                    -0.280911025495
 216                     0.438089547612                    -0.276376914342
 217                    -0.528464227806                    -0.276039058569
 218                     0.697084855344                    -0.271842803189
 219                    -0.269468920074                    -0.271504947417
 220                    -0.925678261167                    -0.269382152199
 221                    -0.010473612342                    -0.266970836264
 222                    -0.717217265532                    -0.264926607503
 223                     0.248521695389                    -0.262436725111
 224                     0.507517003121                    -0.257902613958
 225                    -0.459036772296                    -0.257564758186
 226                     0.796306237431                    -0.254989340017
 227                    -0.200041464565                    -0.253030647033
 228                     0.058953843167                    -0.248496535880
 229                     0.317949150898                    -0.243962424727
 230                    -0.648604624519                    -0.243624568954
 231                     0.576944458630                    -0.239428313574
 232                    -0.389609316787                    -0.239090457802
 233                     0.866363797144                    -0.236756299711
 234                    -0.130614009056                    -0.234556346649
 235                     0.128381298676                    -0.230022235496
 236                     0.937325852672                    -0.225537653248
 237                     0.387376606408                    -0.225488124343
 238                    -0.579177169010                    -0.225150268571
 239                    -0.775318607335                    -0.222668999502
 240                     0.646371914139                    -0.220954013190
 241                    -0.320181861278                    -0.220616157418
 242                    -0.061186553546                    -0.216082046265
 243                    -0.872218343804                    -0.212851773484
 244                     0.197808754185                    -0.211547935112
 245                     0.456804061917                    -0.207013823959
 246                    -0.509749713501                    -0.206675968187
 247                     0.715799369648                    -0.202479712806
 248                    -0.250754405769                    -0.202141857034
 249                    -0.943168482235                    -0.199700278514
 250                     0.008240901963                    -0.197607745881
 251                    -0.701494645605                    -0.194823083960
 252                     0.267236209694                    -0.193073634728
 253                     0.526231517426                    -0.188539523575
 254                    -0.440322257992                    -0.188201667803
 255                     0.785226825157                    -0.184005412422
 256                    -0.181326950260                    -0.183667556650
 257                     0.077668357472                    -0.179133445497
 258                     0.336663665203                    -0.174599334344
 259                    -0.629890110214                    -0.174261478571
 260                     0.595658972935                    -0.170065223191
 261                    -0.370894802482                    -0.169727367419
 262                     0.854740793940                    -0.165859352318
 263                    -0.111899494751                    -0.165193256266
 264                    -0.818065726476                    -0.164926855810
 265                     0.147095812981                    -0.160659145113
 266                     0.406091120712                    -0.156125033960
 267                    -0.560462654705                    -0.155787178188
 268                     0.943044602258                    -0.153922241105
 269                     0.665086428444                    -0.151590922807
 270                    -0.301467346973                    -0.151253067035
 271                    -0.042472039242                    -0.146718955882
 272                     0.216523268490                    -0.142184844729
 273                    -0.750030506927                    -0.141846988956
 274                     0.475518576222                    -0.137650733576
 275                    -0.491035199196                    -0.137312877803
 276                    -0.883958617652                    -0.136298229479
 277                     0.734513883953                    -0.133116622423
 278                    -0.232039891464                    -0.132778766651
 279                    -0.955421032763                    -0.128909414989
 280                     0.026955416267                    -0.128244655498
 281                     0.285950723999                    -0.123710544345
 282                    -0.680603051417                    -0.123372688572
 283                     0.544946031731                    -0.119176433192
 284                    -0.421607743687                    -0.118838577419
 285                     0.804269391914                    -0.114730993265
 286                    -0.162612435955                    -0.114304466267
 287                     0.096382871777                    -0.109770355114
 288                     0.355378179508                    -0.105236243961
 289                    -0.611175595909                    -0.104898388188
 290                     0.891342490050                    -0.104038747379
 291                     0.614373487240                    -0.100702132808
 292                    -0.352180288178                    -0.100364277035
 293                    -0.093184980446                    -0.095830165883
 294                    -0.803556074794                    -0.092138005717
 295                     0.165810327286                    -0.091296054730
 296                     0.424805635017                    -0.086761943577
 297                    -0.541748140399                    -0.086424087804
 298                     0.960393918950                    -0.084205151640
 299                     0.683800942749                    -0.082227832424
 300                    -0.282752832668                    -0.081889976652
 301                    -0.023757524937                    -0.077355865499
 302                     0.235237782795                    -0.072821754346
 303                    -0.731315992622                    -0.072483898573
 304                    -0.913290924155                    -0.070715555332
 305                     0.494233090526                    -0.068287643193
 306                    -0.472320684890                    -0.067949787420
 307                     0.753228398258                    -0.063753532040
 308                    -0.213325377159                    -0.063415676267
 309                     0.045669930572                    -0.058881565115
 310                     0.304665238304                    -0.054347453962
 311                    -0.661888537113                    -0.054009598189
 312                     0.563660546036                    -0.049813342809
 313                    -0.402893229381                    -0.049475487036
 314                     0.822655853767                    -0.045279231656
 315                    -0.143897921650                    -0.044941375884
 316                     0.115097386082                    -0.040407264731
 317                     0.374092693813                    -0.035873153578
 318                    -0.592461081604                    -0.035535297805
 319                     0.893302743611                    -0.032222114493
 320                     0.633088001545                    -0.031339042425
 321                    -0.853203024505                    -0.031333888673
 322                    -0.333465773872                    -0.031001186652
 323                    -0.074470466141                    -0.026467075500
 324                     0.184524841591                    -0.021932964347
 325                    -0.782023516588                    -0.021589710630
 326                    -0.963877000138                    -0.019700652903
 327                     0.443520149322                    -0.017398853194
 328                    -0.523033626094                    -0.017060997421
 329                     0.702515457054                    -0.012864742041
 330                    -0.264038318363                    -0.012526886268
 331                     0.963997888618                    -0.012452223088
 332                    -0.005043010632                    -0.007992775116
 333                     0.253952297100                    -0.003458663963
 334                    -0.712596061079                    -0.003115410246
 335                     0.512947604831                     0.001075447190
 336                    -0.453606170585                     0.001413302963
 337                     0.771942912563                     0.005609558343
 338                    -0.194610862854                     0.005947414116
 339                     0.064384444877                     0.010481525269
 340                     0.323379752609                     0.015015636421
 341                    -0.643168605570                     0.015358890138
 342                     0.582375060341                     0.019549747574
 343                    -0.384178715076                     0.019887603347
 344                    -0.904054248916                     0.020082632399
 345                     0.841370368072                     0.024083858727
 346                    -0.125183407345                     0.024421714500
 347                     0.133811900386                     0.028955825652
 348                     0.392807208118                     0.033489936805
 349                    -0.573741150061                     0.033833190522
 350                     0.912017257915                     0.037140975890
 351                     0.651802515850                     0.038024047958
 352                    -0.834488510200                     0.038029201710
 353                    -0.314751259567                     0.038361903731
 354                    -0.055755951836                     0.042896014884
 355                     0.203239355896                     0.047430126036
 356                     0.462234663627                     0.051964237189
 357                    -0.504313694551                     0.052307490906
 358                     0.721229971359                     0.056498348342
 359                    -0.765061054691                     0.056503502094
 360                    -0.245323804058                     0.056836204115
 361                     0.013671503673                     0.061370315268
 362                    -0.962051371423                     0.062483164638
 363                     0.272666811405                     0.065904426420
 364                    -0.693881546774                     0.066247680137
 365                     0.531662119136                     0.070438537573
 366                    -0.434886239042                     0.070781791290
 367                     0.790657426868                     0.074972648726
 368                    -0.175896348549                     0.075310504499
 369                     0.083098959182                     0.079844615652
 370                     0.342094266914                     0.084378726804
 371                    -0.624454091265                     0.084721980521
 372                     0.601089574645                     0.088912837957
 373                    -0.365458783533                     0.089256091674
 374                    -0.885339734612                     0.089445722782
 375                     0.959793182824                     0.090796659207
 376                     0.862622911049                     0.093251917225
 377                    -0.106468893040                     0.093784804883
 378                     0.152526414691                     0.098318916035
 379                     0.411521722423                     0.102853027188
 380                    -0.555026635756                     0.103196280905
 381                     0.670517030154                     0.107387138341
 382                    -0.815773995896                     0.107392292093
 383                    -0.296031328024                     0.107730392058
 384                    -0.037041437531                     0.112259105267
 385                     0.221953870201                     0.116793216419
 386                     0.480949177932                     0.121327327572
 387                    -0.485599180246                     0.121670581289
 388                     0.739944485664                     0.125861438725
 389                    -0.746346540387                     0.125866592477
 390                    -0.226603872515                     0.126204692442
 391                     0.032386017978                     0.130733405651
 392                    -0.954727075949                     0.133952221221
 393                     0.291381325710                     0.135267516803
 394                    -0.675167032469                     0.135610770520
 395                     0.550376633441                     0.139801627956
 396                    -0.416171724738                     0.140144881673
 397                     0.809371941172                     0.144335739109
 398                    -0.157176417006                     0.144678992826
 399                     0.101813473488                     0.149207706035
 400                     0.360808781219                     0.153741817187
 401                    -0.605739576960                     0.154085070904
 402                     0.619804088950                     0.158275928340
 403                    -0.346744269228                     0.158619182057
 404                    -0.888263427322                     0.161229588477
 405                     0.950366693252                     0.162018935550
 406                    -0.087748961497                     0.163153293210
 407                     0.878544033826                     0.163744318424
 408                     0.171240928997                     0.167682006419
 409                     0.430236236728                     0.172216117571
 410                    -0.536312121451                     0.172559371288
 411                     0.689231544459                     0.176750228724
 412                    -0.277316813719                     0.177093482441
 413                    -0.818697688606                     0.179176157788
 414                    -0.018321505988                     0.181627593594
 415                     0.240668384506                     0.186156306803
 416                     0.499663692237                     0.190690417955
 417                    -0.466884665942                     0.191033671672
 418                     0.758658999968                     0.195224529108
 419                    -0.207889358210                     0.195567782825
 420                    -0.749270233097                     0.197650458172
 421                     0.051105949521                     0.200101893978
 422                     0.310095840015                     0.204630607187
 423                    -0.656452518164                     0.204973860903
 424                     0.569091147746                     0.209164718339
 425                    -0.397457210433                     0.209507972056
 426                    -0.940900857816                     0.210125112445
 427                    -0.138461902701                     0.214042083209
 428                     0.827831092622                     0.214633108424
 429                     0.120533405030                     0.218576194362
 430                     0.379523295524                     0.223104907571
 431                    -0.587025062655                     0.223448161287
 432                     0.915949588939                     0.225081874618
 433                     0.638518603255                     0.227639018723
 434                    -0.328029754923                     0.227982272440
 435                    -0.872237376681                     0.231262702459
 436                    -0.069034447192                     0.232516383593
 437                     0.189960860540                     0.237050494746
 438                     0.448950751033                     0.241579207955
 439                    -0.517597607146                     0.241922461671
 440                     0.707946058764                     0.246113319107
 441                    -0.258602299414                     0.246456572824
 442                    -0.800632651771                     0.248711226619
 443                     0.000393008317                     0.250990683977
 444                     0.259388316049                     0.255524795130
 445                    -0.707165459369                     0.255862650902
 446                     0.518378206542                     0.260053508339
 447                    -0.448170151637                     0.260396762055
 448                    -0.189174843905                     0.264930873208
 449                     0.777118151418                     0.265521898422
 450                     0.069820463826                     0.269464984361
 451                     0.328815771558                     0.273999095514
 452                    -0.637738003859                     0.274336951286
 453                     0.587805662051                     0.278527808723
 454                    -0.378742696128                     0.278871062439
 455                    -0.119747388396                     0.283405173592
 456                    -0.921406789114                     0.283645013411
 457                     0.846545606926                     0.283996198807
 458                     0.139247919335                     0.287939284745
 459                     0.398243227067                     0.292473395898
 460                    -0.568310548350                     0.292811251670
 461                     0.917218093259                     0.296914055776
 462                     0.657233117560                     0.297002109107
 463                    -0.309315240619                     0.297345362823
 464                    -0.851036123106                     0.299906552875
 465                    -0.050319932887                     0.301879473976
 466                     0.208675374845                     0.306413585129
 467                    -0.758052926831                     0.306576919194
 468                     0.467670682576                     0.310947696282
 469                    -0.498883092841                     0.311285552054
 470                    -0.239887785109                     0.315819663207
 471                     0.726405210214                     0.316410688422
 472                     0.019107522622                     0.320353774360
 473                     0.278102830354                     0.324887885513
 474                    -0.688450945064                     0.325225741285
 475                     0.537098138085                     0.329421996666
 476                    -0.429455637332                     0.329759852438
 477                    -0.170460329600                     0.334293963591
 478                     0.795832665723                     0.334884988807
 479                     0.088534978131                     0.338828074744
 480                     0.347530285863                     0.343362185897
 481                    -0.619023489554                     0.343700041669
 482                     0.606525593594                     0.347896297050
 483                    -0.360028181823                     0.348234152822
 484                    -0.101032874091                     0.352768263975
 485                    -0.895949123059                     0.355980555661
 486                     0.157962433640                     0.357302375128
 487                    -0.808937495179                     0.358123190359
 488                     0.416957741372                     0.361836486281
 489                    -0.549596034045                     0.362174342053
 490                     0.892560560065                     0.364393514947
 491                    -0.290600726314                     0.366708453206
 492                     0.675697686248                     0.367304876365
 493                    -0.031605418582                     0.371242564359
 494                     0.227389889149                     0.375776675512
 495                    -0.739338412527                     0.375940009577
 496                     0.486385196881                     0.380310786665
 497                    -0.480168578536                     0.380648642437
 498                    -0.221173270804                     0.385182753590
 499                     0.037822036927                     0.389716864743
 500                     0.296817344659                     0.394250975896
 501                    -0.669736430759                     0.394588831668
 502                     0.756642136488                     0.395097726425
 503                     0.829304634447                     0.398454625135
 504                     0.555812652390                     0.398785087049
 505                    -0.410741123027                     0.399122942821
 506                    -0.151745815295                     0.403657053974
 507                     0.107249492436                     0.408191165127
 508                     0.366244800168                     0.412725276280
 509                    -0.600308975250                     0.413063132052
 510                    -0.341313667518                     0.417597243205
 511                     0.624984745044                     0.418193666364
 512                    -0.866952050742                     0.421712139775
 513                    -0.082318359786                     0.422131354358
 514                     0.176676947945                     0.426665465511
 515                    -0.790222980874                     0.427486280742
 516                    -0.530881519740                     0.431537432436
 517                     0.697428976548                     0.435782773347
 518                    -0.271886212009                     0.436071543589
 519                    -0.012890904277                     0.440605654742
 520                     0.246104403454                     0.445139765895
 521                    -0.720623898222                     0.445303099960
 522                     0.457870645861                     0.446253123091
 523                    -0.461454064231                     0.450011732820
 524                    -0.202458756500                     0.454545843973
 525                     0.056536551232                     0.459079955126
 526                     0.315531858964                     0.463614066279
 527                    -0.651021916454                     0.463951922051
 528                     0.527298101370                     0.464727423475
 529                     0.770484341730                     0.465594993798
 530                    -0.392026608722                     0.468486033204
 531                     0.842241009823                     0.469123724077
 532                    -0.133031300990                     0.473020144357
 533                     0.125964006741                     0.477554255510
 534                     0.393933918521                     0.479018443937
 535                    -0.581594460944                     0.482426222435
 536                     0.596470194024                     0.484136002790
 537                    -0.833140558413                     0.485101841932
 538                    -0.322599153213                     0.486960333588
 539                    -0.063603845481                     0.491494444741
 540                     0.195391462250                     0.496028555894
 541                     0.666405720729                     0.500582688096
 542                    -0.512167005435                     0.500900522819
 543                    -0.253171697704                     0.505434633972
 544                     0.005823610028                     0.509968745125
 545                     0.264818917759                     0.514502856278
 546                    -0.701909383917                     0.514666190343
 547                     0.477317004823                     0.516335187824
 548                    -0.442739549926                     0.519374823203
 549                    -0.183744242195                     0.523908934356
 550                    -0.773074284340                     0.524516484797
 551                     0.733210792062                     0.527012856415
 552                     0.075251065537                     0.528443045509
 553                     0.343220977317                     0.529907233936
 554                     0.804967460155                     0.530541586693
 555                    -0.632307402149                     0.533315012434
 556                    -0.373312094417                     0.537849123587
 557                     0.551648704268                     0.540283179114
 558                    -0.114316786686                     0.542383234740
 559                     0.144678521046                     0.546917345893
 560                     0.412972937583                     0.548293165923
 561                    -0.562879946640                     0.551789312818
 562                    -0.303884638908                     0.556323423971
 563                     0.621584230973                     0.556729864421
 564                    -0.044889331176                     0.560857535124
 565                     0.214105976555                     0.565391646277
 566                    -0.493452491130                     0.570263613202
 567                    -0.234457183399                     0.574797724355
 568                     0.024538124333                     0.579331835508
 569                     0.292508036112                     0.580796023935
 570                     0.688389302306                     0.583160032739
 571                    -0.683194869611                     0.584029280725
 572                     0.495989761615                     0.585709531113
 573                    -0.424025035621                     0.588737913586
 574                    -0.165029727890                     0.593272024739
 575                     0.759424928232                     0.593902993341
 576                    -0.758647030883                     0.594896352024
 577                     0.093965579842                     0.597806135892
 578                     0.362259996379                     0.599181955922
 579                    -0.354597580112                     0.607212213970
 580                     0.572638900062                     0.609320984728
 581                    -0.095602272381                     0.611746325123
 582                    -0.617301649626                     0.612657150242
 583                     0.163393035351                     0.616280436276
 584                     0.431670924245                     0.617718256682
 585                    -0.546020354436                     0.621626448383
 586                    -0.285170124603                     0.625686514354
 587                    -0.026174816871                     0.630220625507
 588                     0.241795094908                     0.631684813934
 589                     0.639443971395                     0.635751153046
 590                    -0.476592898926                     0.640100748767
 591                    -0.215742669094                     0.644160814738
 592                     0.043252638638                     0.648694925891
 593                    -0.712239488765                     0.649739869304
 594                     0.311547055175                     0.650070745921
 595                     0.709243485944                     0.652793259357
 596                     0.516765542833                     0.654483350754
 597                    -0.405310521316                     0.658101003969
 598                    -0.146315213585                     0.662635115122
 599                     0.112680094147                     0.667169226275
 600                     0.380957983041                     0.668607046681
 601                    -0.335883065807                     0.676575304353
 602                    -0.589428642075                     0.678873211762
 603                    -0.076887758076                     0.681109415506
 604                     0.191082153704                     0.682573603933
 605                     0.585091518642                     0.682732875373
 606                     0.451644763530                     0.686887949891
 607                    -0.266455610298                     0.695049604737
 608                    -0.007460302566                     0.699583715890
 609                     0.260834113971                     0.700959535920
 610                    -0.661876687477                     0.700975204763
 611                     0.657194006678                     0.705367297729
 612                    -0.456064538982                     0.708948826380
 613                    -0.192295859554                     0.717837031297
 614                     0.061967152943                     0.718058016274
 615                     0.330245041837                     0.719495836680
 616                    -0.529048198752                     0.720637847662
 617                     0.527391323141                     0.725536599420
 618                    -0.386596007012                     0.727464094352
 619                     0.140369212500                     0.733462393932
 620                     0.399672497346                     0.737970137064
 621                    -0.607838305324                     0.748317834680
 622                    -0.058173243771                     0.750472505889
 623                    -0.318573134778                     0.751005066683
 624                     0.210121172767                     0.751848325919
 625                     0.602841553925                     0.752349020057
 626                    -0.129951163199                     0.753538714584
 627                     0.466663809735                     0.763924624490
 628                    -0.247137345009                     0.764246974480
 629                     0.011254211738                     0.768946806273
 630                     0.279532100633                     0.770384626679
 631                    -0.480135762353                     0.776639649677
 632                     0.089656271296                     0.784351183931
 633                     0.348959556142                     0.788858927063
 634                    -0.550424432106                     0.791504852581
 635                    -0.410714714418                     0.795138013303
 636                     0.545141358424                     0.795152744104
 637                     0.159408231562                     0.802737115918
 638                    -0.184133521300                     0.803538002173
 639                     0.413966744279                     0.819445473840
 640                    -0.343139659149                     0.819532341712
 641                    -0.039458729466                     0.819835596272
 642                     0.228819159429                     0.821273416679
 643                    -0.111236648894                     0.822901804967
 644                    -0.272306391035                     0.831537319072
 645                     0.484413845018                     0.833540769173
 646                     0.038943330091                     0.835239973930
 647                     0.299389114675                     0.840861260529
 648                    -0.462016474979                     0.846160601758
 649                     0.108695290358                     0.853625905917
 650                     0.177501789473                     0.874704124999
 651                    -0.214969794298                     0.874826879335
 652                    -0.397721289012                     0.878216808872
 653                    -0.072348892973                     0.883708192099
 654                     0.383511754627                     0.884514398516
 655                    -0.144126812400                     0.886774400794
 656                    -0.326767126034                     0.889485265258
 657                     0.247572664511                     0.890625975393
 658                    -0.001354077228                     0.894717619449
 659                     0.316578396877                     0.910617980138
 660                     0.069490024174                     0.913829049162
 661                    -0.265392506488                     0.926829976112
 662                     0.198783609875                     0.943362106280
 663                    -0.195635944080                     0.944019896243
 664                    -0.053015042755                     0.952901209007
 665                     0.127980872706                     0.955545856221
 666                    -0.124792962183                     0.955967417703
 667                     0.017979772989                     0.963910636357
