   1                    -0.025781992512                    -0.962122678813
   2                     0.049276294255                    -0.961205808892
   3                    -0.100683457663                    -0.957187338809
   4                     0.124034852905                    -0.954442306003
   5                    -0.174972505352                    -0.946429808594
   6                     0.198038956834                    -0.941873309846
   7                    -0.248197264821                    -0.929915521948
   8                     0.270838468486                    -0.923575272629
   9                    -0.319912338958                    -0.907744928714
  10                     0.337035539120                    -0.888184102794
  11                    -0.036478090030                    -0.887824761207
  12                     0.041051463429                    -0.886591261818
  13                    -0.117186732986                    -0.883960096840
  14                    -0.389681513464                    -0.880052883802
  15                     0.122268088784                    -0.879399214334
  16                    -0.191475780675                    -0.873202566625
  17                     0.410046869659                    -0.870750437787
  18                     0.200487840004                    -0.866849380103
  19                     0.273287351656                    -0.848551342887
  20                    -0.460383130665                    -0.845164374491
  21                     0.476658873563                    -0.836146565189
  22                    -0.323957082633                    -0.832790094905
  23                    -0.249267833070                    -0.825299897151
  24                     0.001257001600                    -0.822935240308
  25                    -0.073806517753                    -0.822700452791
  26                     0.076266665822                    -0.820082638672
  27                    -0.148095565441                    -0.811942922576
  28                     0.151276916944                    -0.810167177302
  29                    -0.524874890084                    -0.806753438160
  30                    -0.393726257140                    -0.805098049993
  31                     0.328151553872                    -0.797321406541
  32                     0.540371550954                    -0.796456745306
  33                     0.403203793170                    -0.795999120963
  34                     0.224076428597                    -0.791869140085
  35                    -0.459761535387                    -0.769405906745
  36                    -0.586150271073                    -0.763395454496
  37                     0.469815797073                    -0.761395248365
  38                     0.036291408228                    -0.756548664745
  39                    -0.038772111125                    -0.756313877228
  40                    -0.337836654302                    -0.754988775828
  41                     0.600797362936                    -0.751922395539
  42                    -0.262855009267                    -0.751475946391
  43                    -0.187859343922                    -0.748276377329
  44                     0.110743894896                    -0.746987582603
  45                    -0.112892919226                    -0.744452474730
  46                     0.183543406548                    -0.728689545386
  47                     0.258525051582                    -0.725176715949
  48                     0.333539438629                    -0.722451133665
  49                     0.532682748902                    -0.720378990241
  50                    -0.526182791158                    -0.718245831957
  51                     0.408478548387                    -0.718124831377
  52                    -0.643860332889                    -0.715394039642
  53                     0.657568763305                    -0.702814400642
  54                    -0.454975535832                    -0.694494750893
  55                    -0.379936564314                    -0.691484496949
  56                    -0.005376665177                    -0.689087905664
  57                    -0.304583408499                    -0.687692351655
  58                     0.069531110476                    -0.684249289168
  59                    -0.229601763465                    -0.684179522219
  60                    -0.154575471537                    -0.680988745320
  61                    -0.079498659796                    -0.677225913760
  62                     0.589559209699                    -0.671045112311
  63                     0.142291160186                    -0.665405426378
  64                     0.217259736143                    -0.661623934367
  65                     0.292241381177                    -0.658111104930
  66                     0.367257591777                    -0.655386439443
  67                    -0.566737457555                    -0.655080128476
  68                     0.443683329906                    -0.651828448211
  69                     0.710340434194                    -0.649431465031
  70                     0.518568654124                    -0.646653964697
  71                    -0.715335916924                    -0.643924907255
  72                    -0.640354271889                    -0.640412077818
  73                    -0.495530202229                    -0.631329047413
  74                    -0.420098075583                    -0.628025586393
  75                    -0.345116430549                    -0.624512756956
  76                    -0.270134785514                    -0.620999927519
  77                     0.029132533202                    -0.620983642747
  78                    -0.195153140479                    -0.617487098083
  79                    -0.120164290403                    -0.614131591114
  80                    -0.045190188854                    -0.610461283270
  81                     0.632580067694                    -0.609532570175
  82                     0.101745069059                    -0.601957169105
  83                     0.176726714093                    -0.598444339668
  84                     0.251708359128                    -0.594931510230
  85                     0.326690004163                    -0.591418680794
  86                     0.401704390281                    -0.588693072939
  87                     0.561589512119                    -0.585141422561
  88                    -0.764210375429                    -0.584921292967
  89                     0.476644757841                    -0.584388613311
  90                     0.699322335525                    -0.575180616117
  91                    -0.689430232268                    -0.573472919595
  92                     0.774303751056                    -0.571662891330
  93                    -0.614448587233                    -0.569960090158
  94                    -0.538574076783                    -0.568806531800
  95                    -0.463668004625                    -0.563362971856
  96                    -0.388686359590                    -0.559850142418
  97                    -0.313704714555                    -0.556337312982
  98                    -0.238723069521                    -0.552824483545
  99                    -0.163741424486                    -0.549311654108
 100                    -0.088752235966                    -0.545956303078
 101                    -0.013778134417                    -0.542285995234
 102                     0.061203960838                    -0.538782762839
 103                     0.136185155653                    -0.535260336360
 104                     0.211166800688                    -0.531747506923
 105                     0.286148445722                    -0.528234677486
 106                     0.361130090757                    -0.524721848049
 107                     0.436111735792                    -0.521209018612
 108                    -0.811068041865                    -0.518182778264
 109                     0.511093380827                    -0.517696189175
 110                    -0.736086396830                    -0.514669948827
 111                     0.586075025862                    -0.514183359738
 112                     0.662027425486                    -0.510037107246
 113                     0.816499532871                    -0.509581468507
 114                    -0.654981609282                    -0.506780495459
 115                     0.737080296135                    -0.506478526131
 116                    -0.579182671709                    -0.503696206593
 117                    -0.504201026674                    -0.500183377157
 118                    -0.429219381639                    -0.496670547719
 119                    -0.354237736605                    -0.493157718282
 120                    -0.279256091570                    -0.489644888846
 121                    -0.204274446535                    -0.486132059408
 122                    -0.129292801500                    -0.482619229972
 123                    -0.054311156466                    -0.479106400535
 124                     0.020670488569                    -0.475593571098
 125                     0.095652133604                    -0.472080741661
 126                     0.170633778639                    -0.468567912224
 127                     0.245615423673                    -0.465055082787
 128                     0.320597068708                    -0.461542253350
 129                     0.395578713743                    -0.458029423913
 130                     0.470560358778                    -0.454516594476
 131                    -0.776619418879                    -0.451490354128
 132                     0.545542003812                    -0.451003765039
 133                    -0.851620790590                    -0.448426948362
 134                    -0.701637773844                    -0.447977524691
 135                     0.620523648847                    -0.447490935602
 136                     0.779276077950                    -0.444397103307
 137                     0.696476048472                    -0.443344683110
 138                     0.854891953965                    -0.442074393225
 139                    -0.619715693758                    -0.440516611894
 140                    -0.544734048723                    -0.437003782457
 141                    -0.469752403689                    -0.433490953020
 142                    -0.394770758654                    -0.429978123583
 143                    -0.319789113619                    -0.426465294146
 144                    -0.244807468584                    -0.422952464709
 145                    -0.169825823549                    -0.419439635272
 146                    -0.094844178515                    -0.415926805836
 147                    -0.019862533480                    -0.412413976399
 148                     0.055119111555                    -0.408901146962
 149                     0.130100756590                    -0.405388317525
 150                     0.205082401624                    -0.401875488088
 151                     0.280064046659                    -0.398362658651
 152                     0.355045691694                    -0.394849829214
 153                     0.430027336729                    -0.391336999777
 154                     0.505008981763                    -0.387824170340
 155                    -0.810212005876                    -0.384362676069
 156                     0.579990626798                    -0.384311340903
 157                     0.738166857746                    -0.380923024330
 158                    -0.735230360842                    -0.380849846632
 159                     0.654972271833                    -0.380798511466
 160                    -0.885026558136                    -0.378249589050
 161                     0.813148502781                    -0.377410194893
 162                    -0.660248715807                    -0.377337017195
 163                    -0.585267070772                    -0.373824187758
 164                     0.887963499527                    -0.371302550128
 165                    -0.510285425737                    -0.370311358321
 166                    -0.435303780703                    -0.366798528884
 167                    -0.360322135668                    -0.363285699447
 168                    -0.285340490633                    -0.359772870010
 169                    -0.210358845598                    -0.356260040573
 170                    -0.135377200564                    -0.352747211136
 171                    -0.060395555529                    -0.349234381699
 172                     0.014586089506                    -0.345721552263
 173                     0.089567734541                    -0.342208722825
 174                     0.164549379575                    -0.338695893388
 175                     0.239531024610                    -0.335183063951
 176                     0.314512669645                    -0.331670234515
 177                     0.389494314680                    -0.328157405078
 178                     0.464475959714                    -0.324644575640
 179                     0.539457604749                    -0.321131746203
 180                    -0.775763382891                    -0.317670251933
 181                     0.614439249784                    -0.317618916766
 182                    -0.700781737856                    -0.314157422496
 183                     0.689420894819                    -0.314106087329
 184                    -0.850577935151                    -0.311557164914
 185                    -0.625800092821                    -0.310644593059
 186                     0.764402539853                    -0.310593257893
 187                    -0.550818447787                    -0.307131763622
 188                     0.839384184888                    -0.307080428456
 189                    -0.475836802752                    -0.303618934185
 190                     0.914199181635                    -0.300972783690
 191                    -0.400855157717                    -0.300106104748
 192                    -0.325873512682                    -0.296593275311
 193                    -0.250891867647                    -0.293080445874
 194                    -0.175910222613                    -0.289567616437
 195                    -0.100928577578                    -0.286054787000
 196                    -0.919954032163                    -0.282894572113
 197                    -0.025946932543                    -0.282541957563
 198                     0.049034712492                    -0.279029128126
 199                     0.124016357526                    -0.275516298689
 200                     0.198998002561                    -0.272003469252
 201                     0.273979647596                    -0.268490639815
 202                     0.348961292631                    -0.264977810378
 203                     0.423942937665                    -0.261464980941
 204                     0.498924582700                    -0.257952151504
 205                     0.573906227735                    -0.254439322067
 206                    -0.741362496416                    -0.250953189618
 207                     0.648887872770                    -0.250926492630
 208                    -0.666333114870                    -0.247464998360
 209                     0.723869517804                    -0.247413663193
 210                    -0.591351469836                    -0.243952168923
 211                     0.798851162839                    -0.243900833757
 212                    -0.516369824801                    -0.240439339486
 213                     0.873666159586                    -0.237793188991
 214                    -0.838007888256                    -0.237553239452
 215                    -0.441388179766                    -0.236926510049
 216                    -0.366406534731                    -0.233413680612
 217                    -0.291424889696                    -0.229900851175
 218                    -0.216443244662                    -0.226388021738
 219                    -0.141461599627                    -0.222875192301
 220                    -0.066479954592                    -0.219362362864
 221                     0.008501690443                    -0.215849533427
 222                     0.083483335477                    -0.212336703990
 223                    -0.939202635565                    -0.210340603718
 224                     0.158464980512                    -0.208823874553
 225                     0.233446625547                    -0.205311045116
 226                     0.940628091414                    -0.203871415031
 227                     0.308428270582                    -0.201798215679
 228                     0.383409915616                    -0.198285386242
 229                     0.458391560651                    -0.194772556805
 230                     0.533373205686                    -0.191259727368
 231                     0.608354850721                    -0.187746897931
 232                    -0.781850279803                    -0.187744504519
 233                    -0.706866136919                    -0.184285403660
 234                     0.683336495756                    -0.184234068494
 235                    -0.631884491885                    -0.180772574224
 236                     0.758318140790                    -0.180721239057
 237                    -0.556902846850                    -0.177259744787
 238                    -0.481921201815                    -0.173746915350
 239                    -0.874646321528                    -0.172038262003
 240                    -0.406939556780                    -0.170234085913
 241                    -0.331957911745                    -0.166721256476
 242                     0.863297301249                    -0.163448896409
 243                    -0.256976266711                    -0.163208427039
 244                    -0.181994621676                    -0.159695597602
 245                    -0.107012976641                    -0.156182768165
 246                    -0.032031331606                    -0.152669938728
 247                     0.042950313428                    -0.149157109291
 248                     0.117931958463                    -0.145644279854
 249                     0.192913603498                    -0.142131450417
 250                     0.267895248533                    -0.138618620980
 251                    -0.952738442557                    -0.136507217016
 252                     0.342876893567                    -0.135105791543
 253                     0.417858538602                    -0.131592962106
 254                     0.953655408160                    -0.129946614854
 255                     0.492840183637                    -0.128080132669
 256                     0.567821828672                    -0.124567303232
 257                     0.642803473707                    -0.121054473795
 258                    -0.747401656817                    -0.121052080383
 259                     0.802209617805                    -0.119826860759
 260                    -0.822408746906                    -0.118132577142
 261                    -0.672417513934                    -0.117592979524
 262                     0.717785118742                    -0.117541644358
 263                    -0.597435868899                    -0.114080150088
 264                    -0.522454223864                    -0.110567320651
 265                    -0.447472578829                    -0.107054491213
 266                    -0.372490933794                    -0.103541661776
 267                    -0.297509288760                    -0.100028832339
 268                    -0.222527643725                    -0.096516002902
 269                    -0.147545998690                    -0.093003173465
 270                     0.888466815701                    -0.092730563531
 271                    -0.892614333482                    -0.091566382904
 272                    -0.072564353655                    -0.089490344028
 273                     0.002417291379                    -0.085977514592
 274                     0.077398936414                    -0.082464685155
 275                     0.152380581449                    -0.078951855718
 276                     0.227362226484                    -0.075439026281
 277                     0.302343871518                    -0.071926196844
 278                     0.377325516553                    -0.068413367407
 279                     0.452307161588                    -0.064900537970
 280                     0.527288806623                    -0.061387708533
 281                     0.602270451658                    -0.057874879096
 282                    -0.960721427933                    -0.056956587721
 283                     0.960882018024                    -0.055231401058
 284                     0.677252096693                    -0.054362049659
 285                    -0.714526420484                    -0.053570187265
 286                     0.752328281089                    -0.050898137564
 287                    -0.637973751722                    -0.050898044851
 288                     0.827370760313                    -0.049105548764
 289                    -0.562987245913                    -0.047387725951
 290                    -0.803474908459                    -0.045495831452
 291                    -0.488005600878                    -0.043874896514
 292                    -0.413023955844                    -0.040362067077
 293                    -0.338042310809                    -0.036849237640
 294                    -0.263060665774                    -0.033336408203
 295                    -0.188079020739                    -0.029823578766
 296                    -0.113097375704                    -0.026310749329
 297                    -0.038115730670                    -0.022797919892
 298                     0.036865914365                    -0.019285090455
 299                     0.895693425565                    -0.018015349735
 300                    -0.895713998307                    -0.016566521966
 301                     0.111847559400                    -0.015772261019
 302                     0.186829204435                    -0.012259431582
 303                     0.261810849469                    -0.008746602145
 304                     0.336792494504                    -0.005233772708
 305                     0.411774139539                    -0.001720943271
 306                     0.486755784574                     0.001791886166
 307                     0.561737429609                     0.005304715603
 308                     0.636719074644                     0.008817545040
 309                    -0.753546130192                     0.010555075441
 310                     0.711795259040                     0.012281457135
 311                    -0.678502168811                     0.012284503944
 312                     0.788297093261                     0.014986850208
 313                    -0.603520267962                     0.015791868748
 314                    -0.962298015016                     0.018091172442
 315                    -0.528538622927                     0.019304698185
 316                     0.962193067271                     0.021319292680
 317                    -0.453556977893                     0.022817527622
 318                    -0.832407546159                     0.023768080786
 319                    -0.378575332858                     0.026330357059
 320                    -0.303593687823                     0.029843186496
 321                    -0.228612042788                     0.033356015933
 322                    -0.153630397753                     0.036868845370
 323                    -0.078648752719                     0.040381674807
 324                    -0.003667107684                     0.043894504244
 325                     0.071314537351                     0.047407333681
 326                     0.146296182386                     0.050920163118
 327                     0.221277827421                     0.054432992554
 328                     0.893643771854                     0.057020548224
 329                     0.296259472455                     0.057945821991
 330                    -0.898991562868                     0.058425775194
 331                     0.371241117490                     0.061458651428
 332                     0.446222762525                     0.064971480865
 333                     0.521204407560                     0.068484310302
 334                     0.596186052595                     0.071997139739
 335                     0.671262236991                     0.075461051834
 336                    -0.719627213977                     0.077518454877
 337                     0.747764071212                     0.078166444907
 338                    -0.644583252595                     0.079247883380
 339                     0.822745716247                     0.081679274344
 340                    -0.569071644976                     0.082484292884
 341                    -0.494089999942                     0.085997122321
 342                    -0.419108354907                     0.089509951758
 343                    -0.344126709872                     0.093022781195
 344                     0.957643768218                     0.096245381279
 345                    -0.269145064837                     0.096535610632
 346                    -0.821158903772                     0.097984353309
 347                    -0.194163419802                     0.100048440069
 348                    -0.119181774768                     0.103561269506
 349                    -0.956544814595                     0.106615092251
 350                    -0.044200129733                     0.107074098943
 351                     0.030781515302                     0.110586928380
 352                     0.105763160337                     0.114099757817
 353                     0.180744805372                     0.117612587254
 354                     0.255726450406                     0.121125416691
 355                     0.330708095441                     0.124638246128
 356                     0.405689740476                     0.128151075565
 357                     0.883230720429                     0.131358663769
 358                     0.480671385511                     0.131663905001
 359                    -0.886806469574                     0.134384685272
 360                     0.555653030546                     0.135176734438
 361                     0.630729214942                     0.138640646533
 362                    -0.759655868050                     0.141018800670
 363                     0.707231049163                     0.141346039606
 364                    -0.684648628407                     0.143934459080
 365                     0.782212694198                     0.144858869043
 366                    -0.609604667025                     0.145663887583
 367                    -0.534623021991                     0.149176717020
 368                    -0.459641376956                     0.152689546457
 369                    -0.384659731921                     0.156202375894
 370                    -0.309678086886                     0.159715205331
 371                    -0.234696441852                     0.163228034768
 372                    -0.159714796817                     0.166740864205
 373                    -0.084733151782                     0.170253693642
 374                     0.947230716792                     0.170583496825
 375                    -0.009751506747                     0.173766523079
 376                     0.065230138288                     0.177279352516
 377                     0.140211783323                     0.180792181953
 378                    -0.945186360937                     0.181569318299
 379                     0.215193428357                     0.184305011390
 380                     0.290175073392                     0.187817840827
 381                     0.365156718427                     0.191330670264
 382                     0.840022693588                     0.192739878153
 383                     0.440138363462                     0.194843499701
 384                     0.515120008497                     0.198356329138
 385                     0.590196192893                     0.201820241232
 386                    -0.800188890099                     0.204198395370
 387                     0.666698027114                     0.204525634305
 388                    -0.725207245064                     0.207711224807
 389                     0.741679672149                     0.208038463742
 390                    -0.875127436350                     0.208534447549
 391                    -0.650200005421                     0.210626883216
 392                    -0.575156044040                     0.212356311719
 393                    -0.500174399005                     0.215869141156
 394                    -0.425192753970                     0.219381970593
 395                    -0.350211108935                     0.222894800030
 396                    -0.275229463901                     0.226407629467
 397                    -0.200247818866                     0.229920458904
 398                    -0.125266173831                     0.233433288341
 399                    -0.050284528796                     0.236946117778
 400                     0.024697116239                     0.240458947215
 401                     0.931056037330                     0.243884020745
 402                     0.099678761274                     0.243971776652
 403                     0.174660406308                     0.247484606089
 404                     0.249642051343                     0.250997435526
 405                     0.324623696378                     0.254510264963
 406                     0.399605341413                     0.258023094400
 407                     0.474586986448                     0.261535923837
 408                    -0.925499860891                     0.264186993839
 409                     0.549663170844                     0.264999835931
 410                     0.859121934575                     0.265333307996
 411                     0.626165005066                     0.267705229004
 412                     0.784197092773                     0.269900051228
 413                    -0.765740267113                     0.270890819506
 414                     0.701146650100                     0.271218058441
 415                    -0.690758622078                     0.274403648943
 416                    -0.840678813364                     0.275226871685
 417                    -0.615751382435                     0.277319307352
 418                    -0.540707421054                     0.279048735855
 419                    -0.465725776019                     0.282561565292
 420                    -0.390744130984                     0.286074394729
 421                    -0.315762485950                     0.289587224166
 422                    -0.240780840915                     0.293100053603
 423                    -0.165799195880                     0.296612883040
 424                    -0.090817550845                     0.300125712477
 425                    -0.015835905810                     0.303638541914
 426                     0.059145739225                     0.307151371351
 427                     0.134127384259                     0.310664200788
 428                     0.209109029294                     0.314177030225
 429                     0.284090674329                     0.317689859662
 430                     0.359072319364                     0.321202689099
 431                     0.434053964399                     0.324715518536
 432                     0.905047917012                     0.327022989324
 433                     0.509130148795                     0.328179430631
 434                     0.585631983017                     0.330884823703
 435                     0.825614429325                     0.332503495987
 436                     0.743664070724                     0.333079645927
 437                    -0.902096589917                     0.335509318328
 438                     0.667059334001                     0.339031624630
 439                    -0.753365048914                     0.344927574144
 440                    -0.506258798068                     0.345741159991
 441                    -0.678383403879                     0.348440403580
 442                    -0.431277153033                     0.349253989428
 443                    -0.828303595166                     0.349263626323
 444                    -0.602839312201                     0.351264324122
 445                    -0.356295507999                     0.352766818865
 446                    -0.281313862964                     0.356279648302
 447                    -0.206332217929                     0.359792477739
 448                    -0.131350572894                     0.363305307176
 449                    -0.056368927859                     0.366818136613
 450                     0.018612717176                     0.370330966050
 451                     0.093594362211                     0.373843795487
 452                     0.168576007245                     0.377356624924
 453                     0.243557652280                     0.380869454361
 454                     0.318539297315                     0.384382283798
 455                     0.393520942350                     0.387895113235
 456                     0.468597126746                     0.391359025330
 457                     0.545098960968                     0.394064418402
 458                     0.876944377837                     0.396627430222
 459                     0.620080606003                     0.397577247839
 460                     0.802226938818                     0.403830996648
 461                    -0.551271742062                     0.405811301791
 462                     0.727204218679                     0.406316660704
 463                    -0.869968967007                     0.411702267020
 464                    -0.720116643511                     0.412343416428
 465                    -0.471810175082                     0.412433584128
 466                    -0.643033928771                     0.414659748732
 467                    -0.396828530048                     0.415946413565
 468                    -0.795062832064                     0.416566217144
 469                    -0.321846885013                     0.419459243002
 470                    -0.246865239978                     0.422972072439
 471                    -0.171883594943                     0.426484901876
 472                    -0.096901949908                     0.429997731312
 473                    -0.021920304873                     0.433510560750
 474                     0.053061340162                     0.437023390186
 475                     0.128042985196                     0.440536219623
 476                     0.203024630231                     0.444049049060
 477                     0.278006275266                     0.447561878497
 478                     0.352987920301                     0.451074707934
 479                     0.669380973101                     0.454181672284
 480                     0.428064104697                     0.454538620029
 481                     0.504565938919                     0.457244013102
 482                     0.840947050743                     0.468137605914
 483                     0.591410247762                     0.468465574448
 484                    -0.591828753515                     0.469547061381
 485                     0.765924330604                     0.470623269970
 486                    -0.516823119076                     0.472503725927
 487                    -0.682774302739                     0.478340905597
 488                    -0.437361552097                     0.479126008264
 489                    -0.833495611367                     0.481260773677
 490                    -0.757762690405                     0.481706730612
 491                    -0.362379907062                     0.482638837701
 492                    -0.287398262027                     0.486151667138
 493                    -0.212416616992                     0.489664496575
 494                    -0.137434971957                     0.493177326012
 495                    -0.062453326923                     0.496690155448
 496                     0.012528318113                     0.500202984886
 497                     0.087509963147                     0.503715814323
 498                     0.162491608182                     0.507228643759
 499                     0.237473253217                     0.510741473197
 500                     0.312454898252                     0.514254302633
 501                     0.387531082648                     0.517718214728
 502                     0.464032916870                     0.520423607801
 503                     0.539014561905                     0.523936437238
 504                     0.642105032976                     0.524114569786
 505                     0.717086678011                     0.527627399223
 506                    -0.632410644110                     0.534001384865
 507                    -0.557380130529                     0.536239485517
 508                    -0.482374496091                     0.539196150063
 509                     0.795329427735                     0.541897592596
 510                    -0.402912929111                     0.545818432400
 511                    -0.715295287904                     0.545994232099
 512                    -0.327931284076                     0.549331261837
 513                    -0.790283675570                     0.549360057114
 514                    -0.252949639041                     0.552844091274
 515                    -0.177967994006                     0.556356920711
 516                    -0.102986348972                     0.559869750148
 517                    -0.028004703937                     0.563382579585
 518                     0.046976941098                     0.566895409022
 519                     0.121958586133                     0.570408238459
 520                     0.196940231168                     0.573921067896
 521                     0.272011228003                     0.577491132089
 522                     0.590465508179                     0.578593433041
 523                     0.346998060600                     0.580897809427
 524                     0.423499894821                     0.583603202500
 525                     0.498481539856                     0.587116031937
 526                     0.676553655962                     0.590806993922
 527                    -0.664931629275                     0.601654711366
 528                     0.750735635164                     0.602279627717
 529                    -0.522931507544                     0.602931909653
 530                    -0.447925873105                     0.605888574199
 531                    -0.368464306125                     0.612510856536
 532                    -0.293482661090                     0.616023685973
 533                    -0.738316847622                     0.617440679532
 534                    -0.218501016055                     0.619536515410
 535                    -0.143519371021                     0.623049344847
 536                    -0.068537725986                     0.626562174284
 537                    -0.594150617703                     0.626647419575
 538                     0.006443919049                     0.630075003721
 539                     0.081425564084                     0.633587833158
 540                     0.156407209119                     0.637100662595
 541                     0.231388854154                     0.640613492031
 542                     0.549932486130                     0.641773027740
 543                     0.307924393547                     0.644990208398
 544                     0.624914131165                     0.645285857177
 545                     0.382966872772                     0.646782797199
 546                     0.476872666133                     0.659002356361
 547                     0.697913973111                     0.662767565863
 548                    -0.488482884558                     0.669624333789
 549                    -0.413477250119                     0.672580998335
 550                    -0.687953188993                     0.673101158800
 551                    -0.334015683139                     0.679203280672
 552                    -0.259034038104                     0.682716110109
 553                    -0.184052393070                     0.686228939546
 554                    -0.109070748035                     0.689741768983
 555                    -0.034089103000                     0.693254598420
 556                    -0.564241581239                     0.695495343295
 557                     0.040892542035                     0.696767427857
 558                     0.115874187070                     0.700280257294
 559                     0.190855832105                     0.703793086731
 560                     0.265971913041                     0.707236304197
 561                     0.422753141376                     0.711018354889
 562                     0.347716893542                     0.713055159667
 563                     0.565064233200                     0.715295930929
 564                     0.640045878234                     0.718808760366
 565                    -0.633404984497                     0.724667431198
 566                    -0.379028627133                     0.739273422471
 567                    -0.505840625926                     0.742653751679
 568                     0.490470704067                     0.743405370281
 569                    -0.299567060153                     0.745895704808
 570                    -0.224585415118                     0.749408534245
 571                    -0.149603770084                     0.752921363682
 572                    -0.074622125049                     0.756434193119
 573                     0.000359519986                     0.759947022556
 574                     0.075341165021                     0.763459851993
 575                     0.150438229096                     0.767218116201
 576                     0.225438890992                     0.770415898896
 577                    -0.575004029184                     0.771825839582
 578                     0.302378770044                     0.772880251564
 579                    -0.441364962505                     0.781091700235
 580                     0.426878165937                     0.785968813427
 581                     0.551124597581                     0.789054141466
 582                    -0.365084571522                     0.813030797532
 583                    -0.190136792133                     0.816100958381
 584                    -0.507299381170                     0.817873682157
 585                    -0.115155147098                     0.819613787818
 586                    -0.290382855041                     0.820395620508
 587                     0.360296457819                     0.820630942716
 588                     0.033908902779                     0.827096303840
 589                     0.487956114591                     0.829604478325
 590                     0.108890547813                     0.830609133277
 591                    -0.041029071615                     0.831442227967
 592                     0.206816872325                     0.843133211027
 593                     0.281855406146                     0.845083981364
 594                    -0.439741335281                     0.856138025245
 595                     0.421819588460                     0.865108660814
 596                    -0.237869934665                     0.874033109789
 597                    -0.155688169147                     0.882793382517
 598                    -0.371683639852                     0.887804050504
 599                     0.150679711239                     0.892964990123
 600                     0.068357525764                     0.893788727976
 601                    -0.081562093664                     0.894621822666
 602                     0.353117301397                     0.895350731098
 603                    -0.006580448630                     0.898134652103
 604                    -0.301365140543                     0.914069916522
 605                     0.282267142113                     0.920146738682
 606                     0.209700063971                     0.939345859306
 607                    -0.203421311679                     0.940725533925
 608                    -0.127506097519                     0.953982888292
 609                     0.110146689190                     0.956144584822
 610                    -0.047113470679                     0.961314246802
 611                     0.033789369813                     0.961796501780
