   1                     0.028035932472                    -0.963935322343
   2                    -0.043275944365                    -0.963371429828
   3                     0.099194487874                    -0.959227695985
   4                    -0.149640809023                    -0.952662032121
   5                     0.169810573670                    -0.949274295575
   6                    -0.219633750467                    -0.938998580843
   7                     0.239616689313                    -0.934035473250
   8                    -0.288425570391                    -0.920199983436
   9                     0.308008923393                    -0.913831397075
  10                    -0.091729061133                    -0.911045554506
  11                    -0.356104284110                    -0.896097268121
  12                    -0.022186965444                    -0.895246862153
  13                     0.116131600390                    -0.889954064837
  14                     0.374699227349                    -0.888570654587
  15                     0.186747686186                    -0.880000664427
  16                    -0.159923906080                    -0.875692625529
  17                     0.046314800771                    -0.875417344303
  18                    -0.231212856539                    -0.868630789522
  19                    -0.421558114210                    -0.867321206655
  20                     0.256385710158                    -0.864630323833
  21                    -0.300004676462                    -0.849832192114
  22                     0.431985173949                    -0.846096873557
  23                    -0.072806395636                    -0.842287758705
  24                     0.323076014115                    -0.839369581345
  25                    -0.484500810071                    -0.833796308585
  26                     0.499983743978                    -0.824605102415
  27                    -0.003720125850                    -0.824601914651
  28                    -0.365946533574                    -0.822677574949
  29                     0.135121589947                    -0.821214832594
  30                     0.205737675743                    -0.811261432183
  31                    -0.191809419412                    -0.809191148748
  32                     0.065304790328                    -0.806678112060
  33                     0.378316358960                    -0.794267407848
  34                    -0.122753739190                    -0.791386239821
  35                    -0.552772536499                    -0.790189750670
  36                     0.273265693550                    -0.788333969092
  37                     0.447372039182                    -0.776462498920
  38                    -0.312291158276                    -0.775700958910
  39                    -0.053698058968                    -0.773581330894
  40                    -0.416397198427                    -0.772274874934
  41                     0.590090069515                    -0.762726051102
  42                    -0.487042016392                    -0.762527493362
  43                    -0.242864818398                    -0.759401109711
  44                     0.519103232448                    -0.755901777069
  45                     0.015357621254                    -0.755776421967
  46                     0.154230057847                    -0.752508441280
  47                     0.328506038395                    -0.743231795594
  48                    -0.615674216301                    -0.742228117597
  49                    -0.174217680244                    -0.740080856708
  50                     0.084413301476                    -0.737971513040
  51                     0.223824264648                    -0.736940906711
  52                     0.397561718617                    -0.725426886667
  53                    -0.363482453975                    -0.724465549772
  54                    -0.105162000022                    -0.722275947781
  55                    -0.548242247522                    -0.719019685090
  56                     0.644842311079                    -0.717032574582
  57                     0.466617398839                    -0.707621977740
  58                    -0.294426773753                    -0.706660640845
  59                    -0.036106319799                    -0.704471038854
  60                     0.557143901397                    -0.692417817165
  61                    -0.671158140020                    -0.692068166013
  62                     0.279064609493                    -0.691838733213
  63                    -0.482511727416                    -0.691357427783
  64                    -0.225066894253                    -0.690080264836
  65                     0.032949360423                    -0.686666129927
  66                     0.171821797016                    -0.683398149240
  67                     0.348120289715                    -0.674033824286
  68                    -0.413448382184                    -0.673582273825
  69                    -0.602057324045                    -0.672226103354
  70                    -0.156340504484                    -0.671043849678
  71                     0.102005040645                    -0.668861221000
  72                     0.696068072875                    -0.667417827971
  73                     0.417175969937                    -0.656228915359
  74                    -0.344399208482                    -0.655752148647
  75                    -0.087284824262                    -0.653238940751
  76                     0.620217070273                    -0.650105007257
  77                    -0.536326803938                    -0.644563846047
  78                     0.229117265940                    -0.640937214328
  79                    -0.721629278793                    -0.639694069973
  80                     0.486404381989                    -0.639107913121
  81                    -0.275343528260                    -0.637947239720
  82                    -0.018229144040                    -0.635434031824
  83                     0.298172946162                    -0.623132305401
  84                    -0.463921362794                    -0.622509042936
  85                    -0.652573598571                    -0.621889161047
  86                     0.555281612400                    -0.620624707671
  87                    -0.206287848038                    -0.620142330793
  88                     0.050826536182                    -0.617629122897
  89                     0.743487214146                    -0.614153141791
  90                     0.367228626384                    -0.605327396474
  91                    -0.394365058549                    -0.604868792897
  92                    -0.137232167815                    -0.602337421866
  93                     0.671442832068                    -0.600490260647
  94                     0.119882216405                    -0.599824213970
  95                    -0.586927114552                    -0.593841526516
  96                     0.436284306606                    -0.587522487548
  97                    -0.325290871813                    -0.587045720835
  98                    -0.766929729074                    -0.584616207295
  99                    -0.068176487593                    -0.584532512939
 100                     0.188937896626                    -0.582019305043
 101                    -0.517736439317                    -0.575715461200
 102                     0.505339986828                    -0.569717578621
 103                    -0.256235191591                    -0.569240811908
 104                    -0.697874048852                    -0.566811298369
 105                     0.000879192629                    -0.566727604012
 106                     0.257993576849                    -0.564214396117
 107                     0.786840411583                    -0.557529807159
 108                    -0.444293895589                    -0.553949110877
 109                     0.574395667051                    -0.551912669695
 110                    -0.187179511369                    -0.551435902981
 111                     0.069934872851                    -0.548922695086
 112                     0.327049257071                    -0.546409487190
 113                     0.716585718379                    -0.545283181677
 114                    -0.632352599586                    -0.538657409847
 115                    -0.375238215367                    -0.536144201950
 116                     0.643631717939                    -0.534822584552
 117                    -0.118123831147                    -0.533630994055
 118                     0.138990553073                    -0.531117786159
 119                     0.396104937293                    -0.528604578264
 120                    -0.563296919364                    -0.520852500920
 121                    -0.306182535145                    -0.518339293024
 122                    -0.747821392405                    -0.515909779484
 123                    -0.049068150925                    -0.515826085128
 124                     0.208046233295                    -0.513312877232
 125                     0.465160617515                    -0.510799669337
 126                    -0.818835693333                    -0.509377489191
 127                    -0.494241239143                    -0.503047591993
 128                    -0.237126854923                    -0.500534384097
 129                     0.019987529297                    -0.498021176201
 130                     0.825890577495                    -0.497857482795
 131                     0.277101913517                    -0.495507968305
 132                     0.534216297737                    -0.492994760411
 133                    -0.682299943140                    -0.487755890962
 134                    -0.425185558921                    -0.485242683066
 135                    -0.168071174701                    -0.482729475170
 136                     0.750091335869                    -0.482330220274
 137                     0.089043209519                    -0.480216267274
 138                     0.346157593739                    -0.477703059379
 139                     0.603494320891                    -0.475457717327
 140                     0.679375411105                    -0.473112859615
 141                    -0.613244262918                    -0.469950982035
 142                    -0.356129878699                    -0.467437774139
 143                    -0.099015494479                    -0.464924566243
 144                     0.158098889741                    -0.462411358347
 145                     0.415213273961                    -0.459898150452
 146                    -0.544188582696                    -0.452146073108
 147                    -0.287074198477                    -0.449632865212
 148                    -0.029959814257                    -0.447119657316
 149                     0.227154569963                    -0.444606449421
 150                    -0.738578350794                    -0.443242095705
 151                     0.484268954183                    -0.442093241526
 152                    -0.829932538376                    -0.438932036655
 153                    -0.475132902474                    -0.434341164181
 154                    -0.218018518255                    -0.431827956286
 155                     0.800013422766                    -0.431403930475
 156                     0.039095865965                    -0.429314748390
 157                     0.296210250185                    -0.426801540494
 158                     0.553324634406                    -0.424288332599
 159                    -0.663191606472                    -0.419049463150
 160                    -0.406077222252                    -0.416536255254
 161                     0.869755453738                    -0.416512628695
 162                    -0.148962838032                    -0.414023047359
 163                     0.108151546187                    -0.411509839463
 164                     0.365265930408                    -0.408996631567
 165                     0.622380314627                    -0.406483423673
 166                     0.693620441973                    -0.403235961799
 167                    -0.594135926250                    -0.401244554223
 168                    -0.337021542030                    -0.398731346328
 169                    -0.079907157810                    -0.396218138432
 170                     0.177207226410                    -0.393704930536
 171                     0.434321610630                    -0.391191722641
 172                    -0.881913810526                    -0.390109407697
 173                    -0.782194630248                    -0.385952853192
 174                    -0.525080246028                    -0.383439645296
 175                    -0.267965861808                    -0.380926437401
 176                    -0.010851477588                    -0.378413229505
 177                     0.246262906632                    -0.375900021609
 178                     0.758426041539                    -0.373471284450
 179                     0.503377290852                    -0.373386813714
 180                    -0.713138950026                    -0.368147944265
 181                    -0.456024565806                    -0.365634736370
 182                    -0.198910181586                    -0.363121528474
 183                     0.058204202634                    -0.360608320578
 184                     0.828168072511                    -0.358579982670
 185                     0.315318586854                    -0.358095112683
 186                     0.572432971074                    -0.355581904788
 187                    -0.644083269804                    -0.350343035339
 188                    -0.386968885584                    -0.347829827443
 189                     0.899239541150                    -0.347530822159
 190                    -0.129854501364                    -0.345316619547
 191                     0.127259882856                    -0.342803411651
 192                     0.384374267076                    -0.340290203756
 193                     0.641488651296                    -0.337776995861
 194                    -0.834175902399                    -0.337130224233
 195                    -0.575027589582                    -0.332538126412
 196                    -0.317913205362                    -0.330024918516
 197                    -0.060798821142                    -0.327511710620
 198                     0.196315563078                    -0.324998502725
 199                    -0.908331573969                    -0.323868910058
 200                     0.453429947298                    -0.322485294830
 201                     0.710544331518                    -0.319972086935
 202                    -0.763086293580                    -0.317246425381
 203                    -0.505971909360                    -0.314733217485
 204                    -0.248857525140                    -0.312220009589
 205                     0.008256859080                    -0.309706801694
 206                     0.265371243300                    -0.307193593798
 207                     0.780400811389                    -0.305627263026
 208                     0.522485627521                    -0.304680385903
 209                    -0.694030613358                    -0.299441516454
 210                    -0.436916229138                    -0.296928308558
 211                    -0.179801844918                    -0.294415100663
 212                     0.853907106964                    -0.292072811190
 213                     0.077312539302                    -0.291901892767
 214                     0.334426923522                    -0.289388684871
 215                     0.591541307743                    -0.286875476977
 216                    -0.624974933136                    -0.281636607527
 217                    -0.367860548916                    -0.279123399632
 218                     0.923649137936                    -0.277181509411
 219                    -0.110746164696                    -0.276610191736
 220                     0.146368219524                    -0.274096983840
 221                     0.403482603745                    -0.271583775945
 222                     0.660596987965                    -0.269070568050
 223                    -0.815067565730                    -0.268423796422
 224                    -0.555919252914                    -0.263831698601
 225                    -0.298804868693                    -0.261318490705
 226                    -0.041690484474                    -0.258805282809
 227                     0.215423899747                    -0.256292074913
 228                    -0.929781901398                    -0.255857255130
 229                     0.472538283967                    -0.253778867018
 230                     0.730891306572                    -0.251622233175
 231                    -0.743977956912                    -0.248539997569
 232                    -0.486863572691                    -0.246026789674
 233                    -0.229749188472                    -0.243513581778
 234                     0.027365195749                    -0.241000373882
 235                     0.806139845841                    -0.239120091547
 236                     0.284479579969                    -0.238487165987
 237                     0.541593964189                    -0.235973958092
 238                    -0.674922276689                    -0.230735088643
 239                    -0.417807892470                    -0.228221880747
 240                    -0.160693508249                    -0.225708672851
 241                     0.875881876814                    -0.224228789767
 242                     0.096420875971                    -0.223195464956
 243                     0.353535260191                    -0.220682257060
 244                     0.610649644411                    -0.218169049165
 245                    -0.862947459146                    -0.215572897099
 246                    -0.605866596467                    -0.212930179716
 247                    -0.348752212247                    -0.210416971820
 248                    -0.091637828027                    -0.207903763925
 249                     0.165476556193                    -0.205390556029
 250                     0.422590940413                    -0.202877348133
 251                     0.679705324633                    -0.200364140239
 252                     0.943201000982                    -0.200017571795
 253                    -0.793925300465                    -0.197638478685
 254                    -0.536810916245                    -0.195125270789
 255                    -0.279696532025                    -0.192612062894
 256                    -0.022582147805                    -0.190098854998
 257                     0.234532236415                    -0.187585647102
 258                     0.491646620635                    -0.185072439207
 259                    -0.927179859033                    -0.184590635115
 260                     0.748761004855                    -0.182559231312
 261                    -0.724869620243                    -0.179833569758
 262                    -0.467755236023                    -0.177320361862
 263                    -0.210640851803                    -0.174807153967
 264                     0.046473532417                    -0.172293946071
 265                     0.303587916637                    -0.169780738175
 266                     0.818760949876                    -0.168931705857
 267                     0.560702300858                    -0.167267530280
 268                    -0.655813940021                    -0.162028660831
 269                    -0.398699555801                    -0.159515452935
 270                    -0.141585171581                    -0.157002245040
 271                     0.115529212639                    -0.154489037144
 272                     0.888507752319                    -0.154041262239
 273                     0.372643596859                    -0.151975829249
 274                     0.629757981080                    -0.149462621354
 275                    -0.586758259799                    -0.144223751905
 276                    -0.858336506152                    -0.143994856991
 277                    -0.329643875579                    -0.141710544009
 278                    -0.072529491359                    -0.139197336113
 279                     0.184584892861                    -0.136684128217
 280                     0.441699277081                    -0.134170920322
 281                     0.698813661302                    -0.131657712428
 282                     0.955569656435                    -0.129784247393
 283                    -0.774816963797                    -0.128932050874
 284                    -0.517702579577                    -0.126418842978
 285                    -0.260588195357                    -0.123905635082
 286                    -0.003473811137                    -0.121392427186
 287                    -0.956878330067                    -0.119754668468
 288                     0.253640573083                    -0.118879219291
 289                     0.510754957303                    -0.116366011395
 290                     0.768878907489                    -0.114141602763
 291                    -0.705761283575                    -0.111127141947
 292                    -0.448646899355                    -0.108613934051
 293                    -0.191532515135                    -0.106100726155
 294                     0.065581869085                    -0.103587518259
 295                     0.840739930448                    -0.101089048437
 296                     0.322696253305                    -0.101074310364
 297                     0.579810637525                    -0.098561102469
 298                    -0.636705603353                    -0.093322233020
 299                    -0.379591219133                    -0.090809025124
 300                    -0.122476834912                    -0.088295817228
 301                     0.134637549307                    -0.085782609333
 302                     0.391751933527                    -0.083269401437
 303                    -0.895922773215                    -0.082739511549
 304                     0.648866317747                    -0.080756193542
 305                    -0.824764307350                    -0.078030531988
 306                    -0.567649923131                    -0.075517324093
 307                    -0.310535538910                    -0.073004116197
 308                    -0.053421154691                    -0.070490908302
 309                     0.917431689345                    -0.069524831372
 310                     0.203693229530                    -0.067977700406
 311                     0.460807613749                    -0.065464492511
 312                     0.717921997969                    -0.062951284616
 313                    -0.755708627128                    -0.060225623062
 314                    -0.498594242908                    -0.057712415166
 315                    -0.241479858689                    -0.055199207271
 316                     0.015634525532                    -0.052685999375
 317                     0.272748909752                    -0.050172791479
 318                    -0.963111786256                    -0.048713512954
 319                     0.529863293972                    -0.047659583584
 320                     0.786977678191                    -0.045146375690
 321                    -0.686652946906                    -0.042420714135
 322                    -0.429538562686                    -0.039907506240
 323                    -0.172424178466                    -0.037394298344
 324                     0.084690205754                    -0.034881090448
 325                     0.341804589974                    -0.032367882552
 326                     0.857003853329                    -0.031654283619
 327                     0.598918974194                    -0.029854674657
 328                    -0.617597266684                    -0.024615805208
 329                    -0.360482882464                    -0.022102597313
 330                    -0.103368498244                    -0.019589389417
 331                     0.153745885976                    -0.017076181521
 332                     0.964215121193                    -0.015700930944
 333                     0.410860270196                    -0.014562973626
 334                     0.667974654416                    -0.012049765731
 335                    -0.902156229406                    -0.011698356035
 336                    -0.806026802382                    -0.009219891358
 337                    -0.548541586462                    -0.006810896282
 338                    -0.291427202242                    -0.004297688386
 339                    -0.034312818022                    -0.001784480490
 340                     0.222801566198                     0.000728727405
 341                     0.479915950418                     0.003241935301
 342                     0.737030334638                     0.005755143196
 343                    -0.736600290460                     0.008480804750
 344                    -0.479485906240                     0.010994012645
 345                    -0.222371522020                     0.013507220541
 346                     0.034742862200                     0.016020428436
 347                     0.291857246420                     0.018533636332
 348                     0.548971630640                     0.021046844227
 349                     0.903787285176                     0.022169616809
 350                     0.806663000909                     0.023396968059
 351                    -0.964051088442                     0.023723786442
 352                    -0.667544610238                     0.026285713676
 353                    -0.410430226018                     0.028798921572
 354                    -0.153315841798                     0.031312129467
 355                     0.103798542422                     0.033825337363
 356                     0.360912926642                     0.036338545259
 357                     0.618027310862                     0.038851753154
 358                    -0.855841866609                     0.042529695300
 359                    -0.598488930016                     0.044090622603
 360                    -0.341374545796                     0.046603830499
 361                    -0.084260161576                     0.049117038394
 362                     0.172854222644                     0.051630246290
 363                     0.429968606864                     0.054143454186
 364                     0.687082991084                     0.056656662081
 365                    -0.786547634014                     0.059382323635
 366                    -0.529433249794                     0.061895531530
 367                     0.962285657486                     0.062957386911
 368                    -0.272318865574                     0.064408739425
 369                    -0.015204481354                     0.066921947321
 370                     0.241909902866                     0.069435155217
 371                     0.499024287086                     0.071948363112
 372                     0.756138671306                     0.074461571007
 373                    -0.717491953791                     0.077187232561
 374                    -0.917736725646                     0.077951837777
 375                    -0.460377569572                     0.079700440456
 376                    -0.203263185352                     0.082213648352
 377                     0.053851198868                     0.084726856248
 378                     0.310965583088                     0.087240064144
 379                     0.568079967308                     0.089753272039
 380                     0.825194351528                     0.092266479934
 381                     0.896503459797                     0.093110772993
 382                    -0.648436273570                     0.094992141488
 383                    -0.391321889350                     0.097505349383
 384                    -0.134207505130                     0.100018557279
 385                     0.122906879090                     0.102531765174
 386                     0.380021263310                     0.105044973070
 387                     0.637135647531                     0.107558180965
 388                    -0.837101736421                     0.111337465743
 389                    -0.579380593347                     0.112797050414
 390                    -0.322266209128                     0.115310258310
 391                    -0.065151824907                     0.117823466206
 392                     0.191962559313                     0.120336674101
 393                     0.449076943533                     0.122849881997
 394                     0.706191327753                     0.125363089892
 395                    -0.767779495716                     0.128184271859
 396                    -0.510324913126                     0.130601959341
 397                    -0.253210528905                     0.133115167237
 398                     0.955001832107                     0.133898543094
 399                     0.003903855314                     0.135628375132
 400                     0.261018239535                     0.138141583028
 401                    -0.954241400079                     0.139214473187
 402                     0.518132623755                     0.140654790924
 403                     0.775247007975                     0.143167998819
 404                    -0.698383617124                     0.145893660373
 405                    -0.441269232903                     0.148406868268
 406                    -0.184154848683                     0.150920076163
 407                     0.072959535537                     0.153433284059
 408                     0.330073919757                     0.155946491955
 409                     0.859423795332                     0.157015974968
 410                     0.587188303977                     0.158459699850
 411                    -0.886822368220                     0.162460459849
 412                    -0.629327936902                     0.163698569299
 413                    -0.372213552681                     0.166211777194
 414                    -0.115099168461                     0.168724985090
 415                     0.142015215758                     0.171238192986
 416                     0.399129599979                     0.173751400882
 417                     0.656243984199                     0.176264608777
 418                    -0.817624637852                     0.179940267319
 419                    -0.560272256679                     0.181503478226
 420                    -0.303157872459                     0.184016686121
 421                    -0.046043488239                     0.186529894017
 422                     0.211070895981                     0.189043101913
 423                     0.468185280201                     0.191556309808
 424                     0.725299664421                     0.194069517704
 425                    -0.748330960677                     0.196795179257
 426                    -0.491216576457                     0.199308387152
 427                     0.928252196176                     0.200005719182
 428                    -0.234102192237                     0.201821595048
 429                     0.023012191983                     0.204334802944
 430                     0.280126576202                     0.206848010840
 431                     0.537240960423                     0.209361218735
 432                    -0.940705473425                     0.209876467808
 433                     0.794355344643                     0.211874426630
 434                    -0.679275280455                     0.214600088184
 435                    -0.422160896235                     0.217113296079
 436                    -0.165046512015                     0.219626503975
 437                     0.092067872205                     0.222139711871
 438                     0.349182256424                     0.224652919767
 439                     0.606296640645                     0.227166127662
 440                     0.863408799545                     0.229687964149
 441                    -0.871905432478                     0.232197012538
 442                    -0.610219600233                     0.232404997110
 443                    -0.353105216013                     0.234918205006
 444                    -0.095990831793                     0.237431412902
 445                     0.161123552427                     0.239944620798
 446                     0.418237936645                     0.242457828693
 447                     0.675352320867                     0.244971036588
 448                    -0.798516301183                     0.248646695130
 449                    -0.541163920011                     0.250209906037
 450                    -0.284049535791                     0.252723113933
 451                    -0.026935151571                     0.255236321828
 452                     0.230179232649                     0.257749529725
 453                     0.487293616868                     0.260262737620
 454                     0.744408001090                     0.262775945515
 455                    -0.729222624009                     0.265501607069
 456                    -0.472108239789                     0.268014814964
 457                    -0.214993855569                     0.270528022859
 458                     0.925404630658                     0.271262951260
 459                     0.042120528651                     0.273041230755
 460                     0.299234912871                     0.275554438652
 461                     0.556349297088                     0.278067646547
 462                     0.813992056960                     0.281104763982
 463                    -0.921852776031                     0.283098531422
 464                    -0.660166943786                     0.283306515995
 465                    -0.403052559566                     0.285819723890
 466                    -0.145938175347                     0.288332931786
 467                     0.111176208873                     0.290846139683
 468                     0.368290593093                     0.293359347579
 469                     0.625404977311                     0.295872555474
 470                    -0.848463644737                     0.299548214015
 471                    -0.591111263564                     0.301111424922
 472                    -0.333996879345                     0.303624632817
 473                    -0.076882495125                     0.306137840713
 474                     0.180231889095                     0.308651048610
 475                     0.437346273315                     0.311164256506
 476                     0.694460657531                     0.313677464401
 477                    -0.779407964515                     0.317353122941
 478                    -0.522055583342                     0.318916333848
 479                    -0.264941199122                     0.321429541744
 480                    -0.007826814902                     0.323942749640
 481                     0.249287569317                     0.326455957537
 482                     0.506401953537                     0.328969165433
 483                     0.763516337754                     0.331482373328
 484                    -0.710114287340                     0.334208034880
 485                    -0.452999903120                     0.336721242775
 486                     0.902827785054                     0.338908999152
 487                    -0.195885518901                     0.339234450671
 488                     0.061228865319                     0.341747658567
 489                     0.318343249539                     0.344260866464
 490                     0.575457633758                     0.346774074361
 491                     0.832382486831                     0.350006823762
 492                    -0.898410988290                     0.350449732899
 493                    -0.641058607118                     0.352012943807
 494                    -0.383944222898                     0.354526151702
 495                    -0.126829838678                     0.357039359598
 496                     0.130284545541                     0.359552567494
 497                     0.387398929761                     0.362065775391
 498                     0.644513313980                     0.364578983288
 499                    -0.829355308068                     0.368254641826
 500                    -0.572002926896                     0.369817852733
 501                    -0.314888542676                     0.372331060629
 502                    -0.057774158457                     0.374844268524
 503                     0.199340225763                     0.377357476421
 504                     0.456454609983                     0.379870684318
 505                     0.713568994202                     0.382383892215
 506                    -0.760299627846                     0.386059550753
 507                    -0.502947246674                     0.387622761660
 508                    -0.245832862454                     0.390135969556
 509                     0.011281521766                     0.392649177452
 510                     0.268395905985                     0.395162385348
 511                     0.525510290205                     0.397675593246
 512                    -0.691005950672                     0.402914462691
 513                    -0.433891566452                     0.405427670586
 514                    -0.176777182232                     0.407940878483
 515                     0.873728877901                     0.408111709084
 516                     0.080337201987                     0.410454086379
 517                     0.337451586207                     0.412967294275
 518                     0.594565970427                     0.415480502173
 519                     0.797037105335                     0.415497785248
 520                    -0.621950270450                     0.420719371618
 521                    -0.364835886229                     0.423232579513
 522                    -0.107721502009                     0.425745787409
 523                     0.149392882209                     0.428258995306
 524                     0.406507266429                     0.430772203202
 525                    -0.862457962461                     0.431420423899
 526                     0.663621650649                     0.433285411100
 527                    -0.552894590228                     0.438524280544
 528                    -0.295780206007                     0.441037488441
 529                    -0.038665821788                     0.443550696337
 530                     0.218448562431                     0.446063904233
 531                     0.475562946651                     0.448577112130
 532                     0.732677330871                     0.451090320026
 533                    -0.741191291178                     0.454765978564
 534                    -0.483838910005                     0.456329189471
 535                    -0.226724525785                     0.458842397367
 536                     0.030389858435                     0.461355605264
 537                     0.287504242653                     0.463868813160
 538                     0.544618626873                     0.466382021057
 539                     0.841180153724                     0.471564701978
 540                    -0.671897614003                     0.471620890503
 541                    -0.414783229783                     0.474134098398
 542                    -0.157668845563                     0.476647306294
 543                    -0.808569636788                     0.478129631867
 544                     0.099445538657                     0.479160514192
 545                     0.356559922875                     0.481673722087
 546                     0.613674307095                     0.484186929985
 547                    -0.602841933781                     0.489425799429
 548                    -0.345727549561                     0.491939007325
 549                    -0.088613165341                     0.494452215222
 550                     0.168501218879                     0.496965423119
 551                     0.425615603097                     0.499478631014
 552                     0.682792241724                     0.502052861999
 553                     0.778558445877                     0.505685420893
 554                    -0.533786253559                     0.507230708356
 555                    -0.276671869339                     0.509743916252
 556                    -0.019557485119                     0.512257124149
 557                     0.237556899101                     0.514770332046
 558                     0.494671283318                     0.517283539942
 559                    -0.464730573336                     0.525035617282
 560                    -0.207616189117                     0.527548825179
 561                     0.049498195103                     0.530062033076
 562                    -0.723677495813                     0.532545095601
 563                     0.306612579323                     0.532575240973
 564                     0.563726963540                     0.535088448869
 565                    -0.652789277334                     0.540327318314
 566                    -0.395674893115                     0.542840526210
 567                    -0.138560508895                     0.545353734107
 568                    -0.793606243336                     0.547856230875
 569                     0.118553875325                     0.547866942003
 570                     0.375668259545                     0.550380149900
 571                     0.632782643761                     0.552893357797
 572                    -0.326619212892                     0.560645435137
 573                    -0.069504828673                     0.563158643033
 574                    -0.585004247406                     0.564072385113
 575                     0.187609555547                     0.565671850930
 576                     0.444723939766                     0.568185058828
 577                     0.701770464320                     0.570959413463
 578                    -0.514677916890                     0.575937136167
 579                     0.772847417236                     0.576770481944
 580                    -0.257563532670                     0.578450344063
 581                    -0.000449148451                     0.580963551961
 582                     0.256665235769                     0.583476759857
 583                     0.513779619988                     0.585989967756
 584                    -0.188507852448                     0.596255252991
 585                     0.068606531771                     0.598768460888
 586                    -0.446889623050                     0.599550671172
 587                     0.325720915991                     0.601281668785
 588                     0.583005542700                     0.603961826167
 589                    -0.750949426846                     0.605006014425
 590                    -0.679648750183                     0.606389943686
 591                    -0.376566556446                     0.611546954021
 592                    -0.119452172226                     0.614060161918
 593                     0.137662211993                     0.616573369815
 594                     0.394776596213                     0.619086577713
 595                     0.652600289727                     0.622612057958
 596                    -0.307510876224                     0.629351862948
 597                    -0.050396492004                     0.631865070846
 598                     0.206717892215                     0.634378278742
 599                     0.463832276434                     0.636891486640
 600                    -0.550970871272                     0.637325434848
 601                     0.721917879329                     0.639368356017
 602                    -0.238455196002                     0.647156771876
 603                    -0.621524890846                     0.647709657245
 604                     0.018659188218                     0.649669979773
 605                     0.275773572437                     0.652183187670
 606                     0.532887956657                     0.654696395567
 607                    -0.169399515780                     0.664961680803
 608                    -0.421151674998                     0.667205457025
 609                     0.087714868440                     0.667474888700
 610                     0.344829252659                     0.669988096598
 611                     0.601880598479                     0.672744030516
 612                    -0.491776532034                     0.677096428738
 613                    -0.686370742133                     0.677386539218
 614                    -0.100343835558                     0.682766589730
 615                     0.156770548662                     0.685279797627
 616                    -0.351223294805                     0.685698346553
 617                     0.413884932881                     0.687793005525
 618                     0.671987605407                     0.691476309930
 619                    -0.031288155336                     0.700571498657
 620                     0.225826228884                     0.703084706555
 621                    -0.282167614583                     0.703503255481
 622                     0.482940613103                     0.705597914452
 623                    -0.565744110989                     0.707092569956
 624                     0.037767524886                     0.718376407584
 625                     0.294881909106                     0.720889615483
 626                    -0.213111934361                     0.721308164408
 627                    -0.634434804610                     0.726257390923
 628                    -0.401901482383                     0.735872274609
 629                     0.106823205108                     0.736181316511
 630                     0.363937589328                     0.738694524410
 631                     0.614915604438                     0.742856728171
 632                     0.543601890882                     0.743093395927
 633                    -0.505237844751                     0.747128527184
 634                    -0.081235498890                     0.751473017542
 635                     0.175878885330                     0.753986225439
 636                     0.433291309746                     0.756790835070
 637                    -0.333855583444                     0.757687564630
 638                    -0.152211090645                     0.758413271705
 639                    -0.012179818668                     0.769277926469
 640                     0.244934565552                     0.771791134367
 641                    -0.263059277914                     0.772209683292
 642                    -0.569371657189                     0.778314354975
 643                     0.056875861554                     0.787082835396
 644                     0.313990245774                     0.789596043294
 645                    -0.443244734912                     0.793979393133
 646                     0.127775718912                     0.806633990191
 647                     0.383045925996                     0.807400952222
 648                    -0.202859041543                     0.810670508310
 649                     0.521782204933                     0.810987453531
 650                    -0.375519269428                     0.816316874589
 651                    -0.510297031865                     0.818262951892
 652                    -0.062127162221                     0.820179445353
 653                     0.451988998424                     0.825637029566
 654                    -0.133102753976                     0.827119699517
 655                    -0.305445647633                     0.829560336426
 656                     0.192889055130                     0.835719299186
 657                     0.006928518001                     0.837984354280
 658                     0.264042902219                     0.840497562179
 659                     0.076082756418                     0.855761776437
 660                     0.333098582441                     0.858302471106
 661                    -0.428726828568                     0.863800107453
 662                    -0.245403754272                     0.868039847786
 663                     0.402041654870                     0.876538548450
 664                    -0.175931079680                     0.884141066304
 665                     0.141196092636                     0.884847085432
 666                    -0.105158617757                     0.892913773201
 667                    -0.363719346561                     0.893121243789
 668                    -0.033931367555                     0.896432378243
 669                     0.225450618766                     0.900467032834
 670                    -0.296722775292                     0.917558125567
 671                     0.294506298988                     0.918271941762
 672                     0.043207478865                     0.919046196942
 673                    -0.225582353788                     0.937454612822
 674                     0.172931570815                     0.948710699310
 675                    -0.153933785641                     0.951977787980
 676                     0.102348601042                     0.958896283774
 677                    -0.083161323719                     0.960750494878
 678                    -0.011934073517                     0.964269099919
