   1                     0.004445850943                    -0.962368565090
   2                     0.079850612599                    -0.958954885527
   3                    -0.114199699480                    -0.955579117239
   4                     0.154482858517                    -0.949053120998
   5                    -0.188504263016                    -0.943736808379
   6                     0.232887623359                    -0.933775334623
   7                    -0.261656558453                    -0.926125729090
   8                    -0.052239782470                    -0.912889807972
   9                     0.305126038447                    -0.912727298444
  10                    -0.333209428496                    -0.902853530439
  11                     0.035929057448                    -0.894029585367
  12                     0.375499312691                    -0.886100043354
  13                     0.183451160177                    -0.877052812204
  14                    -0.124758377703                    -0.877034532857
  15                    -0.402725492641                    -0.874062468157
  16                     0.108296173303                    -0.873428396461
  17                    -0.205891207334                    -0.870530916480
  18                     0.443577276090                    -0.854056333505
  19                    -0.278583812438                    -0.851109443706
  20                    -0.469779820746                    -0.839928533081
  21                    -0.036145011500                    -0.839389013494
  22                     0.318432527272                    -0.837061380613
  23                     0.243390818481                    -0.831570444150
  24                     0.036222104361                    -0.818787824589
  25                    -0.352864967812                    -0.817684843671
  26                     0.508943789167                    -0.816792042158
  27                    -0.163348916169                    -0.808469963346
  28                     0.386510490671                    -0.805017670764
  29                     0.108589220217                    -0.798186635683
  30                    -0.090981800318                    -0.787868774426
  31                    -0.554806992502                    -0.786360109451
  32                     0.182865190005                    -0.784873156279
  33                    -0.289743490357                    -0.776699296345
  34                     0.451877003748                    -0.767753379417
  35                    -0.017802606508                    -0.766416658314
  36                    -0.482439876651                    -0.765758920530
  37                    -0.407197649071                    -0.765633250741
  38                     0.328585517844                    -0.756995738645
  39                     0.253343186680                    -0.756989221254
  40                    -0.217373646554                    -0.756098817203
  41                     0.602758998867                    -0.750236369386
  42                     0.054564509349                    -0.745815469408
  43                     0.527780102707                    -0.743945616482
  44                    -0.614311482181                    -0.740303779556
  45                    -0.145006511196                    -0.735497608161
  46                     0.126951359957                    -0.725219243886
  47                    -0.344089049085                    -0.724661149875
  48                     0.393952030921                    -0.719731447297
  49                    -0.072639395326                    -0.714896419246
  50                    -0.542778048525                    -0.712085531375
  51                     0.199318475811                    -0.704618054979
  52                    -0.271398338708                    -0.703727631623
  53                     0.659528173957                    -0.700853485702
  54                     0.470713317288                    -0.694906953741
  55                     0.000539798479                    -0.693444303133
  56                    -0.470410932674                    -0.691484342456
  57                    -0.674505702651                    -0.686451074553
  58                     0.271685591666                    -0.684016866072
  59                    -0.199031222857                    -0.683126442703
  60                     0.574787950457                    -0.680374399610
  61                     0.072926649088                    -0.672848077611
  62                    -0.397755777253                    -0.671923205952
  63                    -0.602138586800                    -0.665849885633
  64                     0.344052707520                    -0.663415677165
  65                    -0.126664106204                    -0.662525252980
  66                     0.145293764942                    -0.652246888704
  67                    -0.324631966922                    -0.650552550348
  68                     0.712265857861                    -0.647186502015
  69                     0.416419823375                    -0.642814488258
  70                    -0.054296990045                    -0.641924063753
  71                    -0.524435643553                    -0.639113176190
  72                     0.217660880797                    -0.631645699797
  73                     0.633934361129                    -0.630097813234
  74                    -0.252264851071                    -0.629951361428
  75                    -0.730841522923                    -0.626064830108
  76                     0.489055722274                    -0.621934598559
  77                     0.018901938219                    -0.620476911336
  78                    -0.451023793651                    -0.618782573000
  79                    -0.656163297679                    -0.613478719368
  80                     0.290027996651                    -0.611044510890
  81                    -0.179897735220                    -0.609350172508
  82                     0.562616348665                    -0.606115537701
  83                     0.091269054073                    -0.599875722429
  84                    -0.378656677800                    -0.598181384082
  85                    -0.583796181828                    -0.592877530448
  86                     0.362395112506                    -0.590443321983
  87                     0.760649681469                    -0.589563467953
  88                    -0.107530619369                    -0.588748983588
  89                     0.163636169928                    -0.579274533522
  90                    -0.306289561949                    -0.577580195162
  91                     0.686578593851                    -0.576339156233
  92                     0.434762228360                    -0.569842133076
  93                    -0.035163503518                    -0.568147794668
  94                    -0.505048504529                    -0.566411406735
  95                    -0.778260434355                    -0.566112812946
  96                     0.236003285782                    -0.558673344615
  97                    -0.233922446098                    -0.556979006242
  98                    -0.703807447108                    -0.555242618308
  99                     0.512136326899                    -0.550319696956
 100                     0.037244343193                    -0.547504556151
 101                    -0.432681388678                    -0.545810217815
 102                     0.308370401637                    -0.538072155708
 103                    -0.161555330247                    -0.536377817323
 104                    -0.631440331257                    -0.534641429389
 105                     0.585696953290                    -0.534500636098
 106                     0.804383889475                    -0.528336615253
 107                     0.109611459047                    -0.526903367244
 108                    -0.360314272827                    -0.525209028896
 109                     0.380737517491                    -0.517470966801
 110                    -0.089188214396                    -0.515776628403
 111                     0.730312801856                    -0.515112303532
 112                    -0.559073215407                    -0.514040240469
 113                     0.655558332269                    -0.506557905940
 114                     0.181978574902                    -0.506302178337
 115                    -0.287947156976                    -0.504607839977
 116                     0.453104642991                    -0.496869780318
 117                    -0.016821098545                    -0.495175439483
 118                    -0.486706099556                    -0.493439051549
 119                    -0.759918029383                    -0.493140457760
 120                     0.254345690756                    -0.485700989430
 121                    -0.215580041125                    -0.484006651057
 122                    -0.685465042135                    -0.482270263123
 123                    -0.834033584290                    -0.480167680024
 124                     0.525471795786                    -0.476268540915
 125                     0.055586748165                    -0.474532200966
 126                    -0.414338983705                    -0.472837862630
 127                     0.326712806611                    -0.465099800523
 128                     0.843201148228                    -0.463880204677
 129                    -0.143212925274                    -0.463405462137
 130                    -0.613097926285                    -0.461669074203
 131                     0.598375394435                    -0.457654735673
 132                     0.127953864019                    -0.453931012058
 133                    -0.341971867854                    -0.452236673711
 134                     0.759588248005                    -0.445798836628
 135                     0.399079922465                    -0.444498611616
 136                    -0.070845809423                    -0.442804273218
 137                    -0.540730810434                    -0.441067885284
 138                     0.684833778417                    -0.437244439036
 139                     0.200320979874                    -0.433329823151
 140                    -0.269604752003                    -0.431635484791
 141                     0.471447038320                    -0.423897422709
 142                     0.001521306428                    -0.422203084298
 143                    -0.468363694583                    -0.420466696364
 144                    -0.757804795150                    -0.417927808009
 145                    -0.868997076767                    -0.413542139611
 146                     0.272688095728                    -0.412728634244
 147                    -0.197237636152                    -0.411034295872
 148                    -0.667491932260                    -0.409205897429
 149                     0.543878233349                    -0.403312310902
 150                     0.073929153143                    -0.401559845782
 151                    -0.395996578732                    -0.399865507445
 152                     0.814478691750                    -0.394335766112
 153                     0.345055211583                    -0.392127445337
 154                    -0.124870520301                    -0.390433106952
 155                    -0.594755521312                    -0.388696719018
 156                     0.616781831997                    -0.384698505656
 157                     0.146296268997                    -0.380958656874
 158                    -0.323629462881                    -0.379264318525
 159                     0.886845807605                    -0.373734577205
 160                     0.417422327437                    -0.371526256430
 161                    -0.052503404450                    -0.369831918033
 162                    -0.522388405461                    -0.368095530098
 163                    -0.811404644649                    -0.365121893803
 164                     0.688548385869                    -0.362093855984
 165                     0.218663384852                    -0.360357467967
 166                    -0.251262347030                    -0.358663129606
 167                    -0.722477695215                    -0.351494349183
 168                     0.489789443292                    -0.350925067523
 169                     0.019863713368                    -0.349230727086
 170                    -0.450021289610                    -0.347494341179
 171                    -0.898648659615                    -0.344388744351
 172                     0.760915501724                    -0.341492667077
 173                     0.291030500706                    -0.339756279060
 174                    -0.178895231179                    -0.338061940686
 175                    -0.648780232190                    -0.336325552752
 176                     0.562156559146                    -0.330323878616
 177                     0.092271558123                    -0.328587490599
 178                    -0.377654173759                    -0.326893152259
 179                     0.833282617578                    -0.320891478170
 180                     0.363397616568                    -0.319155090155
 181                    -0.106528115328                    -0.317460751767
 182                    -0.576413116339                    -0.315724363833
 183                     0.634523675001                    -0.309722689709
 184                     0.164638673978                    -0.307986301691
 185                    -0.305287057908                    -0.306291963340
 186                     0.913332915308                    -0.303308434566
 187                     0.435764732423                    -0.298553901248
 188                    -0.776717497356                    -0.298352063384
 189                    -0.034160999475                    -0.296859562848
 190                    -0.504046000488                    -0.295123174913
 191                     0.706890790855                    -0.289121500802
 192                     0.237005789832                    -0.287385112784
 193                    -0.850969031867                    -0.286181686881
 194                    -0.232919942057                    -0.285690774421
 195                    -0.704135290242                    -0.278521993998
 196                     0.508131848277                    -0.277952712341
 197                     0.038206124554                    -0.276258365492
 198                    -0.431678884637                    -0.274521985994
 199                    -0.924131767418                    -0.268614030001
 200                     0.779257906709                    -0.268520311895
 201                     0.309372905699                    -0.266783923880
 202                    -0.160552826206                    -0.265089585501
 203                    -0.630437827217                    -0.263353197567
 204                     0.580498964132                    -0.257351523434
 205                     0.110613963103                    -0.255615135415
 206                    -0.359311768786                    -0.253920797074
 207                     0.859769725282                    -0.250465335531
 208                     0.381740021554                    -0.246182734973
 209                    -0.088185710353                    -0.244488396582
 210                    -0.558070711366                    -0.242752008647
 211                     0.652866079986                    -0.236750334527
 212                     0.182981078957                    -0.235013946508
 213                    -0.286944652935                    -0.233319608155
 214                     0.934267228321                    -0.230234610066
 215                     0.454107137408                    -0.225581546066
 216                    -0.765069723863                    -0.224016756738
 217                    -0.015818594502                    -0.223887207663
 218                    -0.485703595515                    -0.222150819728
 219                     0.725233195840                    -0.216149145620
 220                     0.255348194830                    -0.214412757605
 221                    -0.872336362499                    -0.214037070844
 222                    -0.214577537084                    -0.212718419235
 223                    -0.685837854418                    -0.205538350051
 224                     0.526474253263                    -0.204980357159
 225                     0.056548534757                    -0.203286004912
 226                    -0.413336479664                    -0.201549630808
 227                     0.805745014413                    -0.198094169256
 228                     0.327715310685                    -0.193811568698
 229                    -0.142210421232                    -0.192117230316
 230                    -0.612140357674                    -0.190369556232
 231                    -0.943510832966                    -0.189632087844
 232                     0.598841369117                    -0.184379168252
 233                     0.128956368084                    -0.182642780232
 234                    -0.340969363813                    -0.180948441889
 235                     0.879781807300                    -0.177933101216
 236                     0.400082426539                    -0.173210379791
 237                    -0.069843305380                    -0.171516041397
 238                    -0.539728306393                    -0.169779653462
 239                    -0.813836355833                    -0.166717332240
 240                     0.671208484971                    -0.163777979345
 241                     0.201323483961                    -0.162041591330
 242                    -0.268602247962                    -0.160347252970
 243                    -0.739830282611                    -0.153133902346
 244                     0.472449542394                    -0.152609190884
 245                     0.950334017888                    -0.151783645722
 246                     0.002523810471                    -0.150914852477
 247                    -0.467361190542                    -0.149178464543
 248                     0.743658632691                    -0.143197711649
 249                     0.273690599816                    -0.141440402423
 250                    -0.884267472128                    -0.139746714374
 251                    -0.196235132110                    -0.139746064050
 252                    -0.667450485531                    -0.132577311771
 253                     0.544816658248                    -0.132008001977
 254                     0.074890946553                    -0.130313642688
 255                    -0.394994074691                    -0.128577275623
 256                     0.816302912138                    -0.123596254942
 257                     0.346057715670                    -0.120839213516
 258                    -0.123868016259                    -0.119144875131
 259                    -0.593753026367                    -0.117408496580
 260                    -0.955441942594                    -0.115341731373
 261                     0.617183774102                    -0.111406813070
 262                     0.147298773092                    -0.109670425055
 263                    -0.322626958840                    -0.107976086704
 264                     0.888735193833                    -0.103225368610
 265                     0.418424831525                    -0.100238024609
 266                    -0.051500900408                    -0.098543686211
 267                    -0.521385914094                    -0.096807295091
 268                    -0.813286809823                    -0.091477007675
 269                     0.689633921822                    -0.090826545374
 270                     0.219665888947                    -0.089069236148
 271                    -0.250259842989                    -0.087374897785
 272                    -0.723167228944                    -0.079759853228
 273                     0.490791947379                    -0.079636835702
 274                     0.020866215443                    -0.077942497292
 275                     0.959287404421                    -0.077075913117
 276                    -0.449018798243                    -0.076206106172
 277                     0.762001037676                    -0.070225356467
 278                     0.292033004801                    -0.068468047241
 279                    -0.177892727138                    -0.066773708865
 280                    -0.883529823736                    -0.064507998832
 281                    -0.649108093232                    -0.059604953400
 282                     0.563159063234                    -0.059035646795
 283                     0.093233380672                    -0.057341257434
 284                    -0.376651682392                    -0.055604917252
 285                     0.834645317124                    -0.050623899760
 286                     0.364400120656                    -0.047866858334
 287                    -0.105525611287                    -0.046172519946
 288                    -0.575410634068                    -0.044436138209
 289                    -0.961532731938                    -0.040346326670
 290                     0.635609210953                    -0.038455379099
 291                     0.165641178078                    -0.036698069873
 292                    -0.304284566541                    -0.035003728333
 293                     0.436767236510                    -0.027265669427
 294                    -0.775959432201                    -0.026146499325
 295                    -0.033158495436                    -0.025571331026
 296                     0.905277032255                    -0.024689959466
 297                    -0.503043509122                    -0.023834939906
 298                     0.707976326808                    -0.017854190192
 299                     0.238008293932                    -0.016096880966
 300                    -0.231917450690                    -0.014402539413
 301                    -0.703132804110                    -0.007233787134
 302                     0.509134352365                    -0.006664480520
 303                     0.039208620415                    -0.004970142106
 304                    -0.430676393271                    -0.003233750986
 305                     0.781347817940                     0.002487163328
 306                     0.310375409787                     0.004504307941
 307                    -0.159550334839                     0.006198649506
 308                    -0.903831159895                     0.007943807160
 309                    -0.630765688259                     0.013367401785
 310                     0.581584500084                     0.013915787176
 311                     0.111596042083                     0.015652018157
 312                    -0.358309277420                     0.017367437933
 313                     0.962062473859                     0.024674218470
 314                     0.382742525641                     0.025105496848
 315                    -0.830701545884                     0.025814916112
 316                    -0.087183218988                     0.026799838425
 317                    -0.557068229096                     0.028536216977
 318                     0.653951615939                     0.034516976083
 319                     0.183983570602                     0.036274288441
 320                    -0.285942161569                     0.037968626852
 321                     0.864332359869                     0.038656412843
 322                     0.455109641496                     0.045706685755
 323                    -0.757617027228                     0.046825855861
 324                    -0.014816103137                     0.047401027345
 325                    -0.484701104149                     0.049137415279
 326                     0.726318731793                     0.055118164990
 327                     0.256350698918                     0.056875474216
 328                    -0.960675035900                     0.057240685381
 329                    -0.213575045718                     0.058569815772
 330                    -0.684790399137                     0.065738568051
 331                     0.527559789215                     0.066286953451
 332                     0.057551012714                     0.068002216265
 333                    -0.412333988298                     0.069738604199
 334                     0.798690332429                     0.075703593401
 335                     0.328717814772                     0.077476663123
 336                    -0.141207929867                     0.079171004691
 337                    -0.884569720116                     0.080678980076
 338                    -0.612423283286                     0.086339756970
 339                     0.599926905070                     0.086888142358
 340                     0.129958793766                     0.088645386667
 341                    -0.339966872447                     0.090339793118
 342                     0.401084930627                     0.098077852031
 343                    -0.811641738106                     0.099197022126
 344                     0.957194432143                     0.099758908063
 345                    -0.068840814016                     0.099772193611
 346                    -0.538725824123                     0.101508572162
 347                     0.672294020924                     0.107489331265
 348                     0.202325988049                     0.109246640491
 349                    -0.267599756596                     0.110940982038
 350                     0.882721240896                     0.111658110911
 351                     0.473535078346                     0.118658119726
 352                    -0.739274622255                     0.119798211046
 353                     0.003526301836                     0.120373382531
 354                    -0.466358699176                     0.122109770465
 355                     0.744661136779                     0.128090520172
 356                     0.274693103903                     0.129847829398
 357                    -0.195232640745                     0.131542170957
 358                    -0.953267014253                     0.132117448510
 359                    -0.666447994164                     0.138710923236
 360                     0.545902194201                     0.139259308633
 361                     0.075893417903                     0.140974571396
 362                    -0.393991583325                     0.142710959384
 363                     0.817032737415                     0.148675948583
 364                     0.347060219758                     0.150449018306
 365                    -0.122865524894                     0.152143359877
 366                    -0.881873153368                     0.155872975643
 367                    -0.594080878313                     0.159312112156
 368                     0.618269310055                     0.159860497540
 369                     0.148301277172                     0.161617806758
 370                    -0.321624467474                     0.163312148303
 371                     0.419510367478                     0.171029286001
 372                    -0.050498409043                     0.172744548796
 373                     0.946475357719                     0.174233802390
 374                    -0.808945171357                     0.174391017693
 375                    -0.520383419150                     0.174480927347
 376                     0.690636425910                     0.180461686447
 377                     0.220668393034                     0.182218995673
 378                    -0.249257351623                     0.183913337223
 379                     0.491877483332                     0.191630474908
 380                     0.021868707025                     0.193345737662
 381                    -0.734774445805                     0.194905846166
 382                    -0.448016294203                     0.195082125650
 383                     0.874745058639                     0.196953235379
 384                     0.763019433145                     0.201058879041
 385                     0.293035508889                     0.202820184581
 386                    -0.176890235772                     0.204514526142
 387                    -0.939293179963                     0.209339897778
 388                    -0.648105589191                     0.211683278421
 389                     0.564244599187                     0.212231663815
 390                     0.094235835433                     0.213946923424
 391                    -0.375649178352                     0.215683314569
 392                     0.365485656609                     0.223400452276
 393                    -0.104523119920                     0.225115715062
 394                    -0.866800630637                     0.229590188694
 395                    -0.575738473340                     0.232284467341
 396                     0.636611715041                     0.232832852722
 397                     0.166643682157                     0.234590161940
 398                    -0.303282062501                     0.236284503489
 399                     0.437852772463                     0.244001641183
 400                    -0.032156003943                     0.245716903949
 401                    -0.789096794829                     0.246968220661
 402                    -0.502041014177                     0.247453282532
 403                     0.929361648151                     0.249631967732
 404                     0.708994722276                     0.253430045316
 405                     0.239010798009                     0.255191350858
 406                    -0.230914946650                     0.256885692408
 407                    -0.703021017080                     0.263119687912
 408                     0.510219888318                     0.264602830090
 409                     0.040211124555                     0.266318089690
 410                    -0.429673889230                     0.268054480835
 411                     0.856493311166                     0.269948318472
 412                     0.781361838131                     0.274031234223
 413                     0.311460945740                     0.275771618551
 414                    -0.158547830798                     0.277486881328
 415                    -0.919841236776                     0.282957805672
 416                    -0.629763184218                     0.284655633607
 417                     0.582587004172                     0.285204018997
 418                     0.112578240419                     0.286919278607
 419                    -0.357306773379                     0.288655669754
 420                     0.383828061594                     0.296372807458
 421                    -0.086180714913                     0.298088070239
 422                    -0.841883502390                     0.300586985533
 423                    -0.557396068367                     0.305256822526
 424                     0.654970011407                     0.305801211591
 425                     0.184986087133                     0.307562517127
 426                    -0.284939657528                     0.309256858674
 427                    -0.758094726083                     0.315752861820
 428                     0.456195177449                     0.316973996365
 429                    -0.013813586324                     0.318689255955
 430                    -0.483698609204                     0.320425637718
 431                     0.727337127262                     0.326402400498
 432                     0.904930660108                     0.327526366971
 433                     0.257436234871                     0.328142784826
 434                    -0.212572541677                     0.329858047593
 435                    -0.684678612107                     0.336092043097
 436                     0.528562293303                     0.337575185272
 437                     0.058553529541                     0.339290444873
 438                     0.828139883568                     0.339644025548
 439                    -0.411331484257                     0.341026836020
 440                     0.329803350725                     0.348743973733
 441                    -0.140205425821                     0.350459236512
 442                    -0.894924108529                     0.353954602511
 443                    -0.611420779245                     0.357627988792
 444                     0.600945300538                     0.358172377866
 445                     0.130920645393                     0.359891633791
 446                    -0.338964368406                     0.361628024940
 447                     0.402170466580                     0.369345162640
 448                    -0.811495980610                     0.369420167658
 449                    -0.067838297201                     0.371060422222
 450                    -0.539053663394                     0.378229177711
 451                     0.673312416393                     0.378773566773
 452                     0.203411524002                     0.380513951100
 453                    -0.266597252555                     0.382229213859
 454                     0.770513521604                     0.388023885494
 455                    -0.738703322985                     0.388463209363
 456                     0.474537582434                     0.389946351547
 457                     0.004528818662                     0.391661611137
 458                    -0.465356204231                     0.393397992903
 459                     0.876577232509                     0.397222074047
 460                     0.275778639856                     0.401115140008
 461                    -0.194230136702                     0.402830402778
 462                    -0.666336207134                     0.409064398282
 463                     0.546920589669                     0.410543544141
 464                     0.076895934515                     0.412262800058
 465                    -0.392989079283                     0.413999191206
 466                     0.348145755710                     0.421716328915
 467                    -0.864536586748                     0.422787784636
 468                    -0.121863008079                     0.423431588487
 469                    -0.593078374272                     0.430600343977
 470                     0.619287705524                     0.431144733048
 471                     0.149346082255                     0.432843067759
 472                    -0.320621963432                     0.434600380125
 473                     0.420512871565                     0.442317517822
 474                    -0.049495892215                     0.444032777404
 475                    -0.520711258421                     0.451201532897
 476                    -0.794923292173                     0.451342953342
 477                     0.691654821379                     0.451745921955
 478                     0.221753928983                     0.453486306283
 479                    -0.248254847580                     0.455201569044
 480                    -0.720360918012                     0.461435564548
 481                     0.492895878801                     0.462914710416
 482                     0.767634092911                     0.463211100709
 483                     0.842865560141                     0.464489685775
 484                     0.022871223636                     0.464633966322
 485                    -0.447013799257                     0.466370348088
 486                     0.294121044837                     0.474087495191
 487                    -0.175887718958                     0.475802754752
 488                    -0.647993802161                     0.482036753468
 489                     0.565262994655                     0.483515899323
 490                     0.095321371378                     0.485214234025
 491                    -0.374646674310                     0.486971546391
 492                     0.366488160692                     0.494688684098
 493                    -0.103520603093                     0.496403943669
 494                    -0.574735969299                     0.503572699162
 495                     0.167688487237                     0.505815422942
 496                    -0.302279558458                     0.507572735310
 497                     0.641717066131                     0.508400959439
 498                     0.438871167932                     0.515285876691
 499                    -0.031153487241                     0.517005132589
 500                     0.719991471671                     0.521448451979
 501                    -0.502752397480                     0.525573350694
 502                    -0.806073993323                     0.525754446441
 503                     0.240096333967                     0.526458661466
 504                    -0.229912429835                     0.528173921019
 505                     0.802151694134                     0.530068740485
 506                    -0.707696349874                     0.535604406762
 507                     0.511238283786                     0.535887065598
 508                     0.041296660499                     0.537585400290
 509                    -0.428671394284                     0.539342703273
 510                     0.312463449822                     0.547059850373
 511                    -0.157545313972                     0.548775109935
 512                    -0.635329234023                     0.556205595681
 513                     0.583605399641                     0.556488254505
 514                     0.113663776359                     0.558186589208
 515                    -0.356304277991                     0.559943903752
 516                     0.384846457062                     0.567657042966
 517                    -0.085178198119                     0.569376298854
 518                    -0.563294357965                     0.577940017062
 519                     0.186030892221                     0.578787778124
 520                    -0.283937140713                     0.580545087285
 521                    -0.762536348955                     0.587121228697
 522                     0.683396940200                     0.587192263154
 523                     0.457213572917                     0.588258231873
 524                    -0.012728050378                     0.589956566556
 525                     0.758776565504                     0.591553471480
 526                     0.258450103213                     0.599442737175
 527                    -0.211570024849                     0.601146276201
 528                    -0.491860633291                     0.601575401989
 529                    -0.690501472897                     0.608855650077
 530                     0.059639065477                     0.610557755473
 531                    -0.417612733057                     0.613767930537
 532                     0.539516096343                     0.617459908821
 533                     0.330821746193                     0.620028209241
 534                    -0.139202908998                     0.621747465119
 535                     0.617566308734                     0.623630380589
 536                    -0.618134357046                     0.629456838997
 537                     0.132006181328                     0.631158944395
 538                    -0.337961851590                     0.632916253551
 539                     0.403188862048                     0.640629398148
 540                    -0.066752761256                     0.642327732821
 541                     0.204373297179                     0.651760133313
 542                    -0.265594735727                     0.653517442467
 543                    -0.544159244138                     0.656219568937
 544                     0.699825138151                     0.660619252426
 545                     0.475555977902                     0.661230587055
 546                     0.005614354597                     0.662928921741
 547                    -0.466788241970                     0.672517516667
 548                    -0.193227619875                     0.674118631386
 549                     0.279595834011                     0.675140044290
 550                    -0.677955105069                     0.683044578468
 551                     0.077981470448                     0.683530110659
 552                    -0.392540341736                     0.684710045215
 553                     0.575853246665                     0.686251694008
 554                    -0.120777472134                     0.694698899087
 555                    -0.605587989218                     0.703645767388
 556                     0.150468081502                     0.704254288574
 557                    -0.319619446604                     0.705888608733
 558                     0.646076058110                     0.713273263064
 559                     0.415713491507                     0.714821999520
 560                    -0.048410356282                     0.715300088007
 561                     0.340597894229                     0.719187258624
 562                     0.222956316930                     0.724671585215
 563                    -0.247252330753                     0.726489797652
 564                     0.512469020919                     0.726796093968
 565                    -0.509179578403                     0.734681678664
 566                     0.023956759569                     0.735901276926
 567                    -0.174802183012                     0.747070065352
 568                     0.096323875420                     0.756502465844
 569                    -0.374197936750                     0.757682400397
 570                     0.588377715493                     0.761567255451
 571                    -0.102435067161                     0.767671254271
 572                     0.283975910566                     0.768778722311
 573                    -0.574436937675                     0.772136791831
 574                    -0.446931542479                     0.776949757224
 575                     0.457051715424                     0.777691385431
 576                    -0.302025118173                     0.779044945172
 577                     0.381936118146                     0.782056644535
 578                     0.209725694477                     0.798741545867
 579                    -0.228826893889                     0.799441231619
 580                    -0.014763948919                     0.800415734032
 581                     0.527082802374                     0.805206023391
 582                    -0.512358898650                     0.814654147254
 583                     0.137413479873                     0.819534623093
 584                    -0.156459778038                     0.820042420538
 585                     0.057603166933                     0.821016922950
 586                     0.325463321050                     0.831778185437
 587                    -0.374415362846                     0.832924417696
 588                    -0.079215419296                     0.839241194851
 589                    -0.282851604766                     0.851812397884
 590                    -0.447148968575                     0.852191774524
 591                     0.447016139187                     0.852261457518
 592                     0.255197945628                     0.858688879559
 593                    -0.210484488915                     0.872413586804
 594                     0.182885731023                     0.879481956784
 595                     0.379067888204                     0.884579310631
 596                     0.106293739805                     0.888039879968
 597                     0.031128624288                     0.891447789999
 598                    -0.133240130173                     0.891612361117
 599                    -0.340545020271                     0.900112276238
 600                    -0.042861410733                     0.905118311536
 601                     0.308802512780                     0.911490004753
 602                    -0.264372078757                     0.925059929009
 603                     0.235782351340                     0.933009943541
 604                    -0.187264841050                     0.943983527383
 605                     0.155806886897                     0.949682702096
 606                    -0.096886121610                     0.957489477803
 607                     0.081137741229                     0.958952390691
 608                     0.005972625712                     0.962360300722
