   1                     0.021250871636                    -0.962100519601
   2                    -0.054067789536                    -0.960815114107
   3                     0.096439319410                    -0.957490713811
   4                    -0.155162057610                    -0.949744041961
   5                     0.175756053892                    -0.945425051065
   6                    -0.234927356266                    -0.933219238250
   7                     0.249681362872                    -0.929380560587
   8                    -0.312189344233                    -0.910288314359
   9                     0.336312204671                    -0.901655760449
  10                    -0.098564633566                    -0.900032025511
  11                     0.044706672646                    -0.890515755951
  12                     0.125709426856                    -0.888080240551
  13                    -0.385814001475                    -0.881610211844
  14                    -0.182189602988                    -0.879429997995
  15                     0.199546197012                    -0.873157628146
  16                     0.405945826757                    -0.872523349315
  17                    -0.028440647461                    -0.872515129597
  18                    -0.255141328138                    -0.860652384045
  19                     0.274692843568                    -0.858324393920
  20                    -0.461038239758                    -0.844708678092
  21                    -0.326178435736                    -0.835586823366
  22                     0.482088670215                    -0.832874254262
  23                    -0.125592178944                    -0.829717981545
  24                     0.345967554828                    -0.826947479774
  25                     0.083299544799                    -0.825823073157
  26                    -0.395853642195                    -0.806952602705
  27                    -0.196942760085                    -0.805559182759
  28                     0.002963354683                    -0.804043663735
  29                     0.224557677709                    -0.802101461479
  30                     0.415426551614                    -0.797792707379
  31                     0.545757423666                    -0.792614561988
  32                     0.150060909219                    -0.790930764425
  33                    -0.269637605130                    -0.785810448826
  34                    -0.501999214287                    -0.781488811327
  35                    -0.068526974295                    -0.780135302556
  36                     0.293851320325                    -0.772555834375
  37                    -0.576526469305                    -0.770523354320
  38                    -0.339312811590                    -0.757176228166
  39                    -0.140014225263                    -0.755781809288
  40                     0.059560778728                    -0.754331647284
  41                     0.472023975659                    -0.748080690929
  42                     0.611754831331                    -0.742862730055
  43                    -0.410690921795                    -0.733098633539
  44                    -0.211364806404                    -0.731623010502
  45                    -0.012066220076                    -0.730228591625
  46                     0.191314687177                    -0.727901574423
  47                     0.391838291490                    -0.726251481696
  48                    -0.635028930739                    -0.723067954266
  49                     0.540842819491                    -0.717445421685
  50                    -0.482013973873                    -0.708858630593
  51                     0.118738523481                    -0.707721052845
  52                    -0.282715387545                    -0.707464211715
  53                    -0.083416801218                    -0.706069792839
  54                     0.320487710349                    -0.702092682909
  55                    -0.566515268390                    -0.691002141991
  56                     0.670911509797                    -0.689174967834
  57                    -0.354065968687                    -0.683305412929
  58                    -0.154767382360                    -0.681910994052
  59                     0.044531203968                    -0.680516575175
  60                     0.248738116197                    -0.679146033327
  61                     0.448435715535                    -0.676539465246
  62                     0.598310860155                    -0.668742472183
  63                    -0.425416549828                    -0.659146614143
  64                    -0.226117963501                    -0.657752195266
  65                    -0.026819377173                    -0.656357776389
  66                     0.172503449677                    -0.654958512164
  67                     0.377085134393                    -0.652380666459
  68                    -0.709053798738                    -0.650639469951
  69                    -0.633779657420                    -0.647748685124
  70                     0.517254559367                    -0.645904196002
  71                    -0.496767130970                    -0.634987815356
  72                    -0.297468544642                    -0.633593396479
  73                    -0.098169958315                    -0.632198977602
  74                     0.725997088988                    -0.631678111179
  75                     0.101144943799                    -0.630823130846
  76                     0.304485294743                    -0.628482386871
  77                     0.652277623115                    -0.616186392766
  78                    -0.568117712111                    -0.610829016569
  79                    -0.368819125784                    -0.609434597693
  80                    -0.169520539456                    -0.608040178815
  81                     0.029778046871                    -0.606645759939
  82                     0.229926878697                    -0.606202971068
  83                     0.433682558438                    -0.602668650009
  84                     0.574380902234                    -0.596453722457
  85                    -0.757773158993                    -0.593185341080
  86                    -0.440169706925                    -0.585275798906
  87                    -0.673920221176                    -0.584004758908
  88                    -0.240871120598                    -0.583881380029
  89                    -0.041572534270                    -0.582486961152
  90                     0.157726052057                    -0.581092542275
  91                     0.361082718787                    -0.578770370421
  92                     0.502501402270                    -0.572033380765
  93                     0.778879552873                    -0.565186386494
  94                    -0.511520288067                    -0.561117000120
  95                    -0.312221701739                    -0.559722581243
  96                     0.703749343606                    -0.559708737044
  97                    -0.112923115412                    -0.558328162366
  98                     0.086375470916                    -0.556933743489
  99                     0.285674057243                    -0.555539324612
 100                     0.630029877733                    -0.544217018631
 101                    -0.584645572230                    -0.537293040241
 102                    -0.383572282880                    -0.535563782456
 103                    -0.184273696553                    -0.534169363579
 104                     0.015024889774                    -0.532774944702
 105                     0.214323476102                    -0.531380525825
 106                     0.417680142832                    -0.529058353971
 107                    -0.805435176815                    -0.526652812876
 108                    -0.730189972001                    -0.523087403996
 109                     0.558248580815                    -0.521369734309
 110                    -0.454922864022                    -0.511404983670
 111                    -0.655857228243                    -0.510872814628
 112                    -0.255624277694                    -0.510010564793
 113                    -0.056325691367                    -0.508616145916
 114                     0.142972894960                    -0.507221727039
 115                     0.342271481288                    -0.505827308162
 116                     0.820701019486                    -0.502532432761
 117                     0.486498986663                    -0.498423084727
 118                     0.745570810219                    -0.497054783311
 119                    -0.526273445163                    -0.487246184883
 120                    -0.326974858836                    -0.485851766006
 121                    -0.127676272508                    -0.484457347129
 122                     0.071622313819                    -0.483062928252
 123                     0.270920900146                    -0.481668509375
 124                     0.671851344346                    -0.481563064898
 125                    -0.597624026304                    -0.463087386096
 126                    -0.844161266357                    -0.462039788053
 127                    -0.398325439977                    -0.461692967220
 128                    -0.199026853650                    -0.460298548343
 129                     0.000271732678                    -0.458904129466
 130                     0.598658481854                    -0.457796210842
 131                     0.199570319005                    -0.457509710589
 132                     0.398868905332                    -0.456115291712
 133                    -0.744943129099                    -0.449216588760
 134                    -0.469676021118                    -0.437534168433
 135                    -0.670610385341                    -0.437001999392
 136                     0.857493691485                    -0.436799242703
 137                    -0.270377434791                    -0.436139749556
 138                    -0.071078848464                    -0.434745330679
 139                     0.525555333913                    -0.434009152014
 140                     0.128219737864                    -0.433350911802
 141                     0.327518324191                    -0.431956492926
 142                     0.752156270940                    -0.422013563338
 143                    -0.541026602260                    -0.413375369647
 144                    -0.341728015932                    -0.411980950770
 145                    -0.142429429605                    -0.410586531893
 146                     0.056869156722                    -0.409192113016
 147                     0.655255905899                    -0.408084194392
 148                     0.256167743050                    -0.407797694139
 149                     0.455466329377                    -0.406403275262
 150                    -0.801771596976                    -0.399768856489
 151                    -0.877392195355                    -0.392060996704
 152                    -0.612377183402                    -0.389216570860
 153                    -0.413078597074                    -0.387822151983
 154                    -0.213780010746                    -0.386427733106
 155                    -0.014481424419                    -0.385033314229
 156                     0.582152757957                    -0.384297135564
 157                     0.184817161908                    -0.383638895353
 158                     0.384115748236                    -0.382244476476
 159                     0.812240339986                    -0.376577260287
 160                     0.889032124053                    -0.368389592367
 161                    -0.484429178215                    -0.363663353197
 162                    -0.685363542438                    -0.363131184155
 163                    -0.285130591888                    -0.362268934320
 164                    -0.085832005560                    -0.360874515443
 165                     0.113466580767                    -0.359480096566
 166                     0.711853329944                    -0.358372177942
 167                     0.312765167094                    -0.358085677689
 168                     0.512063753422                    -0.356691258812
 169                    -0.555779759357                    -0.339504554410
 170                    -0.756829068075                    -0.339314559008
 171                    -0.356481173029                    -0.338110135533
 172                    -0.157182586702                    -0.336715716656
 173                     0.042115999625                    -0.335321297779
 174                     0.638750182002                    -0.334585119114
 175                     0.241414585953                    -0.333926878902
 176                     0.440713172280                    -0.332532460026
 177                    -0.832601377814                    -0.331036930854
 178                    -0.907248465058                    -0.320919354372
 179                    -0.627130340499                    -0.315345755623
 180                    -0.427831754171                    -0.313951336747
 181                    -0.228533167843                    -0.312556917870
 182                    -0.029234581516                    -0.311162498993
 183                     0.170064004812                    -0.309768080116
 184                     0.768450753989                    -0.308660161493
 185                     0.369362591139                    -0.308373661239
 186                     0.843778772554                    -0.308167609950
 187                     0.568661177466                    -0.306979242363
 188                     0.917064376891                    -0.290440944995
 189                    -0.499182335312                    -0.289792537961
 190                    -0.700116699534                    -0.289260368919
 191                    -0.299883748984                    -0.288398119083
 192                    -0.100585162657                    -0.287003700206
 193                     0.098713423670                    -0.285609281329
 194                     0.695347606046                    -0.284873102665
 195                     0.298012009998                    -0.284214862453
 196                     0.497310596325                    -0.282820443576
 197                    -0.786334009407                    -0.270003582785
 198                    -0.570532916454                    -0.265633739174
 199                    -0.371234330126                    -0.264239320297
 200                    -0.171935743799                    -0.262844901420
 201                     0.027362842529                    -0.261450482543
 202                    -0.861162843178                    -0.261331868741
 203                     0.226661428856                    -0.260056063666
 204                     0.425960015184                    -0.258661644789
 205                     0.625258601511                    -0.257267225913
 206                    -0.641883497596                    -0.241474940387
 207                    -0.442584911267                    -0.240080521510
 208                    -0.243286324940                    -0.238686102634
 209                    -0.932591810215                    -0.237405823183
 210                    -0.043987738612                    -0.237291683756
 211                     0.155310847715                    -0.235897264880
 212                     0.864597456990                    -0.235771923847
 213                     0.751945030091                    -0.235161086215
 214                     0.354609434042                    -0.234502846003
 215                     0.553908020370                    -0.233108427126
 216                    -0.729924075085                    -0.220078916558
 217                     0.937550308078                    -0.216998684752
 218                    -0.513935492409                    -0.215921722724
 219                    -0.314636906081                    -0.214527303847
 220                    -0.115338319754                    -0.213132884970
 221                     0.083960266574                    -0.211738466093
 222                     0.283258852901                    -0.210344047216
 223                     0.482557439228                    -0.208949628339
 224                     0.681856025556                    -0.207555209463
 225                    -0.801309937319                    -0.196024568488
 226                    -0.585286073550                    -0.191762923937
 227                    -0.385987487223                    -0.190368505061
 228                    -0.186688900895                    -0.188974086183
 229                     0.012609685432                    -0.187579667307
 230                    -0.876156763432                    -0.187509545941
 231                     0.211908271760                    -0.186185248429
 232                     0.808542454135                    -0.185449069765
 233                     0.411206858087                    -0.184790829553
 234                     0.610505444415                    -0.183396410676
 235                    -0.670989725512                    -0.171995587450
 236                    -0.457338068364                    -0.166209706274
 237                    -0.258039482037                    -0.164815287397
 238                    -0.058740895709                    -0.163420868520
 239                     0.140557690618                    -0.162026449643
 240                    -0.947683800852                    -0.161555130675
 241                     0.339856276946                    -0.160632030766
 242                     0.539154863273                    -0.159237611890
 243                     0.738453449601                    -0.157843193013
 244                     0.877195890605                    -0.154444898289
 245                    -0.741563598411                    -0.145653957810
 246                     0.951651115103                    -0.143000575119
 247                    -0.528688649505                    -0.142050907488
 248                    -0.329390063178                    -0.140656488610
 249                    -0.130091476851                    -0.139262069734
 250                     0.069207109477                    -0.137867650856
 251                     0.268505695804                    -0.136473231980
 252                     0.467804282132                    -0.135078813103
 253                     0.667102868459                    -0.133684394226
 254                    -0.812949460645                    -0.121599609739
 255                    -0.600039230647                    -0.117892108701
 256                    -0.400740644319                    -0.116497689824
 257                    -0.201442057992                    -0.115103270947
 258                    -0.002143471665                    -0.113708852070
 259                    -0.887796286757                    -0.113084587193
 260                     0.197155114663                    -0.112314433193
 261                     0.396453700990                    -0.110920014316
 262                     0.595752287318                    -0.109525595440
 263                     0.795050873645                    -0.108131176563
 264                    -0.672319947584                    -0.096677704466
 265                    -0.472091225461                    -0.092338891038
 266                    -0.272792639133                    -0.090944472161
 267                    -0.073494052806                    -0.089550053283
 268                     0.125804533521                    -0.088155634407
 269                    -0.958408476888                    -0.086845844980
 270                     0.325103119849                    -0.086761215530
 271                     0.524401706176                    -0.085366796653
 272                     0.723700292504                    -0.083972377776
 273                     0.864976086691                    -0.080113011590
 274                    -0.742893820483                    -0.070336074825
 275                    -0.543441806602                    -0.068180092251
 276                     0.959920738922                    -0.068126238328
 277                    -0.344143220275                    -0.066785673374
 278                    -0.144844633947                    -0.065391254497
 279                     0.054453952380                    -0.063996835620
 280                     0.253752538707                    -0.062602416743
 281                     0.453051125035                    -0.061207997867
 282                     0.652349711362                    -0.059813578990
 283                    -0.814279682717                    -0.046281726755
 284                    -0.614792387743                    -0.044021293465
 285                    -0.415493801416                    -0.042626874588
 286                    -0.216195215089                    -0.041232455710
 287                    -0.016896628761                    -0.039838036834
 288                     0.182401957566                    -0.038443617957
 289                    -0.889126508829                    -0.037766704208
 290                     0.381700543893                    -0.037049199080
 291                     0.580999130221                    -0.035654780203
 292                     0.780297716549                    -0.034260361326
 293                    -0.686369212865                    -0.020541278695
 294                    -0.486844382557                    -0.018468075801
 295                    -0.287545796230                    -0.017073656924
 296                     0.905160922999                    -0.016396985984
 297                    -0.088247209903                    -0.015679238047
 298                     0.111051376425                    -0.014284819170
 299                     0.310349962752                    -0.012890400293
 300                    -0.962265088767                    -0.011615003347
 301                     0.509648549080                    -0.011495981417
 302                     0.708947135407                    -0.010101562539
 303                    -0.757755075099                     0.003513069376
 304                    -0.558194963699                     0.005690722985
 305                    -0.358896377371                     0.007085141862
 306                    -0.159597791044                     0.008479560739
 307                     0.039700795283                     0.009873979616
 308                     0.238999381611                     0.011268398493
 309                     0.438297967938                     0.012662817370
 310                     0.637596554266                     0.014057236247
 311                     0.836895140593                     0.015451655124
 312                    -0.829105656240                     0.027671868162
 313                    -0.629545544840                     0.029849521772
 314                    -0.430246958513                     0.031243940649
 315                    -0.230948372185                     0.032638359526
 316                     0.961758347043                     0.033315030466
 317                    -0.031649785858                     0.034032778403
 318                     0.167648800470                     0.035427197280
 319                    -0.903963748813                     0.036087268587
 320                     0.366947386797                     0.036821616157
 321                     0.566245973124                     0.038216035033
 322                     0.765544559451                     0.039610453911
 323                    -0.701122369961                     0.053329536541
 324                    -0.501597539654                     0.055402739435
 325                    -0.302298953327                     0.056797158312
 326                    -0.103000366999                     0.058191577190
 327                     0.096298219328                     0.059585996066
 328                     0.295596805656                     0.060980414943
 329                     0.494895391983                     0.062374833820
 330                     0.694193978310                     0.063769252697
 331                     0.893492564637                     0.065163671575
 332                    -0.772508232195                     0.077383884612
 333                    -0.572948120795                     0.079561538222
 334                    -0.373649534468                     0.080955957099
 335                    -0.174350948141                     0.082350375976
 336                     0.024947638187                     0.083744794853
 337                     0.224246224514                     0.085139213730
 338                     0.423544810842                     0.086533632607
 339                     0.622843397169                     0.087928051483
 340                    -0.958276956498                     0.088285242293
 341                     0.822141983496                     0.089322470361
 342                    -0.644999668128                     0.103576878034
 343                    -0.445000115609                     0.105114755885
 344                    -0.245701529282                     0.106509174762
 345                    -0.046402942955                     0.107903593639
 346                     0.956108759920                     0.108793840732
 347                    -0.885915581400                     0.109222873056
 348                     0.152895643373                     0.109298012516
 349                     0.352194229700                     0.110692431393
 350                     0.551492816028                     0.112086850270
 351                     0.750791402355                     0.113481269147
 352                    -0.716423507616                     0.127673613958
 353                    -0.516350696751                     0.129273554672
 354                    -0.317052110423                     0.130667973549
 355                    -0.117753524096                     0.132062392426
 356                     0.081545062232                     0.133456811303
 357                     0.280843648559                     0.134851230180
 358                     0.480142234886                     0.136245649056
 359                     0.679440821214                     0.137640067933
 360                    -0.816517037971                     0.138521254544
 361                     0.886813264780                     0.140196597290
 362                    -0.587701277892                     0.153432353458
 363                    -0.388402691565                     0.154826772335
 364                    -0.189104105237                     0.156221191212
 365                     0.010194481090                     0.157615610089
 366                     0.209493067417                     0.159010028966
 367                     0.408791653745                     0.160404447843
 368                     0.608090240072                     0.161798866720
 369                    -0.947961865947                     0.163198734273
 370                     0.815462683639                     0.164355396076
 371                    -0.659054361563                     0.177583760015
 372                    -0.459753272706                     0.178985571121
 373                    -0.260454686379                     0.180379989999
 374                    -0.061156100051                     0.181774408876
 375                     0.138142486276                     0.183168827753
 376                     0.337441072603                     0.184563246629
 377                     0.536739658931                     0.185957665507
 378                     0.736038245258                     0.187352084383
 379                    -0.876450523840                     0.187384106264
 380                     0.943410688825                     0.189908613741
 381                    -0.730402439558                     0.201749950329
 382                    -0.531103853847                     0.203144369908
 383                    -0.331805267520                     0.204538788785
 384                    -0.132506681193                     0.205933207662
 385                     0.066791905135                     0.207327626539
 386                     0.266090491462                     0.208722045416
 387                     0.465389077789                     0.210116464293
 388                     0.664687664117                     0.211510883170
 389                    -0.804894960178                     0.212948939553
 390                     0.872060107683                     0.214067412527
 391                    -0.602454434989                     0.227303168694
 392                    -0.403155848661                     0.228697587572
 393                    -0.203857262334                     0.230092006449
 394                    -0.004558676007                     0.231486425326
 395                     0.194739910321                     0.232880844203
 396                     0.394038496648                     0.234275263079
 397                     0.593337082975                     0.235669681957
 398                     0.793263710471                     0.236339828965
 399                    -0.930500334100                     0.243343198479
 400                    -0.673805016130                     0.251461967481
 401                    -0.474506429803                     0.252856386358
 402                    -0.275207843475                     0.254250805235
 403                    -0.075909257148                     0.255645224112
 404                     0.123389329179                     0.257039642989
 405                     0.322687915507                     0.258434061866
 406                     0.521986501834                     0.259828480743
 407                     0.721285088161                     0.261222899619
 408                     0.923618837498                     0.270213332258
 409                    -0.756254272843                     0.272726032287
 410                    -0.849791823114                     0.273437158954
 411                    -0.545857010944                     0.277015185144
 412                    -0.346558424617                     0.278409604022
 413                    -0.147259838289                     0.279804022899
 414                     0.052038748038                     0.281198441776
 415                     0.251337334365                     0.282592860653
 416                     0.450635920692                     0.283987279529
 417                     0.649934507020                     0.285381698407
 418                     0.849861134515                     0.286051845415
 419                    -0.617207592085                     0.301173983931
 420                    -0.417909005758                     0.302568402808
 421                    -0.218610419431                     0.303962821685
 422                    -0.019311833103                     0.305357240562
 423                     0.179986753224                     0.306751659439
 424                     0.379285339551                     0.308146078316
 425                     0.578583925879                     0.309540497193
 426                     0.778510553373                     0.310210644201
 427                    -0.906502821777                     0.323019571348
 428                    -0.688558173226                     0.325332782717
 429                    -0.489259586899                     0.326727201594
 430                    -0.289961000572                     0.328121620472
 431                    -0.090662414245                     0.329516039349
 432                     0.108636172083                     0.330910458225
 433                     0.307934758410                     0.332304877103
 434                     0.507233344737                     0.333699295979
 435                     0.706830784767                     0.335154110932
 436                     0.899114175686                     0.343049134152
 437                    -0.835207693732                     0.347341530667
 438                    -0.759908754368                     0.349491581503
 439                    -0.560610168041                     0.350886000381
 440                    -0.361311581714                     0.352280419258
 441                    -0.162012995386                     0.353674838135
 442                     0.037285590941                     0.355069257012
 443                     0.236584177269                     0.356463675889
 444                     0.435882763596                     0.357858094767
 445                     0.635181349923                     0.359252513643
 446                     0.827763594544                     0.367207932938
 447                    -0.631960749182                     0.375044799167
 448                    -0.432662162855                     0.376439218045
 449                    -0.233363576527                     0.377833636922
 450                    -0.034064990200                     0.379228055799
 451                     0.165233596127                     0.380622474676
 452                     0.364532182454                     0.382016893553
 453                     0.563830768781                     0.383411312429
 454                    -0.703311330323                     0.399203597954
 455                    -0.504012743996                     0.400598016831
 456                    -0.304714157669                     0.401992435708
 457                    -0.105415571341                     0.403386854585
 458                     0.093883014986                     0.404781273462
 459                     0.293181601313                     0.406175692340
 460                     0.492480187640                     0.407570111217
 461                     0.691778592695                     0.408964736473
 462                     0.767054625222                     0.411805848044
 463                    -0.868231021027                     0.415046869026
 464                    -0.787456556055                     0.419813440110
 465                    -0.575363325137                     0.424756815617
 466                    -0.376064738810                     0.426151234495
 467                    -0.176766152483                     0.427545653372
 468                     0.022532433845                     0.428940072249
 469                     0.221831020172                     0.430334491126
 470                     0.421129606499                     0.431728910003
 471                     0.620428011553                     0.433123535258
 472                     0.857739384688                     0.436316579237
 473                    -0.646713906279                     0.448915614404
 474                    -0.447415319951                     0.450310033281
 475                    -0.248116733624                     0.451704452158
 476                    -0.048818147297                     0.453098871035
 477                     0.150480439030                     0.454493289912
 478                     0.349779025357                     0.455887708790
 479                     0.549120452359                     0.457409024543
 480                    -0.726723355651                     0.470802690532
 481                    -0.518765901093                     0.474468832067
 482                    -0.319467314765                     0.475863250945
 483                    -0.120168728438                     0.477257669822
 484                     0.079129857889                     0.478652088699
 485                     0.278428444216                     0.480046507576
 486                     0.477727030543                     0.481440926454
 487                    -0.833106879490                     0.481686554419
 488                     0.747706004149                     0.484608209617
 489                     0.672436534547                     0.487618182004
 490                    -0.590116482234                     0.498627630854
 491                    -0.390817895907                     0.500022049731
 492                    -0.191519309579                     0.501416468608
 493                     0.820983712913                     0.502070465664
 494                     0.007779276748                     0.502810887486
 495                     0.207077863075                     0.504205306362
 496                     0.406376449402                     0.505599725240
 497                     0.601139062062                     0.511933267966
 498                    -0.670125931606                     0.520514706982
 499                    -0.462168477048                     0.524180848517
 500                    -0.262869890721                     0.525575267395
 501                    -0.063571304393                     0.526969686272
 502                     0.135727281933                     0.528364105150
 503                    -0.774514651718                     0.529031077151
 504                     0.335033757245                     0.529781835852
 505                     0.529735652668                     0.535935478591
 506                    -0.533519058189                     0.548339647304
 507                    -0.334220471862                     0.549734066181
 508                    -0.134921885535                     0.551128485058
 509                     0.064376700792                     0.552522903936
 510                     0.263675287118                     0.553917322812
 511                     0.704397451143                     0.555831471020
 512                     0.458385071527                     0.560094277378
 513                     0.779197514338                     0.564747946442
 514                    -0.604869639330                     0.572498446090
 515                    -0.405571053003                     0.573892864968
 516                    -0.206272466676                     0.575287283845
 517                    -0.006973880349                     0.576681702723
 518                     0.192329513976                     0.578090326148
 519                     0.387042391263                     0.584276398061
 520                     0.586134054226                     0.585873172668
 521                    -0.676580023037                     0.595567339793
 522                    -0.476921634144                     0.598051663754
 523                    -0.277623047818                     0.599446082631
 524                    -0.751725537282                     0.600830863022
 525                    -0.078324461491                     0.600840501509
 526                     0.120974124837                     0.602234920386
 527                     0.315683915667                     0.608411868819
 528                     0.514783473085                     0.610031971455
 529                     0.656144442941                     0.613677820839
 530                    -0.548272215285                     0.622210462541
 531                    -0.348973628959                     0.623604881418
 532                    -0.149675042632                     0.624999300295
 533                     0.049623543695                     0.626393719173
 534                     0.730460577161                     0.626509654456
 535                     0.443440792821                     0.634214092138
 536                    -0.619622796427                     0.646369261327
 537                    -0.420324210100                     0.647763680204
 538                    -0.221025623773                     0.649158099082
 539                     0.252865454172                     0.649985825612
 540                    -0.021727037446                     0.650552517959
 541                     0.177561651376                     0.651958202943
 542                     0.372082317225                     0.658349562895
 543                     0.600355205009                     0.664295149086
 544                    -0.691333180133                     0.669438155029
 545                    -0.491674791241                     0.671922478991
 546                    -0.292376204915                     0.673316897868
 547                    -0.093077618587                     0.674711316745
 548                     0.106211070234                     0.676117001730
 549                     0.527714849486                     0.684243375514
 550                     0.674034966591                     0.686852147972
 551                    -0.563025372383                     0.696081277778
 552                    -0.363726786056                     0.697475696655
 553                    -0.164428199729                     0.698870115532
 554                     0.309263855731                     0.699923519689
 555                     0.034860489093                     0.700275800516
 556                     0.428663485830                     0.708080080158
 557                    -0.634859319576                     0.720366138512
 558                    -0.235778780870                     0.723028914318
 559                    -0.036490092049                     0.724434599302
 560                     0.238062992675                     0.724520065953
 561                     0.162746005407                     0.725900072075
 562                    -0.432606071837                     0.727974827435
 563                     0.618245728659                     0.737469476221
 564                    -0.505766443979                     0.745922332444
 565                    -0.307129362011                     0.747187713105
 566                    -0.107840673190                     0.748593398088
 567                     0.365845024336                     0.749654036952
 568                     0.091395424265                     0.750058870862
 569                     0.491173391869                     0.750116548074
 570                    -0.577117025120                     0.770081131231
 571                     0.020044843124                     0.774217669648
 572                     0.294994653801                     0.775242666911
 573                    -0.376008647792                     0.777686843885
 574                    -0.175843318928                     0.782258121741
 575                     0.558668228355                     0.783568005976
 576                     0.425783155829                     0.795282683448
 577                    -0.250531937966                     0.796899729555
 578                     0.223309835578                     0.798390881189
 579                     0.147992848310                     0.799770887312
 580                    -0.501802396781                     0.821147589625
 581                    -0.037633137427                     0.822671808249
 582                    -0.112955061155                     0.823749209732
 583                     0.352580242661                     0.823806572682
 584                     0.076642267169                     0.823929686098
 585                     0.494849227096                     0.825356439246
 586                    -0.427377141690                     0.832785217932
 587                    -0.314134582234                     0.837337245808
 588                     0.282919339093                     0.852475571656
 589                     0.412518374155                     0.869435219178
 590                    -0.241112100723                     0.871638070815
 591                     0.210325680408                     0.872593069180
 592                     0.135008693140                     0.873973075302
 593                    -0.165991362084                     0.877244104552
 594                    -0.374527019432                     0.886464055152
 595                    -0.011518308650                     0.893329919644
 596                    -0.086840232378                     0.894407321127
 597                     0.063658111998                     0.898131874088
 598                     0.343173068390                     0.898859385387
 599                    -0.304042150505                     0.913042923459
 600                     0.264044773667                     0.925402272993
 601                    -0.208406699034                     0.939497555696
 602                     0.186565722379                     0.944077454765
 603                    -0.134282603065                     0.952920349177
 604                     0.112150310594                     0.955777859754
 605                    -0.051540221080                     0.960954012933
 606                     0.023781560717                     0.962041291594
