   1                     0.027999955861                    -0.964233278638
   2                    -0.046945747963                    -0.963722016447
   3                     0.100096163367                    -0.959658682197
   4                    -0.122067712655                    -0.957112063325
   5                     0.169675648458                    -0.949828512183
   6                    -0.191403582433                    -0.945689535137
   7                    -0.259724226272                    -0.929250964231
   8                     0.234194064728                    -0.921984106102
   9                     0.304179641193                    -0.915663024327
  10                    -0.009109859798                    -0.904507300752
  11                    -0.079309251950                    -0.901347818274
  12                     0.061083319857                    -0.901212681227
  13                    -0.360504304814                    -0.894986410202
  14                     0.130662804948                    -0.891382511214
  15                     0.404790441653                    -0.875847433394
  16                    -0.214292366918                    -0.875642353507
  17                    -0.144041033505                    -0.874003103160
  18                    -0.295344605076                    -0.868677656563
  19                    -0.424686258541                    -0.866374982350
  20                     0.193461221144                    -0.859850053155
  21                     0.263712635564                    -0.858214278097
  22                     0.337983690871                    -0.854057641337
  23                     0.467461991664                    -0.844063572597
  24                     0.024633518017                    -0.841134823960
  25                    -0.045621847066                    -0.839678573588
  26                    -0.486615629010                    -0.833168205010
  27                     0.094213003108                    -0.831304653947
  28                    -0.355109837478                    -0.823425620815
  29                    -0.250856146980                    -0.814283593613
  30                    -0.180586332656                    -0.813983288948
  31                    -0.110336216523                    -0.812292676237
  32                     0.527654071160                    -0.807802704517
  33                     0.392749437489                    -0.804605424680
  34                     0.157011419304                    -0.799772195888
  35                     0.227262833723                    -0.798136420831
  36                     0.297516685242                    -0.796608895107
  37                    -0.421775345029                    -0.796164843691
  38                    -0.545963935936                    -0.795542210630
  39                    -0.013923874255                    -0.776963539444
  40                     0.459047933291                    -0.774298677344
  41                     0.056185795225                    -0.772212620231
  42                     0.585047414641                    -0.767257160839
  43                    -0.483704715497                    -0.762958066351
  44                    -0.295665762705                    -0.760153792888
  45                    -0.365655117996                    -0.753874689922
  46                    -0.602416389282                    -0.753696571679
  47                    -0.148888359845                    -0.751268254804
  48                    -0.078638243712                    -0.749577642093
  49                    -0.226383172313                    -0.748412427698
  50                     0.118984211421                    -0.740680162172
  51                     0.190720503759                    -0.738114798820
  52                     0.519240012787                    -0.738037809263
  53                     0.261066883401                    -0.736531037840
  54                     0.331519637443                    -0.735113072243
  55                     0.401773484817                    -0.733585355936
  56                     0.639337601414                    -0.722641999648
  57                    -0.545177621483                    -0.712933102140
  58                     0.021313832901                    -0.711205381057
  59                    -0.655673558943                    -0.707853242091
  60                    -0.407408304033                    -0.696617006484
  61                     0.574752395342                    -0.694952865593
  62                    -0.477812831457                    -0.692935050917
  63                    -0.185477531468                    -0.691275175970
  64                    -0.266867103067                    -0.690975607290
  65                    -0.337125176425                    -0.689656472709
  66                    -0.115227415335                    -0.689584563258
  67                    -0.044977299203                    -0.687893950547
  68                     0.084112249097                    -0.679672922998
  69                     0.154362344205                    -0.677981436851
  70                     0.224616191579                    -0.676453720542
  71                     0.295069835602                    -0.675035214977
  72                     0.690236670277                    -0.674193864731
  73                     0.365323682976                    -0.673507498669
  74                     0.437992965618                    -0.673349102921
  75                     0.508331843309                    -0.668619160280
  76                    -0.583170834701                    -0.653819205826
  77                     0.625651464205                    -0.646504730677
  78                    -0.721790691891                    -0.640298543912
  79                    -0.651568194363                    -0.637702811090
  80                    -0.515806044674                    -0.633821154603
  81                    -0.443964464181                    -0.631354006587
  82                    -0.373714348048                    -0.629663393876
  83                    -0.233206158558                    -0.629291915744
  84                    -0.303464231916                    -0.627972781164
  85                    -0.163088064119                    -0.624667002749
  86                    -0.092837947986                    -0.622976390037
  87                    -0.022587831854                    -0.621285777326
  88                     0.560123694423                    -0.621126622485
  89                     0.047662284279                    -0.619595164611
  90                     0.117912379386                    -0.617903678464
  91                     0.188166226761                    -0.616375962156
  92                     0.258420074135                    -0.614848245849
  93                     0.328673921509                    -0.613320529542
  94                     0.398927768884                    -0.611792813235
  95                     0.469181616258                    -0.610265096927
  96                     0.681923560741                    -0.604416868537
  97                     0.752193905125                    -0.604291616133
  98                    -0.766478049181                    -0.586067767719
  99                    -0.691268681332                    -0.577002857965
 100                    -0.621046183804                    -0.574407125143
 101                    -0.550792336430                    -0.572879408835
 102                    -0.480538489056                    -0.571351692527
 103                    -0.410288372923                    -0.569661079816
 104                    -0.340038256790                    -0.567970467104
 105                    -0.269787716092                    -0.566297589474
 106                    -0.199538028939                    -0.564589244364
 107                    -0.129287912807                    -0.562898631652
 108                    -0.059037796674                    -0.561208018941
 109                     0.011212319459                    -0.559517406226
 110                     0.081462414566                    -0.557825920079
 111                     0.151716261941                    -0.556298203771
 112                     0.221970109315                    -0.554770487463
 113                     0.292223956689                    -0.553242771156
 114                     0.573172741682                    -0.552078383162
 115                     0.362477804064                    -0.551715054848
 116                     0.432731651438                    -0.550187338541
 117                     0.502985498812                    -0.548659622233
 118                     0.794180010170                    -0.547943555198
 119                     0.643162483885                    -0.545803594367
 120                     0.715742379953                    -0.542819592176
 121                    -0.807346799874                    -0.528244844389
 122                    -0.735956038622                    -0.522772081773
 123                    -0.659293724502                    -0.514302948919
 124                    -0.587242301249                    -0.512801650450
 125                    -0.516988453875                    -0.511273934142
 126                    -0.446738337742                    -0.509583321431
 127                    -0.376488221610                    -0.507892708719
 128                    -0.306237680911                    -0.506219831088
 129                    -0.235987993759                    -0.504511485979
 130                    -0.165737877626                    -0.502820873267
 131                    -0.095487761493                    -0.501130260555
 132                    -0.025237645361                    -0.499439647840
 133                     0.045012449747                    -0.497748161693
 134                     0.115266297121                    -0.496220445385
 135                     0.185520144495                    -0.494692729077
 136                     0.255773991870                    -0.493165012769
 137                     0.326027839244                    -0.491637296462
 138                     0.396281686618                    -0.490109580154
 139                     0.831953695907                    -0.488689140562
 140                     0.466535533992                    -0.488581863847
 141                     0.758758410759                    -0.487253792608
 142                     0.536789381367                    -0.487054147539
 143                     0.607043228741                    -0.485526431230
 144                     0.677297076115                    -0.483998714923
 145                    -0.845566221204                    -0.464738414374
 146                    -0.775296029228                    -0.464545780782
 147                    -0.704460239086                    -0.459955271924
 148                    -0.623758754292                    -0.452764281710
 149                    -0.553438418695                    -0.451196175756
 150                    -0.483188302562                    -0.449505563045
 151                    -0.412938186429                    -0.447814950333
 152                    -0.342687645731                    -0.446142072702
 153                    -0.272437958579                    -0.444433727593
 154                    -0.202187842446                    -0.442743114881
 155                    -0.131937726313                    -0.441052502169
 156                    -0.061687610181                    -0.439361889455
 157                     0.008562484927                    -0.437670403308
 158                     0.078816332301                    -0.436142686999
 159                     0.149070179676                    -0.434614970691
 160                     0.219324027050                    -0.433087254383
 161                     0.289577874424                    -0.431559538075
 162                     0.359831721798                    -0.430031821768
 163                     0.430085569172                    -0.428504105460
 164                     0.720313106922                    -0.428432915355
 165                     0.796532096496                    -0.427999377972
 166                     0.500339416547                    -0.426976389153
 167                     0.570593263921                    -0.425448672845
 168                     0.866691818085                    -0.424039053070
 169                     0.640847111296                    -0.423920956537
 170                    -0.810597950801                    -0.403786326198
 171                    -0.740452185102                    -0.399602005153
 172                    -0.669205596614                    -0.399168372249
 173                    -0.880314585773                    -0.394981339194
 174                    -0.589954871737                    -0.391158807016
 175                    -0.519704755604                    -0.389468194305
 176                    -0.449454639471                    -0.387777581592
 177                    -0.379204421220                    -0.386091217560
 178                    -0.308954407459                    -0.384396356322
 179                    -0.238704291326                    -0.382705743610
 180                    -0.168454175193                    -0.381015130898
 181                    -0.098204059061                    -0.379324518183
 182                    -0.027953963953                    -0.377633032036
 183                     0.042366367481                    -0.376064928614
 184                     0.112620214856                    -0.374537212306
 185                     0.182874062230                    -0.373009495998
 186                     0.253127909604                    -0.371481779689
 187                     0.323381756979                    -0.369954063382
 188                     0.393635604353                    -0.368426347074
 189                     0.683863142103                    -0.368355156969
 190                     0.754913051778                    -0.367270992527
 191                     0.463889451727                    -0.366898630767
 192                     0.534143299102                    -0.365370914459
 193                     0.604397146476                    -0.363843198152
 194                     0.825097580745                    -0.363796962927
 195                     0.895256190518                    -0.359833824945
 196                    -0.837010455473                    -0.338668612901
 197                    -0.766864689775                    -0.334484291857
 198                    -0.696594239801                    -0.334455164845
 199                    -0.626404836556                    -0.331081048631
 200                    -0.906727090445                    -0.329863625897
 201                    -0.556154720424                    -0.329390435919
 202                    -0.485904604291                    -0.327699823207
 203                    -0.415654386040                    -0.326013459175
 204                    -0.345404372279                    -0.324318597936
 205                    -0.275154256146                    -0.322627985224
 206                    -0.204904140014                    -0.320937372513
 207                    -0.134654023881                    -0.319246759798
 208                    -0.064403928773                    -0.317555273651
 209                     0.005849918601                    -0.316027557342
 210                     0.076170250036                    -0.314459453920
 211                     0.146424097410                    -0.312931737612
 212                     0.216677944785                    -0.311404021304
 213                     0.286931792159                    -0.309876304996
 214                     0.357185639534                    -0.308348588688
 215                     0.427439486908                    -0.306820872381
 216                     0.497693334282                    -0.305293156073
 217                     0.567947181657                    -0.303765439766
 218                     0.708470859573                    -0.302534208716
 219                     0.638201029031                    -0.302237723458
 220                     0.778727858252                    -0.301159027040
 221                     0.848912387219                    -0.297684997440
 222                     0.919070996993                    -0.293721859457
 223                    -0.805541942490                    -0.275684461864
 224                    -0.733244124313                    -0.272778582509
 225                    -0.662994008180                    -0.271087969797
 226                    -0.592743892047                    -0.269397357085
 227                    -0.522493775914                    -0.267706744373
 228                    -0.452243659782                    -0.266016131661
 229                    -0.381993543649                    -0.264325518948
 230                    -0.311743427516                    -0.262634906236
 231                    -0.892393009525                    -0.261070667593
 232                    -0.241493311383                    -0.260944293525
 233                    -0.171243195251                    -0.259253680810
 234                    -0.100993100143                    -0.257562194663
 235                    -0.030600046219                    -0.255949798957
 236                     0.039653801156                    -0.254422082648
 237                     0.109974132590                    -0.252853979226
 238                     0.180227979965                    -0.251326262918
 239                     0.250481827340                    -0.249798546610
 240                     0.320735674714                    -0.248270830302
 241                     0.390989522089                    -0.246743113995
 242                     0.461243369463                    -0.245215397688
 243                     0.531497216837                    -0.243687681380
 244                     0.601751064212                    -0.242159965072
 245                     0.742274742128                    -0.240928734023
 246                     0.672004911586                    -0.240632248765
 247                     0.812466537024                    -0.237604742850
 248                     0.882625146798                    -0.233641604868
 249                    -0.840090679126                    -0.214140898546
 250                    -0.769833295936                    -0.212785503676
 251                    -0.699583179803                    -0.211094890964
 252                    -0.941544526529                    -0.210850498694
 253                    -0.629333063671                    -0.209404278252
 254                    -0.559082947538                    -0.207713665539
 255                    -0.488832831405                    -0.206023052827
 256                    -0.418582715272                    -0.204332440115
 257                    -0.348332599139                    -0.202641827403
 258                    -0.278082483006                    -0.200951214691
 259                     0.944022802804                    -0.199461715679
 260                    -0.207832366874                    -0.199260601976
 261                    -0.137582271766                    -0.197569115829
 262                    -0.067189217589                    -0.195956719969
 263                     0.003203836335                    -0.194344324263
 264                     0.073457683710                    -0.192816607955
 265                     0.143778015145                    -0.191248504533
 266                     0.214031862520                    -0.189720788225
 267                     0.284285709894                    -0.188193071917
 268                     0.354539557269                    -0.186665355609
 269                     0.424793404644                    -0.185137639302
 270                     0.495047252018                    -0.183609922994
 271                     0.565301099392                    -0.182082206687
 272                     0.635554946767                    -0.180554490379
 273                     0.705808794141                    -0.179026774071
 274                     0.776062641515                    -0.177499057763
 275                     0.856606640810                    -0.168365465780
 276                    -0.885114204435                    -0.154244007335
 277                    -0.806429734617                    -0.152457207000
 278                    -0.736172351426                    -0.151101812130
 279                    -0.665922235294                    -0.149411199418
 280                    -0.595672119161                    -0.147720586706
 281                    -0.525422003028                    -0.146029973994
 282                    -0.455171886895                    -0.144339361281
 283                    -0.384921770763                    -0.142648748569
 284                    -0.954393414074                    -0.141764732600
 285                    -0.314671654629                    -0.140958135857
 286                    -0.244421165543                    -0.139267295683
 287                    -0.174032236586                    -0.137491357444
 288                    -0.103778389212                    -0.135963641135
 289                    -0.033385335035                    -0.134351245275
 290                     0.037007718890                    -0.132738849569
 291                     0.107261566265                    -0.131211133261
 292                     0.956036230483                    -0.130225781777
 293                     0.177581897700                    -0.129643029839
 294                     0.247835745075                    -0.128115313531
 295                     0.318089592449                    -0.126587597223
 296                     0.388343439824                    -0.125059880916
 297                     0.458597287199                    -0.123532164608
 298                     0.528851134573                    -0.122004448301
 299                     0.599104981947                    -0.120476731993
 300                     0.669358829322                    -0.118949015685
 301                     0.739612676696                    -0.117421299378
 302                     0.809866524070                    -0.115893583070
 303                     0.889898750049                    -0.106481926366
 304                    -0.843018906240                    -0.092464128166
 305                    -0.772768790107                    -0.090773515454
 306                    -0.702511406917                    -0.089418120584
 307                    -0.632261290784                    -0.087727507872
 308                    -0.562011174651                    -0.086036895160
 309                    -0.912897630927                    -0.085054619136
 310                    -0.491761058519                    -0.084346282448
 311                    -0.421510942386                    -0.082655669735
 312                    -0.351260826253                    -0.080965057024
 313                    -0.281010710119                    -0.079274444311
 314                    -0.210760604498                    -0.077583394880
 315                    -0.140228354032                    -0.075885882750
 316                    -0.069974506657                    -0.074358166441
 317                     0.000418547520                    -0.072745770581
 318                     0.070811601445                    -0.071133374876
 319                     0.141065448820                    -0.069605658568
 320                     0.211385780255                    -0.068037555146
 321                     0.281639627630                    -0.066509838838
 322                     0.351893475005                    -0.064982122530
 323                     0.422147322379                    -0.063454406222
 324                     0.492401169754                    -0.061926689915
 325                     0.562655017128                    -0.060398973607
 326                     0.632908864502                    -0.058871257299
 327                     0.959216360838                    -0.058700212174
 328                     0.703162711877                    -0.057343540992
 329                     0.773416559251                    -0.055815824684
 330                     0.843651287958                    -0.053575317722
 331                    -0.964155608192                    -0.036986368131
 332                    -0.810798331629                    -0.029982530189
 333                    -0.739107845598                    -0.029089823909
 334                    -0.668850462407                    -0.027734429038
 335                    -0.598600346275                    -0.026043816326
 336                    -0.528350230142                    -0.024353203614
 337                    -0.458100114009                    -0.022662590902
 338                    -0.387849997876                    -0.020971978190
 339                    -0.317599881743                    -0.019281365478
 340                    -0.247210569318                    -0.017505636495
 341                    -0.896898293074                    -0.016629783175
 342                    -0.176956721944                    -0.015977920186
 343                     0.902305165185                    -0.014875709530
 344                    -0.106424471477                    -0.014280408056
 345                    -0.036170624103                    -0.012752691747
 346                     0.034222430075                    -0.011140295888
 347                     0.104615483999                    -0.009527900182
 348                     0.174869331375                    -0.008000183874
 349                     0.245189662810                    -0.006432080452
 350                     0.315443510185                    -0.004904364144
 351                     0.385697357560                    -0.003376647836
 352                     0.455951204935                    -0.001848931529
 353                     0.526205052309                    -0.000321215221
 354                     0.596458899683                     0.001206501087
 355                     0.666712747057                     0.002734217394
 356                     0.736966594432                     0.004261933702
 357                     0.813429360236                     0.009997183448
 358                     0.964707253203                     0.017433985593
 359                    -0.775697017220                     0.030903254925
 360                    -0.845962013192                     0.031779228173
 361                    -0.951352556204                     0.032314554583
 362                    -0.705446901088                     0.032593867637
 363                    -0.635189517897                     0.033949262508
 364                    -0.564939401765                     0.035639875220
 365                    -0.494689285632                     0.037330487932
 366                    -0.424439169499                     0.039021100644
 367                    -0.354189053365                     0.040711713356
 368                    -0.283938937232                     0.042402326067
 369                    -0.213406686764                     0.044099838199
 370                    -0.143152839389                     0.045627554508
 371                    -0.072620588923                     0.047325066638
 372                    -0.002366741548                     0.048852782946
 373                     0.068026312629                     0.050465178806
 374                     0.138419366555                     0.052077574511
 375                     0.208673213930                     0.053605290820
 376                     0.278993545365                     0.055173394241
 377                     0.905525192429                     0.055320931505
 378                     0.349247392740                     0.056701110549
 379                     0.419501240115                     0.058228826857
 380                     0.489755087489                     0.059756543165
 381                     0.560008934864                     0.061284259472
 382                     0.630262782238                     0.062811975780
 383                     0.700516629612                     0.064339692088
 384                     0.770770476987                     0.065867408395
 385                     0.839649542930                     0.079781834822
 386                    -0.891251200621                     0.085508424055
 387                    -0.742036072711                     0.092586946471
 388                    -0.812301068682                     0.093462919719
 389                    -0.671785956578                     0.094277559183
 390                    -0.601528573388                     0.095632954054
 391                    -0.531278457255                     0.097323566766
 392                    -0.461028341122                     0.099014179478
 393                     0.959655109920                     0.100130406178
 394                    -0.390778224990                     0.100704792189
 395                    -0.320528108855                     0.102395404901
 396                    -0.959381500331                     0.102718864183
 397                    -0.250135054678                     0.104007800761
 398                    -0.179602804209                     0.105705312893
 399                    -0.109348956835                     0.107233029202
 400                    -0.038816706367                     0.108930541332
 401                     0.031437141007                     0.110458257640
 402                     0.101830195184                     0.112070653499
 403                     0.172223249109                     0.113683049205
 404                     0.242477096485                     0.115210765513
 405                     0.312797427920                     0.116778868935
 406                     0.383051275296                     0.118306585243
 407                     0.453305122670                     0.119834301551
 408                     0.523558970044                     0.121362017858
 409                     0.593812817419                     0.122889734166
 410                     0.664066664793                     0.124417450474
 411                     0.734320512167                     0.125945166781
 412                     0.894079429120                     0.126626813010
 413                    -0.857590256111                     0.147192115601
 414                     0.826787597576                     0.148865171089
 415                    -0.708375128201                     0.154270638017
 416                    -0.778640124172                     0.155146611265
 417                    -0.638125012068                     0.155961250729
 418                    -0.567867628878                     0.157316645599
 419                    -0.497617512745                     0.159007258311
 420                    -0.427367396612                     0.160697871023
 421                    -0.357117280479                     0.162388483734
 422                    -0.286724226301                     0.164000879595
 423                    -0.216331172124                     0.165613275455
 424                    -0.145899634685                     0.167365992633
 425                    -0.075545074280                     0.168838503895
 426                     0.949822457153                     0.169709540461
 427                    -0.005012823812                     0.170536016025
 428                     0.065241023562                     0.172063732333
 429                    -0.949361182557                     0.172271220144
 430                     0.135634077739                     0.173676128193
 431                     0.206027131665                     0.175288523898
 432                     0.276280979040                     0.176816240206
 433                     0.346601310476                     0.178384343628
 434                     0.416855157851                     0.179912059936
 435                     0.487109005225                     0.181439776244
 436                     0.557362852599                     0.182967492552
 437                     0.627616699974                     0.184495208859
 438                     0.697870547348                     0.186022925167
 439                     0.768124394722                     0.187550641475
 440                     0.878909281652                     0.195995490810
 441                    -0.889840980651                     0.209624701280
 442                    -0.819618890813                     0.212231440008
 443                    -0.674714183691                     0.215954329563
 444                    -0.744979179662                     0.216830302811
 445                    -0.604464067558                     0.217644942274
 446                    -0.534206684368                     0.219000337145
 447                    -0.463956568235                     0.220690949857
 448                    -0.393706452102                     0.222381562569
 449                    -0.323313397926                     0.223993958428
 450                    -0.252920343746                     0.225606354289
 451                    -0.182634626483                     0.227277526038
 452                    -0.111995171589                     0.228916181897
 453                    -0.041741191725                     0.230443978589
 454                     0.028791058742                     0.232141490719
 455                     0.099044906117                     0.233669207027
 456                     0.169437960295                     0.235281602886
 457                     0.239831014220                     0.236893998592
 458                     0.934951840190                     0.238388516422
 459                     0.310084861597                     0.238421714899
 460                     0.380405193030                     0.239989818322
 461                     0.450659040405                     0.241517534630
 462                     0.520912887780                     0.243045250937
 463                     0.591166735154                     0.244572967245
 464                     0.661420582529                     0.246100683553
 465                     0.731674429903                     0.247628399861
 466                     0.801928277277                     0.249156116168
 467                     0.870217123797                     0.265726283003
 468                    -0.926428481559                     0.269618799034
 469                    -0.856210763679                     0.272340762253
 470                    -0.785957946303                     0.273915131554
 471                    -0.641053239181                     0.277638021108
 472                    -0.711318235153                     0.278513994356
 473                    -0.570803123048                     0.279328633820
 474                    -0.500545739858                     0.280684028691
 475                    -0.430295623724                     0.282374641402
 476                    -0.359902569548                     0.283987037263
 477                    -0.289509515371                     0.285599433122
 478                    -0.219223798106                     0.287270604872
 479                    -0.148723616770                     0.288824097089
 480                    -0.078191289035                     0.290521656591
 481                    -0.007937309170                     0.292049453282
 482                     0.062594805441                     0.293747039959
 483                     0.132848788673                     0.295274681720
 484                     0.203241842849                     0.296887077580
 485                     0.273634896777                     0.298499473284
 486                     0.343888744151                     0.300027189593
 487                     0.414209075585                     0.301595293015
 488                     0.484462922961                     0.303123009323
 489                     0.554716770335                     0.304650725631
 490                     0.624970617709                     0.306178441939
 491                     0.695224465084                     0.307706158247
 492                     0.765478312458                     0.309233874554
 493                     0.908637852901                     0.324563214969
 494                     0.833767158978                     0.325804041389
 495                    -0.904348408148                     0.336330172474
 496                    -0.834130690268                     0.339052135692
 497                    -0.763877872892                     0.340626504993
 498                    -0.537142178538                     0.341012325365
 499                    -0.466884795348                     0.342367720236
 500                    -0.396491741170                     0.343980116097
 501                    -0.620960074783                     0.344974502546
 502                    -0.326098686993                     0.345592511956
 503                    -0.693860176303                     0.346581263798
 504                    -0.255812969731                     0.347263683704
 505                    -0.185312788392                     0.348817175923
 506                    -0.114919734215                     0.350429571783
 507                    -0.044387406480                     0.352127131284
 508                     0.025866437528                     0.353655002523
 509                     0.096398823853                     0.355352440106
 510                     0.166652671227                     0.356880156414
 511                     0.237045725407                     0.358492552272
 512                     0.307438779330                     0.360104947979
 513                     0.377692626706                     0.361632664287
 514                     0.448012958141                     0.363200767709
 515                     0.518266805515                     0.364728484017
 516                     0.588520652890                     0.366256200325
 517                     0.658774500264                     0.367783916632
 518                     0.736043327748                     0.373872090389
 519                     0.882606050139                     0.389834052507
 520                     0.812395948950                     0.392745869643
 521                    -0.576389386625                     0.399301206341
 522                    -0.877471569965                     0.401257613185
 523                    -0.503338295984                     0.402617800059
 524                    -0.433080912794                     0.403973194930
 525                    -0.807253852086                     0.403979576403
 526                    -0.737001034709                     0.405553945704
 527                    -0.362687858616                     0.405585590790
 528                    -0.656086417328                     0.405835631745
 529                    -0.292402141353                     0.407256762539
 530                    -0.221901960018                     0.408810254755
 531                    -0.151508905837                     0.410422650617
 532                    -0.081115851660                     0.412035046476
 533                    -0.010697515517                     0.413795017862
 534                     0.059670455940                     0.415260402669
 535                     0.130202702795                     0.416958080995
 536                     0.200456553785                     0.418485631106
 537                     0.270849607960                     0.420098026966
 538                     0.341242661885                     0.421710422672
 539                     0.411496509261                     0.423238138980
 540                     0.481816840695                     0.424806242402
 541                     0.552070688070                     0.426333958711
 542                     0.622324535445                     0.427861675018
 543                     0.692578382819                     0.429389391326
 544                     0.761796234384                     0.441506569739
 545                     0.851892806495                     0.453037166772
 546                    -0.611515729170                     0.460162335540
 547                    -0.541263784318                     0.461775169192
 548                    -0.696743742869                     0.463149843490
 549                    -0.844556939427                     0.464197576522
 550                    -0.469534413429                     0.464223274753
 551                    -0.399277030239                     0.465578669624
 552                    -0.773765001053                     0.465756868708
 553                    -0.328991312975                     0.467249841373
 554                    -0.258491131639                     0.468803333590
 555                    -0.188098077464                     0.470415729448
 556                    -0.117705023282                     0.472028125310
 557                    -0.047454907150                     0.473718738022
 558                     0.023220121611                     0.475337936867
 559                     0.093474193538                     0.476865956903
 560                     0.164145805239                     0.478647633466
 561                     0.234399643140                     0.480175785352
 562                     0.304653490515                     0.481703501660
 563                     0.375046544441                     0.483315897365
 564                     0.445300391816                     0.484843613674
 565                     0.515620723250                     0.486411717096
 566                     0.585874570625                     0.487939433404
 567                     0.658210553868                     0.490780834723
 568                     0.744557567680                     0.509629732894
 569                     0.816661028439                     0.513837321402
 570                    -0.652173054711                     0.517476547284
 571                    -0.577786511659                     0.521808721274
 572                    -0.733266470210                     0.523183395571
 573                    -0.507459901763                     0.523380643885
 574                    -0.437265373106                     0.526646395667
 575                    -0.808234528032                     0.526992386979
 576                    -0.365580484599                     0.527242920206
 577                    -0.295080303261                     0.528796412424
 578                    -0.224687249084                     0.530408808284
 579                    -0.154294194909                     0.532021204142
 580                    -0.083942641501                     0.533773794547
 581                    -0.013508458291                     0.535245769463
 582                     0.057023859208                     0.536943491101
 583                     0.127279362339                     0.538470725796
 584                     0.197949678320                     0.540253543737
 585                     0.268203525695                     0.541781260045
 586                     0.338457373071                     0.543308976353
 587                     0.408850426995                     0.544921372059
 588                     0.479104274370                     0.546449088368
 589                     0.549424605805                     0.548017191789
 590                     0.619678453179                     0.549544908098
 591                     0.689825831573                     0.553702105768
 592                     0.777097589247                     0.571912025597
 593                    -0.688695782053                     0.577510099366
 594                    -0.618443837200                     0.579122933018
 595                    -0.543982629104                     0.583414195967
 596                    -0.767735997189                     0.584418913842
 597                    -0.473736733456                     0.586726038679
 598                    -0.401925873788                     0.587384001612
 599                    -0.331669474885                     0.588789491258
 600                    -0.261276420707                     0.590401887118
 601                    -0.190883366529                     0.592014282977
 602                    -0.120633250396                     0.593704895685
 603                    -0.049958564477                     0.595323442079
 604                     0.020295279304                     0.596851323697
 605                     0.090829028010                     0.598548259993
 606                     0.161082865987                     0.600076408400
 607                     0.231753560875                     0.601859018431
 608                     0.302007408251                     0.603386734738
 609                     0.372261255625                     0.604914451047
 610                     0.442654309550                     0.606526846753
 611                     0.512908156926                     0.608054563061
 612                     0.583228488359                     0.609622666484
 613                     0.653375866753                     0.613779864153
 614                     0.723552068673                     0.617418225333
 615                    -0.723165309031                     0.638745617636
 616                    -0.584639954645                     0.640728407711
 617                    -0.513022781713                     0.646496878516
 618                    -0.438375838608                     0.647461759998
 619                    -0.368121991234                     0.648989476306
 620                    -0.297865592330                     0.650394965951
 621                    -0.654071754253                     0.651552556230
 622                    -0.227472538152                     0.652007361811
 623                    -0.157222422019                     0.653697974523
 624                    -0.086686421852                     0.655231717640
 625                    -0.016265462076                     0.656989574102
 626                     0.054100448107                     0.658456092589
 627                     0.124632901167                     0.660154166785
 628                     0.194886748542                     0.661681883093
 629                     0.265557443431                     0.663464493124
 630                     0.335811290805                     0.664992209433
 631                     0.406065138180                     0.666519925741
 632                     0.476458192105                     0.668132321446
 633                     0.546712039479                     0.669660037755
 634                     0.616859417873                     0.673817235425
 635                     0.687035619793                     0.677455596605
 636                    -0.553680107254                     0.703811090260
 637                    -0.476468818134                     0.706511416210
 638                    -0.404571956053                     0.709067234691
 639                    -0.334318108679                     0.710594950999
 640                    -0.264061709775                     0.712000440645
 641                    -0.193811593641                     0.713691053358
 642                    -0.123275593472                     0.715224796476
 643                    -0.053025477339                     0.716915409183
 644                     0.017650115755                     0.718533627985
 645                     0.087903953781                     0.720061774081
 646                    -0.641531541622                     0.720695018257
 647                     0.158436783723                     0.721759641480
 648                     0.228690631098                     0.723287357786
 649                     0.299361325985                     0.725069967818
 650                     0.439869020735                     0.728125400434
 651                     0.510262074659                     0.729737796140
 652                     0.369510469185                     0.732255091801
 653                     0.614301894637                     0.744041134939
 654                    -0.517126143675                     0.763825627954
 655                    -0.587377239704                     0.765475020176
 656                    -0.442664935579                     0.768116890904
 657                    -0.302392683333                     0.773194505346
 658                    -0.232136284429                     0.774599994992
 659                    -0.159864765091                     0.775217875312
 660                    -0.089614648958                     0.776908488019
 661                    -0.372940868227                     0.777502968043
 662                    -0.019077890090                     0.778441812524
 663                     0.051450715454                     0.780182777276
 664                     0.121707836336                     0.781667248775
 665                     0.194148184139                     0.784481772124
 666                     0.264401648856                     0.786026985158
 667                     0.558520652883                     0.786777419947
 668                     0.413603178134                     0.793302409421
 669                     0.334698990957                     0.796610903921
 670                     0.488954261946                     0.796699830947
 671                    -0.492565901936                     0.829664305901
 672                    -0.196515749990                     0.835173211137
 673                    -0.422533363797                     0.835441899672
 674                    -0.126196239107                     0.837091752621
 675                    -0.055667061709                     0.838434891359
 676                    -0.326084362110                     0.839350694359
 677                     0.014583054424                     0.840125504066
 678                     0.085335067554                     0.841791775210
 679                     0.155590819229                     0.843229253764
 680                     0.285173807940                     0.853157115465
 681                     0.378337762774                     0.854083059857
 682                     0.448608057790                     0.854233480216
 683                    -0.260425483842                     0.864387640910
 684                     0.218339170522                     0.874861221739
 685                    -0.376377029072                     0.888428027599
 686                    -0.091606420409                     0.898819487774
 687                     0.048529669369                     0.901652443871
 688                    -0.179957369968                     0.903464916630
 689                    -0.021642224042                     0.905372976514
 690                     0.331232924428                     0.906227773802
 691                     0.134854975439                     0.910370610396
 692                    -0.310718150804                     0.913464974149
 693                     0.264398287010                     0.927931880077
 694                    -0.243411188825                     0.933656800645
 695                     0.196161251603                     0.944714132214
 696                    -0.132915070450                     0.955666056886
 697                     0.086137700176                     0.961012135638
 698                    -0.062304335698                     0.962845828691
 699                     0.015965806765                     0.964732668282
