   1                    -0.013637190497                    -0.963817787062
   2                     0.059746135137                    -0.962062703129
   3                    -0.085725953690                    -0.960096508836
   4                     0.131557236987                    -0.954896297412
   5                    -0.157317137016                    -0.950991884201
   6                     0.202630904698                    -0.942377292743
   7                    -0.228026491033                    -0.936556546506
   8                     0.272568740202                    -0.924575863453
   9                    -0.325643280493                    -0.907243461969
  10                     0.023807107890                    -0.899480133348
  11                    -0.048352003309                    -0.898360137444
  12                     0.095618209740                    -0.892313727631
  13                    -0.119943186635                    -0.889255512809
  14                     0.335120311631                    -0.888582910927
  15                    -0.392607743264                    -0.880337097563
  16                     0.166691877451                    -0.879794722962
  17                     0.405861765037                    -0.874305709175
  18                    -0.262138767074                    -0.872959814333
  19                    -0.189979563101                    -0.871845811739
  20                     0.236629712956                    -0.861993293672
  21                     0.470137097791                    -0.841489961138
  22                    -0.013432541670                    -0.835203008640
  23                     0.058573853207                    -0.830379025171
  24                    -0.443715382877                    -0.829384169354
  25                    -0.085023724997                    -0.826098384005
  26                     0.129647520918                    -0.817860020501
  27                     0.341706697968                    -0.816716289782
  28                    -0.514464408447                    -0.815144538015
  29                    -0.300944676310                    -0.811265273410
  30                    -0.374035032845                    -0.810600119226
  31                    -0.227219305436                    -0.809802685529
  32                    -0.155060101463                    -0.808688682935
  33                     0.531777112610                    -0.803957304786
  34                     0.199585356423                    -0.800058591212
  35                     0.411701567783                    -0.799140456389
  36                     0.271759226919                    -0.798952759343
  37                    -0.574009103576                    -0.774369288148
  38                     0.021529496675                    -0.768444322710
  39                    -0.050414921570                    -0.762770487742
  40                     0.590436291056                    -0.761918126585
  41                     0.092603164386                    -0.755925318040
  42                    -0.483519107474                    -0.749948065201
  43                    -0.411359903501                    -0.748834062607
  44                    -0.336924263660                    -0.748705187848
  45                    -0.264758470655                    -0.748166634435
  46                    -0.192610502009                    -0.746474789266
  47                    -0.120451298036                    -0.745360786672
  48                     0.451752011182                    -0.739105191184
  49                     0.162540999891                    -0.738123888751
  50                     0.234714870387                    -0.737018056883
  51                     0.306874074360                    -0.735904054289
  52                     0.379033278333                    -0.734790051695
  53                     0.523920153192                    -0.732218473541
  54                    -0.590668132595                    -0.704150569333
  55                    -0.662714172477                    -0.699960121016
  56                    -0.017364516426                    -0.698615500097
  57                     0.624955437373                    -0.698541314916
  58                     0.054687009207                    -0.694520457514
  59                    -0.520356116730                    -0.687889814590
  60                    -0.448196912757                    -0.686775811996
  61                    -0.376036748265                    -0.685725866458
  62                    -0.303878504811                    -0.684547806808
  63                    -0.231709697827                    -0.684010774259
  64                    -0.159560096865                    -0.682319801621
  65                    -0.087400892892                    -0.681205799028
  66                     0.124624844712                    -0.676719028225
  67                     0.197670513854                    -0.675083354422
  68                     0.269829717827                    -0.673969351828
  69                     0.341988921800                    -0.672855349235
  70                     0.414148125774                    -0.671741346641
  71                     0.691768292645                    -0.671260660777
  72                     0.486307329747                    -0.670627344047
  73                     0.559035000632                    -0.669169768486
  74                    -0.713225624699                    -0.648416111527
  75                    -0.628831541441                    -0.636240743792
  76                     0.018529117844                    -0.632064083844
  77                    -0.557400473263                    -0.625955112129
  78                    -0.485241269290                    -0.624841109536
  79                    -0.413082065317                    -0.623727106942
  80                    -0.340922861344                    -0.622613104348
  81                    -0.268763657371                    -0.621499101754
  82                    -0.196604453397                    -0.620385099161
  83                    -0.124445249424                    -0.619271096567
  84                    -0.052286045451                    -0.618157093973
  85                     0.741235509572                    -0.616201398399
  86                     0.088466953348                    -0.614262654555
  87                     0.160626157322                    -0.613148651961
  88                     0.232785361295                    -0.612034649368
  89                     0.304944565268                    -0.610920646774
  90                     0.377103769241                    -0.609806644180
  91                     0.598535225393                    -0.608771722461
  92                     0.449262973214                    -0.608692641586
  93                     0.521422177187                    -0.607578638993
  94                     0.670414457421                    -0.602324418922
  95                    -0.741310537438                    -0.581937322456
  96                    -0.669346454387                    -0.576518607621
  97                    -0.598243842104                    -0.562401951263
  98                    -0.525853749428                    -0.561047516772
  99                    -0.453694545455                    -0.559933514178
 100                    -0.381535341481                    -0.558819511584
 101                    -0.309376137508                    -0.557705508991
 102                    -0.237216933535                    -0.556591506397
 103                    -0.165057729562                    -0.555477503803
 104                    -0.092898525589                    -0.554363501210
 105                     0.788802780191                    -0.554007598664
 106                    -0.020739321616                    -0.553249498616
 107                     0.051422596816                    -0.552327952094
 108                     0.123581800789                    -0.551213949501
 109                     0.195741004762                    -0.550099946907
 110                     0.267900208735                    -0.548985944313
 111                     0.340059412708                    -0.547871941719
 112                     0.716959408624                    -0.547172272660
 113                     0.412218616681                    -0.546757939126
 114                     0.484377820655                    -0.545643936532
 115                     0.556677702914                    -0.544608079127
 116                     0.628891312756                    -0.543298829751
 117                    -0.799219804369                    -0.538870995433
 118                    -0.705847182867                    -0.514261973113
 119                    -0.635057309933                    -0.500226816905
 120                    -0.562898105960                    -0.499112814311
 121                    -0.490738901987                    -0.497998811718
 122                    -0.418579698014                    -0.496884809124
 123                    -0.346420494041                    -0.495770806530
 124                    -0.274261290068                    -0.494656803936
 125                    -0.202102086095                    -0.493542801342
 126                     0.828041126459                    -0.493439092805
 127                    -0.129942882122                    -0.492428798749
 128                    -0.057783678149                    -0.491314796155
 129                     0.014375525824                    -0.490200793561
 130                     0.086537444257                    -0.489279247040
 131                     0.158696648230                    -0.488165244446
 132                     0.230855852203                    -0.487051241852
 133                     0.303015056176                    -0.485937239259
 134                     0.375174260149                    -0.484823236665
 135                     0.447333464122                    -0.483709234071
 136                     0.519492668095                    -0.482595231478
 137                     0.591651872068                    -0.481481228884
 138                     0.665752141577                    -0.481254724322
 139                     0.737850715852                    -0.478094454208
 140                    -0.838364733716                    -0.475687732317
 141                    -0.766203713585                    -0.474698341840
 142                    -0.689806572008                    -0.443899408329
 143                    -0.599942462493                    -0.437178111851
 144                    -0.527783258520                    -0.436064109257
 145                    -0.455624054547                    -0.434950106663
 146                    -0.383464850574                    -0.433836104069
 147                    -0.311305646601                    -0.432722101476
 148                    -0.239146442628                    -0.431608098882
 149                     0.792308192677                    -0.430738621011
 150                    -0.166987238654                    -0.430494096288
 151                    -0.094828034681                    -0.429380093694
 152                    -0.022668830708                    -0.428266091101
 153                     0.049490373265                    -0.427152088507
 154                     0.864359226849                    -0.426634940407
 155                     0.121652291697                    -0.426230541985
 156                     0.193811495670                    -0.425116539392
 157                     0.265970699643                    -0.424002536798
 158                     0.338129903616                    -0.422888534204
 159                     0.410289107589                    -0.421774531611
 160                     0.482448311563                    -0.420660529017
 161                     0.554607515536                    -0.419546526423
 162                     0.626904598809                    -0.418509122706
 163                     0.699064554513                    -0.417235392366
 164                    -0.871604522157                    -0.411630662573
 165                    -0.799443502027                    -0.410641272096
 166                    -0.731883502882                    -0.385267304426
 167                    -0.649079196949                    -0.384321957556
 168                    -0.564827615052                    -0.374129406796
 169                    -0.492668411079                    -0.373015404202
 170                    -0.420509207106                    -0.371901401609
 171                    -0.348350003133                    -0.370787399015
 172                    -0.276190799160                    -0.369673396421
 173                    -0.204031595187                    -0.368559393827
 174                    -0.131872391214                    -0.367445391234
 175                    -0.059713187241                    -0.366331388640
 176                     0.012446016732                    -0.365217386046
 177                     0.084605220705                    -0.364103383452
 178                     0.156767139138                    -0.363181836931
 179                     0.228926343111                    -0.362067834337
 180                     0.301085547084                    -0.360953831744
 181                     0.893856182176                    -0.360770524019
 182                     0.806120307275                    -0.359904891686
 183                     0.373244751057                    -0.359839829150
 184                     0.445403955030                    -0.358725826556
 185                     0.517563159003                    -0.357611823962
 186                     0.589722362976                    -0.356497821369
 187                     0.661881566949                    -0.355383818775
 188                     0.734179401953                    -0.354186687311
 189                    -0.885767161529                    -0.340866184437
 190                    -0.813606141399                    -0.339876793961
 191                    -0.673907654104                    -0.316559582781
 192                    -0.746046142254                    -0.314502826290
 193                    -0.601871971585                    -0.312194704336
 194                    -0.529712767612                    -0.311080701742
 195                    -0.457553563639                    -0.309966699148
 196                    -0.385394359666                    -0.308852696554
 197                    -0.313235155693                    -0.307738693960
 198                    -0.241075951720                    -0.306624691367
 199                    -0.168916747747                    -0.305510688773
 200                    -0.096757543773                    -0.304396686179
 201                    -0.024598339800                    -0.303282683586
 202                     0.047560864173                    -0.302168680992
 203                     0.119720068146                    -0.301054678398
 204                     0.191881986578                    -0.300133131876
 205                     0.846538297975                    -0.300117119127
 206                     0.264041190551                    -0.299019129283
 207                     0.336200394524                    -0.297905126689
 208                     0.408359598497                    -0.296791124095
 209                     0.480518802470                    -0.295677121502
 210                     0.552678006444                    -0.294563118908
 211                     0.773711437122                    -0.293601824995
 212                     0.624837210417                    -0.293449116314
 213                     0.918342694298                    -0.292883835751
 214                     0.696996414390                    -0.292335113721
 215                    -0.922696929413                    -0.278863088032
 216                    -0.850535909283                    -0.277873697556
 217                    -0.783242065108                    -0.251802060553
 218                    -0.711075532091                    -0.251374004468
 219                    -0.638916328117                    -0.250260001875
 220                    -0.566757124145                    -0.249145999281
 221                    -0.494597920171                    -0.248031996687
 222                    -0.422438716198                    -0.246917994093
 223                    -0.350279512225                    -0.245803991500
 224                    -0.278120308252                    -0.244689988906
 225                    -0.205961104279                    -0.243575986312
 226                    -0.133801900306                    -0.242461983718
 227                    -0.061642696333                    -0.241347981125
 228                     0.010516507640                    -0.240233978531
 229                     0.082675711613                    -0.239119975937
 230                     0.154834915586                    -0.238005973344
 231                     0.226996834018                    -0.237084426822
 232                     0.299156037991                    -0.235970424229
 233                     0.371315241965                    -0.234856421635
 234                     0.876176288980                    -0.234316046119
 235                     0.443474445938                    -0.233742419041
 236                     0.515633649911                    -0.232628416447
 237                     0.587792853884                    -0.231514413854
 238                     0.659952057857                    -0.230400411260
 239                     0.732111261830                    -0.229286408666
 240                     0.804270465803                    -0.228172406072
 241                    -0.887473256637                    -0.215875116197
 242                     0.941948627307                    -0.204614341945
 243                    -0.820290976328                    -0.189517329259
 244                    -0.748127217668                    -0.188753355499
 245                    -0.675960684650                    -0.188325299414
 246                    -0.603801480677                    -0.187211296820
 247                    -0.531642276704                    -0.186097294226
 248                    -0.459483072731                    -0.184983291633
 249                    -0.387323868758                    -0.183869289039
 250                    -0.315164664785                    -0.182755286445
 251                    -0.243005460812                    -0.181641283852
 252                    -0.170846256839                    -0.180527281258
 253                    -0.098687052866                    -0.179413278664
 254                    -0.026527848893                    -0.178299276070
 255                     0.045631355080                    -0.177185273477
 256                    -0.947692896429                    -0.176103434021
 257                     0.117790559054                    -0.176071270883
 258                     0.189949763027                    -0.174957268289
 259                     0.262111681459                    -0.174035721768
 260                     0.334270885432                    -0.172921719174
 261                     0.406430089405                    -0.171807716580
 262                     0.478589293378                    -0.170693713987
 263                     0.550748497351                    -0.169579711393
 264                     0.622907701324                    -0.168465708799
 265                     0.695066905298                    -0.167351706205
 266                     0.767226109271                    -0.166237703612
 267                     0.882385310558                    -0.162415839090
 268                     0.954617228037                    -0.133567186651
 269                    -0.871276859596                    -0.133057129250
 270                    -0.713012370228                    -0.125704650444
 271                    -0.640845837210                    -0.125276594359
 272                    -0.789257480593                    -0.124362790950
 273                    -0.568686633237                    -0.124162591766
 274                    -0.496527429264                    -0.123048589172
 275                    -0.424368225291                    -0.121934586578
 276                     0.823364031198                    -0.120886568659
 277                    -0.352209021318                    -0.120820583985
 278                    -0.280049817345                    -0.119706581391
 279                    -0.207890613371                    -0.118592578797
 280                    -0.135731409398                    -0.117478576203
 281                    -0.063572205425                    -0.116364573610
 282                     0.008586998548                    -0.115250571016
 283                     0.080746202521                    -0.114136568422
 284                     0.152905406494                    -0.113022565829
 285                     0.225064610467                    -0.111908563235
 286                     0.297226528899                    -0.110987016713
 287                     0.369385732872                    -0.109873014120
 288                     0.441544936846                    -0.108759011526
 289                     0.513704140819                    -0.107645008932
 290                     0.585863344792                    -0.106531006338
 291                     0.658022548765                    -0.105417003745
 292                    -0.958212299760                    -0.104706418163
 293                     0.730181752738                    -0.104303001151
 294                     0.895953106705                    -0.091534906340
 295                    -0.898446487649                    -0.064255961768
 296                    -0.750056726760                    -0.063769947983
 297                    -0.677897522787                    -0.062655945390
 298                    -0.826301837126                    -0.062428088489
 299                    -0.605730989769                    -0.062227889305
 300                     0.961934827426                    -0.061769280444
 301                    -0.533571785796                    -0.061113886711
 302                    -0.461412581823                    -0.059999884118
 303                    -0.389253377850                    -0.058885881524
 304                    -0.317094173877                    -0.057771878930
 305                    -0.244934969904                    -0.056657876336
 306                    -0.172775765931                    -0.055543873743
 307                    -0.100616561958                    -0.054429871149
 308                    -0.028457357985                    -0.053315868555
 309                     0.043701845988                    -0.052201865961
 310                     0.115861049961                    -0.051087863368
 311                     0.836931827346                    -0.050005635909
 312                     0.188020253935                    -0.049973860774
 313                     0.260179457907                    -0.048859858180
 314                     0.332341376340                    -0.047938311659
 315                     0.404500580313                    -0.046824309065
 316                     0.476659784286                    -0.045710306472
 317                     0.548818988259                    -0.044596303878
 318                     0.620978192232                    -0.043482301284
 319                     0.693137396205                    -0.042368298690
 320                     0.765296600178                    -0.041254296096
 321                    -0.963360516537                    -0.032722478400
 322                     0.902407870219                    -0.019656343835
 323                    -0.787101083293                    -0.001835245523
 324                    -0.714941879320                    -0.000721242929
 325                    -0.863673441762                    -0.000419664276
 326                    -0.642782675347                     0.000392759665
 327                    -0.570616142329                     0.000820815750
 328                    -0.498456938356                     0.001934818343
 329                    -0.426297734383                     0.003048820937
 330                    -0.354138530410                     0.004162823531
 331                    -0.281979326437                     0.005276826124
 332                    -0.209820122464                     0.006390828718
 333                    -0.137660918490                     0.007504831312
 334                    -0.065501714517                     0.008618833905
 335                     0.006657489456                     0.009732836499
 336                     0.078816693429                     0.010846839093
 337                     0.150975897402                     0.011960841687
 338                     0.223135101375                     0.013074844280
 339                     0.295294305348                     0.014188846874
 340                     0.367456223780                     0.015110393395
 341                     0.439615427753                     0.016224395989
 342                     0.511774631727                     0.017338398583
 343                     0.808879657581                     0.017383057702
 344                     0.963740926534                     0.018375852037
 345                     0.583933835700                     0.018452401177
 346                     0.656093039673                     0.019566403770
 347                     0.728252243646                     0.020680406364
 348                    -0.963108688821                     0.039444884740
 349                     0.900877156726                     0.053820712953
 350                    -0.824145439826                     0.060099456938
 351                    -0.751986235853                     0.061213459532
 352                    -0.679827031879                     0.062327462125
 353                    -0.607667827906                     0.063441464719
 354                    -0.535501294889                     0.063869520804
 355                    -0.463342090915                     0.064983523398
 356                    -0.391182886942                     0.066097525991
 357                    -0.896059951070                     0.066140548915
 358                    -0.319023682969                     0.067211528585
 359                    -0.246864478996                     0.068325531179
 360                    -0.174705275023                     0.069439533772
 361                    -0.102546071050                     0.070553536366
 362                    -0.030386867077                     0.071667538960
 363                     0.041772336896                     0.072781541554
 364                     0.113931540869                     0.073895544148
 365                     0.186090744842                     0.075009546741
 366                     0.258249948815                     0.076123549335
 367                     0.330409152788                     0.077237551929
 368                     0.402571071221                     0.078159098450
 369                     0.474730275194                     0.079273101044
 370                     0.546889479167                     0.080387103637
 371                     0.619048683140                     0.081501106231
 372                     0.691207887113                     0.082615108825
 373                     0.763367091086                     0.083729111419
 374                     0.835531299939                     0.084449306139
 375                     0.959073707282                     0.096498028043
 376                    -0.957458228214                     0.111391142563
 377                    -0.789030592385                     0.123148161992
 378                    -0.716871388412                     0.124262164586
 379                    -0.644712184439                     0.125376167180
 380                    -0.572552980466                     0.126490169774
 381                    -0.500386447448                     0.126918225858
 382                    -0.428227243475                     0.128032228452
 383                    -0.356068039502                     0.129146231046
 384                    -0.860945103630                     0.129189253970
 385                    -0.283908835529                     0.130260233639
 386                    -0.211749631556                     0.131374236233
 387                    -0.139590427583                     0.132488238827
 388                    -0.067431223610                     0.133602241421
 389                     0.004727980363                     0.134716244014
 390                     0.076887184336                     0.135830246608
 391                     0.149046388310                     0.136944249202
 392                     0.221205592283                     0.138058251796
 393                     0.883258765799                     0.138581373552
 394                     0.293364796256                     0.139172254389
 395                     0.365524000229                     0.140286256983
 396                     0.437685918661                     0.141207803504
 397                     0.509845122634                     0.142321806098
 398                     0.582004326607                     0.143435808692
 399                     0.654163530581                     0.144549811286
 400                     0.726322734554                     0.145663813879
 401                     0.798481938527                     0.146777816473
 402                     0.949166016010                     0.167982497500
 403                    -0.918798504403                     0.172330600016
 404                    -0.681756540972                     0.187310869641
 405                    -0.756352450023                     0.187494205583
 406                    -0.609597336999                     0.188424872234
 407                    -0.537438133026                     0.189538874828
 408                    -0.465271600008                     0.189966930913
 409                    -0.393112396035                     0.191080933507
 410                    -0.320953192062                     0.192194936100
 411                    -0.248793988089                     0.193308938694
 412                    -0.176634784115                     0.194422941288
 413                    -0.831863838462                     0.195238264076
 414                    -0.104475580142                     0.195536943881
 415                    -0.032316376169                     0.196650946475
 416                     0.039842827804                     0.197764949069
 417                     0.112002031777                     0.198878951663
 418                     0.184161235750                     0.199992954257
 419                     0.846477259747                     0.200672536629
 420                     0.256320439723                     0.201106956850
 421                     0.328479643696                     0.202220959444
 422                     0.400638847669                     0.203334962038
 423                     0.472800766101                     0.204256508559
 424                     0.544959970075                     0.205370511153
 425                     0.617119174048                     0.206484513746
 426                     0.689278378021                     0.207598516340
 427                     0.761437581994                     0.208712518934
 428                     0.933937846445                     0.238525353775
 429                    -0.932747783786                     0.243137445198
 430                    -0.718800897504                     0.249245572101
 431                    -0.646641693531                     0.250359574695
 432                    -0.574482489558                     0.251473577289
 433                    -0.502323285585                     0.252587579883
 434                    -0.430156752567                     0.253015635967
 435                    -0.357997548594                     0.254129638561
 436                    -0.790772374227                     0.254565182813
 437                    -0.285838344621                     0.255243641155
 438                    -0.213679140648                     0.256357643748
 439                    -0.141519936675                     0.257471646342
 440                    -0.069360732702                     0.258585648936
 441                     0.002798471271                     0.259699651530
 442                    -0.862696725099                     0.260487975351
 443                     0.074957675244                     0.260813654123
 444                     0.147116879217                     0.261927656717
 445                     0.219276083190                     0.263041659311
 446                     0.291435287163                     0.264155661905
 447                     0.363594491136                     0.265269664498
 448                     0.435753695109                     0.266383667092
 449                     0.507915613542                     0.267305213613
 450                     0.580074817515                     0.268419216207
 451                     0.868679611126                     0.269340195051
 452                     0.652234021488                     0.269533218801
 453                     0.724393225461                     0.270647221394
 454                     0.796552429435                     0.271761223988
 455                    -0.611526846092                     0.313408279750
 456                    -0.911438243193                     0.313710670948
 457                    -0.686450242450                     0.313763791113
 458                    -0.539367642119                     0.314522282344
 459                    -0.467208438145                     0.315636284937
 460                    -0.395041905128                     0.316064341022
 461                    -0.322882701155                     0.317178343616
 462                    -0.250723497182                     0.318292346210
 463                    -0.178564293209                     0.319406348803
 464                    -0.106405089235                     0.320520351397
 465                    -0.034245885262                     0.321634353991
 466                     0.037913318711                     0.322748356584
 467                    -0.767843200565                     0.322993573960
 468                     0.110072522684                     0.323862359178
 469                     0.182231726657                     0.324976361772
 470                     0.254390930630                     0.326090364366
 471                     0.326550134603                     0.327204366960
 472                     0.398709338576                     0.328318369553
 473                    -0.839767551437                     0.328916366498
 474                     0.470868542549                     0.329432372147
 475                     0.543030460982                     0.330353918667
 476                     0.615189664956                     0.331467921261
 477                     0.905058237274                     0.331668256784
 478                     0.687348868929                     0.332581923855
 479                     0.832931055583                     0.334089285721
 480                     0.760174930324                     0.335036812081
 481                    -0.648571202625                     0.375342982211
 482                    -0.576411998651                     0.376456984804
 483                    -0.504252794678                     0.377570987398
 484                    -0.720702522771                     0.377637404509
 485                    -0.432093590705                     0.378684989992
 486                    -0.359927057687                     0.379113046077
 487                    -0.287767853714                     0.380227048670
 488                    -0.215608649741                     0.381341051264
 489                    -0.143449445768                     0.382455053858
 490                    -0.071290241795                     0.383569056451
 491                     0.000868962178                     0.384683059045
 492                     0.073028166151                     0.385797061639
 493                    -0.882921742641                     0.386760186405
 494                     0.145187370124                     0.386911064233
 495                     0.217346574097                     0.388025066827
 496                     0.289505778070                     0.389139069420
 497                     0.361664982044                     0.390253072014
 498                     0.433824186017                     0.391367074607
 499                     0.505983389990                     0.392481077201
 500                     0.578145308422                     0.393402623721
 501                    -0.811250429548                     0.395210902314
 502                     0.877707227350                     0.398452341534
 503                     0.661357071551                     0.399906645829
 504                     0.805580045659                     0.400873370471
 505                     0.733449729105                     0.403199129197
 506                    -0.613456355184                     0.438391687265
 507                    -0.541297151211                     0.439505689859
 508                    -0.469137947238                     0.440619692453
 509                    -0.685587675331                     0.440686109563
 510                    -0.396978743265                     0.441733695046
 511                    -0.324812210247                     0.442161751131
 512                    -0.252653006274                     0.443275753725
 513                    -0.757697154969                     0.443586913949
 514                    -0.180493802301                     0.444389756319
 515                    -0.108334598328                     0.445503758912
 516                    -0.036175394355                     0.446617761506
 517                     0.035983809618                     0.447731764100
 518                     0.108143013592                     0.448845766693
 519                     0.180302217565                     0.449959769287
 520                     0.252461421538                     0.451073771881
 521                     0.324620625511                     0.452187774475
 522                     0.396779829484                     0.453301777069
 523                     0.468939033457                     0.454415779662
 524                     0.615163178697                     0.455353160443
 525                     0.541266315733                     0.455436230399
 526                    -0.848773235737                     0.456856913827
 527                     0.845436295964                     0.463002931828
 528                     0.694674719027                     0.464065296427
 529                     0.773309114273                     0.465423960765
 530                    -0.578341507744                     0.501440392320
 531                    -0.506182303771                     0.502554394913
 532                    -0.434023099798                     0.503668397507
 533                    -0.650472827891                     0.503734814618
 534                    -0.361863895824                     0.504782400101
 535                    -0.289697362807                     0.505210456186
 536                    -0.217538158834                     0.506324458779
 537                    -0.145378954861                     0.507438461373
 538                    -0.073219750887                     0.508552463967
 539                    -0.001060546914                     0.509666466560
 540                     0.071098657059                     0.510780469154
 541                     0.143257861032                     0.511894471748
 542                     0.215417065005                     0.513008474342
 543                    -0.739617694838                     0.513453392615
 544                     0.287576268978                     0.514122476936
 545                     0.359735472951                     0.515236479529
 546                     0.431894676924                     0.516350482123
 547                     0.504053880897                     0.517464484716
 548                     0.576213084870                     0.518578487310
 549                    -0.812213748714                     0.519079061238
 550                     0.648375931279                     0.519424252096
 551                     0.732946504969                     0.525249135148
 552                     0.804937930423                     0.530291592977
 553                    -0.543226660303                     0.564489097374
 554                    -0.688916515458                     0.564810788667
 555                    -0.471067456330                     0.565603099968
 556                    -0.398908252357                     0.566717102562
 557                    -0.615357980450                     0.566783519672
 558                    -0.326749048384                     0.567831105155
 559                    -0.254582515366                     0.568259161240
 560                    -0.182423311393                     0.569373163834
 561                    -0.110264107420                     0.570487166428
 562                    -0.038104903447                     0.571601169021
 563                     0.034054300526                     0.572715171615
 564                     0.106213504499                     0.573829174209
 565                     0.178372708472                     0.574943176802
 566                     0.250531912445                     0.576057179396
 567                     0.322691116418                     0.577171181990
 568                     0.394850320392                     0.578285184584
 569                    -0.771101458970                     0.578391550241
 570                     0.467009524365                     0.579399187178
 571                     0.539168728338                     0.580513189771
 572                     0.686647717220                     0.580608090818
 573                     0.612404179383                     0.582316881849
 574                     0.760675036013                     0.592036264941
 575                    -0.653801668017                     0.627859493721
 576                    -0.435952608890                     0.628651805022
 577                    -0.363793404917                     0.629765807616
 578                    -0.291634200944                     0.630879810210
 579                    -0.219467667926                     0.631307866295
 580                    -0.147308463953                     0.632421868888
 581                    -0.075149259980                     0.633535871482
 582                    -0.522919683973                     0.633740945235
 583                    -0.725666818334                     0.634461909167
 584                    -0.002990056007                     0.634649874075
 585                     0.069169147966                     0.635763876669
 586                     0.141328351939                     0.636877879263
 587                     0.213487555912                     0.637991881857
 588                     0.285646759885                     0.639105884451
 589                     0.357805963859                     0.640219887045
 590                     0.429965167831                     0.641333889639
 591                     0.574255473836                     0.643577537941
 592                     0.502088277511                     0.643873332482
 593                     0.714248321511                     0.647289410259
 594                    -0.589720103653                     0.661052035480
 595                     0.643788812481                     0.662898680162
 596                    -0.476074746482                     0.688638518508
 597                    -0.328678557476                     0.692814512671
 598                    -0.256520394036                     0.694174781113
 599                    -0.404132216698                     0.694337909323
 600                    -0.184352820486                     0.694356571349
 601                    -0.112193616513                     0.695470573943
 602                    -0.040034412540                     0.696584576537
 603                     0.032124791433                     0.697698579130
 604                     0.104283995407                     0.698812581724
 605                    -0.663306737168                     0.699398611554
 606                     0.176443199380                     0.699926584318
 607                     0.248602403353                     0.701040586911
 608                     0.320761607326                     0.702154589505
 609                     0.392920811299                     0.703268592099
 610                     0.545306758911                     0.709684751043
 611                     0.473139562586                     0.709980545583
 612                    -0.543684537533                     0.716630074056
 613                     0.626125765366                     0.732871592682
 614                    -0.609120840400                     0.747064955145
 615                    -0.364013765538                     0.755739982800
 616                    -0.291858750490                     0.757098483189
 617                    -0.219691176940                     0.757280273425
 618                    -0.147531972967                     0.758394276019
 619                    -0.075372768994                     0.759508278613
 620                    -0.486084259978                     0.760108801559
 621                     0.067239638874                     0.760747284185
 622                     0.139398842847                     0.761861286779
 623                     0.211558046820                     0.762975289372
 624                     0.283717250793                     0.764089291966
 625                     0.355876454766                     0.765203294560
 626                     0.428035658739                     0.766317297154
 627                    -0.004163006447                     0.771228408216
 628                     0.569539731340                     0.777662355937
 629                     0.497745186436                     0.784992774875
 630                    -0.551520562845                     0.790543682648
 631                    -0.423673926266                     0.796346102311
 632                    -0.184576329499                     0.820328978480
 633                    -0.112482446481                     0.823594518433
 634                     0.102354486314                     0.823795989239
 635                    -0.345148743489                     0.825398454381
 636                     0.246672894261                     0.826023994427
 637                     0.174478204674                     0.826318085525
 638                    -0.272993728441                     0.826756954769
 639                     0.390712642825                     0.828406393545
 640                    -0.486261516137                     0.832276386388
 641                     0.318752643702                     0.833879075344
 642                     0.030951840993                     0.834277113270
 643                    -0.041262688197                     0.835253752958
 644                     0.460495903061                     0.846804445359
 645                    -0.418498060696                     0.868328059324
 646                    -0.224655546245                     0.880344377377
 647                    -0.151779381349                     0.884613906043
 648                     0.134784787426                     0.888266659234
 649                     0.360522821011                     0.893956118020
 650                     0.224474808589                     0.894693031935
 651                    -0.080567416732                     0.896320648340
 652                    -0.352359513880                     0.897205115006
 653                     0.063382142105                     0.898747783265
 654                    -0.008679176538                     0.902666721275
 655                     0.292629350094                     0.918423817678
 656                    -0.284245842467                     0.921052955294
 657                    -0.191858598095                     0.944629304941
 658                     0.175595326028                     0.947787173838
 659                    -0.120646633478                     0.956336047237
 660                     0.104192680707                     0.958268297870
 661                    -0.048758393284                     0.962682120172
 662                     0.030239056622                     0.963441634539
