   1                    -0.024296825260                    -0.961836837199
   2                     0.051408312915                    -0.960769286808
   3                    -0.099851508395                    -0.956948333705
   4                     0.161535642508                    -0.948486517200
   5                    -0.174787873597                    -0.946134047772
   6                     0.235689929388                    -0.932828672583
   7                    -0.248641886831                    -0.929460945507
   8                    -0.320956216391                    -0.907032273004
   9                     0.100752235442                    -0.903344684767
  10                    -0.057840598616                    -0.893960310483
  11                     0.022122390243                    -0.890834908398
  12                     0.370237555270                    -0.888046467794
  13                     0.294568670810                    -0.885224695196
  14                    -0.132868010950                    -0.883072134387
  15                     0.170237912636                    -0.873275626335
  16                    -0.413298431183                    -0.868852601937
  17                    -0.206879901602                    -0.866307606723
  18                     0.438950554561                    -0.856179214745
  19                     0.236316131865                    -0.836315153484
  20                    -0.345391216619                    -0.835370997731
  21                    -0.486707156351                    -0.829961794944
  22                    -0.021003757779                    -0.827813090079
  23                     0.104882924946                    -0.827744783879
  24                    -0.270381578631                    -0.825077221998
  25                     0.504913458542                    -0.819013331084
  26                    -0.155442811423                    -0.810750128703
  27                     0.379661412680                    -0.809092005601
  28                     0.304210089158                    -0.802806674362
  29                     0.173002473701                    -0.794697021711
  30                    -0.420368537090                    -0.793470765846
  31                    -0.553392657500                    -0.787063253634
  32                    -0.083969930587                    -0.785769437860
  33                     0.041916752137                    -0.785701131661
  34                     0.567749749309                    -0.776775810173
  35                    -0.219930787218                    -0.768622591933
  36                     0.240670839532                    -0.760727825636
  37                    -0.352297932056                    -0.759974015750
  38                    -0.485140004930                    -0.754265350864
  39                     0.109810709430                    -0.752192652539
  40                     0.427047761851                    -0.750041675186
  41                    -0.021049420671                    -0.743657479442
  42                    -0.615638443270                    -0.739398231184
  43                     0.501988102248                    -0.739254970819
  44                    -0.152036829925                    -0.735114112811
  45                     0.627070321017                    -0.729728202559
  46                     0.308564796825                    -0.727219346514
  47                    -0.283077011940                    -0.726849832625
  48                     0.177704666724                    -0.718684173417
  49                    -0.415264104865                    -0.717930363533
  50                     0.046844536622                    -0.710149000321
  51                    -0.546124234967                    -0.709395190438
  52                    -0.084086467033                    -0.701720164365
  53                     0.376458754118                    -0.693710867393
  54                    -0.215003251023                    -0.693070444399
  55                     0.557293951263                    -0.687547421325
  56                     0.245598624017                    -0.685175694296
  57                    -0.345863381126                    -0.684535271300
  58                     0.114738493915                    -0.676640521199
  59                    -0.478230277674                    -0.675886711316
  60                    -0.016249163628                    -0.668097138374
  61                    -0.625762745139                    -0.664365530836
  62                     0.445245261198                    -0.662058360082
  63                    -0.147109293730                    -0.659561965277
  64                     0.700715341071                    -0.659331819267
  65                    -0.701266541188                    -0.658745531537
  66                     0.625187908556                    -0.654038942203
  67                     0.313492581310                    -0.651667215174
  68                    -0.277969423831                    -0.651026792181
  69                     0.182632451209                    -0.643132042077
  70                    -0.408829553935                    -0.642491619083
  71                     0.051644793665                    -0.634588659253
  72                    -0.541196450482                    -0.633843059097
  73                     0.512246668704                    -0.626693909149
  74                    -0.079215336437                    -0.626053486156
  75                     0.381386538603                    -0.618158736053
  76                    -0.210075466538                    -0.617518313059
  77                     0.250526408502                    -0.609623562956
  78                    -0.340935596641                    -0.608983139960
  79                     0.750389522357                    -0.602192661734
  80                    -0.750892915637                    -0.601564848006
  81                     0.119538750958                    -0.601080180131
  82                    -0.471795726743                    -0.600447966865
  83                     0.580140625997                    -0.593185430027
  84                    -0.011321379143                    -0.592545007034
  85                    -0.604162623291                    -0.591799406879
  86                     0.657271106515                    -0.585375359490
  87                     0.449280495896                    -0.584650256931
  88                    -0.142181509245                    -0.584009833937
  89                    -0.678726999258                    -0.578663142322
  90                     0.318420365795                    -0.576115083834
  91                    -0.273041639346                    -0.575474660840
  92                     0.187432708251                    -0.567571701009
  93                    -0.403901769449                    -0.566939487743
  94                     0.056572578150                    -0.559036527913
  95                    -0.534761899552                    -0.558404314647
  96                     0.517174453189                    -0.551141777809
  97                    -0.074287551952                    -0.550501354816
  98                     0.386314323088                    -0.542606604712
  99                    -0.205147682053                    -0.541966181719
 100                     0.795417010715                    -0.541324501732
 101                    -0.795869479957                    -0.540659049663
 102                     0.255326665544                    -0.534063221888
 103                    -0.336007812155                    -0.533431008621
 104                     0.719203900098                    -0.533200889948
 105                     0.124466535443                    -0.525528048791
 106                    -0.466867942258                    -0.524895835525
 107                    -0.723703563579                    -0.517757343978
 108                     0.585068410482                    -0.517633298687
 109                    -0.006393594659                    -0.516992875694
 110                    -0.597728072360                    -0.516360662428
 111                     0.454208280381                    -0.509098125591
 112                    -0.137253724760                    -0.508457702597
 113                     0.323220622837                    -0.500554742766
 114                    -0.268113854861                    -0.499922529500
 115                     0.192360492736                    -0.492019569669
 116                    -0.398973984964                    -0.491387356402
 117                     0.656085798707                    -0.491385666800
 118                     0.061500362635                    -0.483484396572
 119                    -0.529834115067                    -0.482852183307
 120                     0.835518979076                    -0.477104257699
 121                     0.522102237674                    -0.475589646469
 122                    -0.661181501658                    -0.475056063165
 123                    -0.069359767467                    -0.474949223476
 124                     0.391114580130                    -0.467046263644
 125                    -0.200219897568                    -0.466414050379
 126                    -0.802030474979                    -0.465197471689
 127                     0.260254450029                    -0.458511090547
 128                    -0.331080027670                    -0.457878877280
 129                     0.724131684583                    -0.457648758608
 130                     0.129394319928                    -0.449975917451
 131                    -0.461940157773                    -0.449343704185
 132                     0.589996194967                    -0.442081167347
 133                    -0.001465810174                    -0.441440744354
 134                    -0.592800287875                    -0.440808531088
 135                    -0.728481496586                    -0.439154060869
 136                     0.459008537424                    -0.433537784523
 137                    -0.132325940275                    -0.432905571257
 138                     0.328148407322                    -0.425002611426
 139                    -0.263186070376                    -0.424370398160
 140                    -0.864473686468                    -0.422380968457
 141                     0.788490067864                    -0.417768862527
 142                     0.197288277221                    -0.416467438329
 143                    -0.394046200479                    -0.415835225063
 144                     0.661013583192                    -0.415833535460
 145                     0.870447101033                    -0.409929605437
 146                     0.066428147120                    -0.407932265232
 147                    -0.524906330581                    -0.407300051966
 148                     0.526902494717                    -0.400029305401
 149                    -0.656253717173                    -0.399503931825
 150                    -0.064431982982                    -0.399397092135
 151                     0.396042364616                    -0.391494132304
 152                    -0.787113847274                    -0.390968758728
 153                    -0.195292113083                    -0.390861919038
 154                     0.265182234514                    -0.382958959207
 155                    -0.326152243185                    -0.382326745941
 156                     0.725217771463                    -0.375705866471
 157                     0.134322104413                    -0.374423786110
 158                    -0.457012373287                    -0.373791572845
 159                     0.594796452010                    -0.366520826279
 160                     0.003461974311                    -0.365888613014
 161                    -0.587872503389                    -0.365256399748
 162                     0.463936321909                    -0.357985653182
 163                    -0.719219889981                    -0.357460279607
 164                    -0.127398155790                    -0.357353439917
 165                     0.333076191807                    -0.349450480086
 166                    -0.258258285891                    -0.348818266820
 167                    -0.850547864019                    -0.347960009856
 168                     0.793111728756                    -0.342197387349
 169                     0.202216061706                    -0.340915306989
 170                    -0.389118415993                    -0.340283093722
 171                     0.868405544722                    -0.334244470452
 172                     0.662690409303                    -0.333012347158
 173                     0.071355931605                    -0.332380133892
 174                    -0.519978546096                    -0.331747920626
 175                     0.531830279202                    -0.324477174061
 176                    -0.651325932687                    -0.323951800485
 177                    -0.059504198497                    -0.323844960795
 178                     0.400970149100                    -0.315942000964
 179                    -0.782186062789                    -0.315416627388
 180                    -0.190364328598                    -0.315309787698
 181                     0.270110018999                    -0.307406827867
 182                    -0.321224458700                    -0.306774614601
 183                    -0.912642077478                    -0.304638926480
 184                     0.730584366596                    -0.299503868036
 185                     0.139249888898                    -0.298871654770
 186                    -0.452084588802                    -0.298239441505
 187                     0.599724236495                    -0.290968694939
 188                     0.008389758797                    -0.290336481673
 189                    -0.582944718904                    -0.289704268408
 190                     0.468864106394                    -0.282433521842
 191                    -0.714292105495                    -0.281908148266
 192                    -0.122470371305                    -0.281801308577
 193                     0.920664409928                    -0.279459266086
 194                     0.338003976292                    -0.273898348745
 195                    -0.253330501406                    -0.273266135480
 196                     0.802685488024                    -0.266726539671
 197                     0.207143846191                    -0.265363175649
 198                    -0.384190631508                    -0.264730962383
 199                    -0.849293714745                    -0.263173367892
 200                     0.667618193788                    -0.257460215817
 201                     0.076283716090                    -0.256828002552
 202                    -0.515050761610                    -0.256195789286
 203                     0.536758063687                    -0.248925042721
 204                    -0.646398148202                    -0.248399669145
 205                    -0.054576414012                    -0.248292829455
 206                     0.405897933586                    -0.240389869624
 207                    -0.777258278303                    -0.239864496048
 208                    -0.185436544113                    -0.239757656358
 209                    -0.933770340932                    -0.231934015412
 210                     0.275037803484                    -0.231854696527
 211                    -0.316296674214                    -0.231222483261
 212                     0.735512151081                    -0.223951736696
 213                     0.144177673383                    -0.223319523430
 214                    -0.447156804317                    -0.222687310164
 215                     0.872750865276                    -0.220835893198
 216                     0.604652020980                    -0.215416563599
 217                     0.013317543282                    -0.214784350333
 218                    -0.578016934418                    -0.214152137068
 219                     0.473791890879                    -0.206881390502
 220                    -0.709364321010                    -0.206356016926
 221                    -0.117542586820                    -0.206249177236
 222                     0.342931760777                    -0.198346217405
 223                    -0.248402716921                    -0.197714004140
 224                     0.942780392237                    -0.192056161378
 225                    -0.870421978199                    -0.190468456824
 226                     0.803406108374                    -0.190443257574
 227                     0.212071630676                    -0.189811044309
 228                    -0.379262847023                    -0.189178831042
 229                     0.672545978273                    -0.181908084477
 230                     0.081211500575                    -0.181275871212
 231                    -0.510122977125                    -0.180643657946
 232                     0.541685848172                    -0.173372911380
 233                    -0.641470363716                    -0.172847537805
 234                    -0.049648629527                    -0.172740698115
 235                     0.410825718071                    -0.164837738284
 236                    -0.772330493818                    -0.164312364707
 237                    -0.180508759628                    -0.164205525018
 238                    -0.949116348758                    -0.157792882066
 239                     0.279965587969                    -0.156302565187
 240                    -0.311368889729                    -0.155670351921
 241                     0.740439935566                    -0.148399605356
 242                     0.149105457868                    -0.147767392090
 243                    -0.442229019831                    -0.147135178824
 244                     0.882841649887                    -0.145798677925
 245                     0.609579805465                    -0.139864432259
 246                     0.018245327767                    -0.139232218993
 247                    -0.573089149933                    -0.138600005727
 248                     0.478719675364                    -0.131329259162
 249                    -0.704436536525                    -0.130803885586
 250                    -0.112614802335                    -0.130697045896
 251                    -0.835850178742                    -0.123109728419
 252                     0.347859545262                    -0.122794086065
 253                    -0.243474932436                    -0.122161872799
 254                     0.953335648223                    -0.117049997065
 255                     0.813211595419                    -0.115260047829
 256                     0.216999415161                    -0.114258912968
 257                    -0.374335062537                    -0.113626699703
 258                     0.677473762758                    -0.106355953137
 259                     0.086139285060                    -0.105723739872
 260                    -0.505195192639                    -0.105091526606
 261                     0.546613632657                    -0.097820780040
 262                    -0.636542579231                    -0.097295406464
 263                    -0.044720845042                    -0.097188566775
 264                    -0.906292197269                    -0.095354915578
 265                     0.415753502555                    -0.089285606943
 266                    -0.767402709333                    -0.088760233367
 267                    -0.175580975143                    -0.088653393678
 268                     0.284893372454                    -0.080750433847
 269                    -0.306441105244                    -0.080118220581
 270                     0.745367720051                    -0.072847474015
 271                     0.154033242353                    -0.072215260750
 272                    -0.437301235346                    -0.071583047484
 273                     0.882449581294                    -0.070087028279
 274                     0.614507589950                    -0.064312300919
 275                     0.023173112252                    -0.063680087653
 276                    -0.568161365447                    -0.063047874387
 277                     0.483647459849                    -0.055777127822
 278                    -0.699508752039                    -0.055251754246
 279                    -0.107687017850                    -0.055144914556
 280                    -0.830922394257                    -0.047557597079
 281                     0.352787329747                    -0.047241954725
 282                    -0.238547147951                    -0.046609741459
 283                    -0.961173480582                    -0.043196959791
 284                     0.959971701278                    -0.041627746081
 285                     0.813261677345                    -0.039338994894
 286                     0.221927199646                    -0.038706781628
 287                    -0.369407278052                    -0.038074568362
 288                     0.682401547243                    -0.030803821797
 289                     0.091067069545                    -0.030171608531
 290                    -0.500267408154                    -0.029539395266
 291                     0.551541417142                    -0.022268648700
 292                    -0.631614794745                    -0.021743275124
 293                    -0.039793060556                    -0.021636435434
 294                     0.420681287041                    -0.013733475603
 295                    -0.763324744039                    -0.013147936256
 296                    -0.170653190658                    -0.013101262338
 297                    -0.894757962844                    -0.006846077910
 298                     0.289821156939                    -0.005198302507
 299                    -0.301513320759                    -0.004566089241
 300                     0.750295504536                     0.002704657325
 301                     0.158961026838                     0.003336870590
 302                     0.899220978016                     0.003744725473
 303                    -0.432373450860                     0.003969083856
 304                     0.619435374435                     0.011239830422
 305                     0.028100896737                     0.011872043687
 306                    -0.563233580962                     0.012504256953
 307                     0.488575244334                     0.019775003518
 308                    -0.694580967553                     0.020300377094
 309                    -0.102759233365                     0.020407216784
 310                    -0.827582968723                     0.028081386567
 311                     0.357715114233                     0.028310176615
 312                    -0.233619363466                     0.028942389881
 313                    -0.961594115011                     0.032514536540
 314                     0.827403893203                     0.035293528323
 315                     0.226854984131                     0.036845349712
 316                    -0.364479493567                     0.037477562978
 317                     0.687329331728                     0.044748309543
 318                     0.095994854030                     0.045380522809
 319                    -0.495339623669                     0.046012736074
 320                     0.960967472825                     0.047559996654
 321                     0.556469201627                     0.053283482640
 322                    -0.626687010260                     0.053808856216
 323                    -0.034865276071                     0.053915695906
 324                     0.425609071526                     0.061818655737
 325                    -0.757547140362                     0.062344029312
 326                    -0.165725406173                     0.062450869003
 327                    -0.895178597273                     0.068865418421
 328                     0.294748941424                     0.070353828834
 329                    -0.296585536274                     0.070986042099
 330                     0.755223289021                     0.078256788665
 331                     0.163888811323                     0.078889001930
 332                     0.892149087504                     0.079126394163
 333                    -0.427445666376                     0.079521215196
 334                     0.624363158920                     0.086791961762
 335                     0.033028681222                     0.087424175027
 336                    -0.558305796477                     0.088056388293
 337                     0.493503028819                     0.095327134859
 338                    -0.689653183069                     0.095852508434
 339                    -0.097831448880                     0.095959348124
 340                    -0.821087417041                     0.103514903112
 341                     0.362642898717                     0.103862307955
 342                    -0.228691578981                     0.104494521221
 343                     0.823480884566                     0.111018172340
 344                     0.231782768616                     0.112397481052
 345                    -0.359551709082                     0.113029694318
 346                    -0.955246868403                     0.114980399003
 347                     0.692257116213                     0.120300440883
 348                     0.100922638515                     0.120932654149
 349                    -0.490411839184                     0.121564867415
 350                     0.954252461430                     0.122974293918
 351                     0.561396986112                     0.128835613980
 352                    -0.621759225775                     0.129360987556
 353                    -0.029937491586                     0.129467827246
 354                     0.430536856011                     0.137370787077
 355                    -0.753016673651                     0.137923062119
 356                    -0.160797621688                     0.138003000343
 357                    -0.885125169797                     0.143907647905
 358                     0.299676725909                     0.145905960174
 359                    -0.291657751789                     0.146538173440
 360                     0.760979896268                     0.153750292246
 361                     0.168816595808                     0.154441133271
 362                     0.885434076109                     0.154540691428
 363                    -0.422517881890                     0.155073346536
 364                     0.629290943405                     0.162344093102
 365                     0.037956465707                     0.162976306368
 366                    -0.553378011992                     0.163608519633
 367                     0.498430813304                     0.170879266199
 368                    -0.684725398583                     0.171404639774
 369                    -0.092903664395                     0.171511479464
 370                    -0.818125150300                     0.179169596197
 371                     0.367570683203                     0.179414439295
 372                    -0.223763794496                     0.180046652561
 373                     0.236710553101                     0.187949612392
 374                    -0.354623924597                     0.188581825658
 375                    -0.942531794755                     0.193272483779
 376                     0.697184900698                     0.195852572224
 377                     0.105850423000                     0.196484785489
 378                    -0.485484054699                     0.197116998755
 379                     0.566324770597                     0.204387745320
 380                    -0.616831441290                     0.204913118896
 381                    -0.025009707101                     0.205019958586
 382                     0.939490339979                     0.207553217743
 383                     0.435464640496                     0.212922918417
 384                    -0.747691571391                     0.213448291993
 385                    -0.155869837203                     0.213555131683
 386                     0.839347302274                     0.214610791207
 387                     0.304604510394                     0.221458091514
 388                    -0.286729967304                     0.222090304780
 389                     0.765083487829                     0.229351668862
 390                     0.173744380293                     0.229993264611
 391                    -0.417590097405                     0.230625477877
 392                     0.634218727890                     0.237896224442
 393                     0.042884250192                     0.238528437708
 394                    -0.548450227507                     0.239160650973
 395                    -0.886217294759                     0.243879644342
 396                     0.503358597789                     0.246431397539
 397                    -0.679797614098                     0.246956771115
 398                    -0.087975879910                     0.247063610805
 399                    -0.811263244904                     0.254570669560
 400                     0.372498467687                     0.254966570636
 401                    -0.218836010011                     0.255598783901
 402                     0.241638337586                     0.263501743733
 403                    -0.349696140112                     0.264133956998
 404                     0.702112685183                     0.271404703564
 405                     0.110778207485                     0.272036916829
 406                    -0.480556270213                     0.272669130095
 407                     0.571252555082                     0.279939876660
 408                    -0.611903656805                     0.280465250237
 409                    -0.020081922616                     0.280572089926
 410                     0.920261445698                     0.280783383895
 411                     0.440392424981                     0.288475049757
 412                    -0.743195265925                     0.289029753124
 413                    -0.150942052718                     0.289107263023
 414                     0.845124520167                     0.290102720334
 415                     0.309532294879                     0.297010222854
 416                    -0.281802182819                     0.297642436120
 417                     0.770011272314                     0.304903800203
 418                     0.178672164778                     0.305545395951
 419                    -0.412662312920                     0.306177609217
 420                     0.639146512375                     0.313448355782
 421                     0.047812034677                     0.314080569048
 422                    -0.543522443022                     0.314712782314
 423                    -0.908710322349                     0.316173982432
 424                     0.508286382274                     0.321983528879
 425                    -0.674869829613                     0.322508902455
 426                    -0.083048095425                     0.322615742145
 427                    -0.833756272493                     0.326865007650
 428                     0.377426252172                     0.330518701976
 429                    -0.213908225526                     0.331150915241
 430                     0.246566122071                     0.339053875073
 431                    -0.344768355627                     0.339686088338
 432                     0.707050253921                     0.346967508055
 433                     0.115705991970                     0.347589048170
 434                    -0.475628485729                     0.348221261435
 435                     0.895333947926                     0.352274834186
 436                     0.576180339567                     0.355492008001
 437                    -0.606975872320                     0.356017381577
 438                    -0.015154138131                     0.356124221266
 439                     0.820197022395                     0.361594170626
 440                     0.445320209466                     0.364027181097
 441                    -0.737836002421                     0.364552554673
 442                    -0.146014268233                     0.364659394363
 443                     0.314460079364                     0.372562354194
 444                    -0.276874398334                     0.373194567460
 445                     0.183599949263                     0.381097527291
 446                    -0.407734528435                     0.381729740557
 447                    -0.881035801229                     0.386647583807
 448                     0.644074296860                     0.389000487122
 449                     0.052739819162                     0.389632700388
 450                    -0.538594658537                     0.390264913654
 451                    -0.806081751373                     0.397338609024
 452                     0.513214166759                     0.397535660219
 453                    -0.669942045128                     0.398061033795
 454                    -0.078120310940                     0.398167873485
 455                     0.382354036658                     0.406070833316
 456                    -0.208980441041                     0.406703046582
 457                     0.251493906556                     0.414606006413
 458                    -0.339840571142                     0.415238219679
 459                     0.711894456894                     0.422658079178
 460                     0.120633776455                     0.423141179510
 461                     0.863892709647                     0.423527089976
 462                    -0.470700701244                     0.423773392775
 463                     0.787272074500                     0.429773019370
 464                     0.581108124052                     0.431044139341
 465                    -0.602048087835                     0.431569512917
 466                    -0.010226353646                     0.431676352607
 467                     0.450247993951                     0.439579312438
 468                    -0.141086483748                     0.440211525703
 469                    -0.746402014541                     0.447128904472
 470                     0.319387863849                     0.448114485535
 471                    -0.271946613849                     0.448746698800
 472                     0.188527733748                     0.456649658631
 473                    -0.402806743950                     0.457281871897
 474                    -0.843252419716                     0.463298816914
 475                     0.648928284086                     0.464701731396
 476                     0.057667603647                     0.465184831728
 477                    -0.534550540930                     0.465869495015
 478                     0.518141951244                     0.473087791559
 479                    -0.073192526454                     0.473720004825
 480                    -0.669555191699                     0.473772710268
 481                     0.387281821143                     0.481622964656
 482                    -0.204052656556                     0.482255177922
 483                     0.256421691041                     0.490158137753
 484                    -0.334912786657                     0.490790351019
 485                     0.745749605597                     0.493084094121
 486                     0.824684607210                     0.495596343551
 487                     0.125561560940                     0.498693310850
 488                    -0.465772916758                     0.499325524116
 489                    -0.005298569161                     0.507228483947
 490                    -0.601661234406                     0.507281189390
 491                     0.587831613122                     0.509418667865
 492                     0.455175778436                     0.515131443778
 493                    -0.136158699263                     0.515763657044
 494                    -0.728854303998                     0.520847362583
 495                     0.324315648334                     0.523666616875
 496                    -0.267018829364                     0.524298830140
 497                    -0.804212038746                     0.528169891082
 498                     0.193455518233                     0.532201789972
 499                    -0.397878959465                     0.532834003237
 500                     0.681457271202                     0.533070383622
 501                     0.062595388132                     0.540736963068
 502                    -0.528745680622                     0.541359303643
 503                     0.523069735729                     0.548639922900
 504                    -0.068264741969                     0.549272136165
 505                     0.392209605628                     0.557175095996
 506                    -0.199124872071                     0.557807309262
 507                     0.783162138307                     0.558907418302
 508                     0.261349475526                     0.565710269093
 509                    -0.329985002172                     0.566342482359
 510                     0.130489345425                     0.574245442190
 511                    -0.460845132273                     0.574877655456
 512                    -0.674390299236                     0.576203981975
 513                    -0.592357203649                     0.582420011724
 514                    -0.000370784676                     0.582780615287
 515                     0.589417277653                     0.585114726402
 516                    -0.760191675672                     0.589770339496
 517                     0.460103562921                     0.590683575118
 518                    -0.131230914778                     0.591315788384
 519                     0.329243432820                     0.599218748215
 520                    -0.262091044879                     0.599850961481
 521                     0.662114196436                     0.606270472888
 522                     0.198383302718                     0.607753921312
 523                    -0.392951174980                     0.608386134577
 524                     0.067523172617                     0.616289094409
 525                    -0.523817896137                     0.616911434983
 526                     0.736790036165                     0.618757529019
 527                    -0.063336957484                     0.624824267505
 528                     0.526451104845                     0.627158378621
 529                     0.397137390113                     0.632727227337
 530                    -0.194197087586                     0.633359440602
 531                     0.266277260011                     0.641262400433
 532                    -0.325057217687                     0.641894613699
 533                    -0.635823470243                     0.644412682890
 534                    -0.711463921066                     0.647718709111
 535                     0.135417129910                     0.649797573530
 536                    -0.455917347788                     0.650429786796
 537                     0.004556999809                     0.658332746627
 538                     0.608144443592                     0.659371069757
 539                    -0.126303130293                     0.666867919724
 540                     0.334171217305                     0.674770879555
 541                    -0.257163260394                     0.675403092821
 542                    -0.568121906170                     0.678308196339
 543                     0.681115785859                     0.679559948322
 544                     0.472347483770                     0.680122572153
 545                     0.203311087203                     0.683306052652
 546                    -0.390539005796                     0.688614624125
 547                     0.072450957102                     0.691841225749
 548                    -0.058409172999                     0.700376398846
 549                     0.545057494767                     0.701233278226
 550                     0.402065174598                     0.708279358677
 551                    -0.189269303101                     0.708911571942
 552                    -0.500229810730                     0.711820447633
 553                     0.271205044496                     0.716814531774
 554                    -0.320129433202                     0.717446745039
 555                    -0.638114288174                     0.720090683413
 556                     0.140344914395                     0.725349704870
 557                     0.621932292377                     0.733834053499
 558                     0.009484784294                     0.733884877967
 559                    -0.121375345807                     0.742420051064
 560                     0.339099001790                     0.750323010895
 561                     0.490694064279                     0.753930764272
 562                    -0.570412724101                     0.753986196862
 563                     0.208238871688                     0.758858183992
 564                    -0.378516858341                     0.765647535443
 565                     0.077378741587                     0.767393357089
 566                    -0.453981852824                     0.771766540078
 567                    -0.053481388514                     0.775928530186
 568                    -0.275250271045                     0.778424350880
 569                     0.562377504678                     0.780613548749
 570                     0.420284284333                     0.781767260065
 571                    -0.199735675102                     0.783897321703
 572                     0.145272698880                     0.800901836210
 573                     0.283037418343                     0.804652123818
 574                     0.014412568779                     0.809437009308
 575                    -0.519380794720                     0.809916061815
 576                    -0.131841717809                     0.817405800824
 577                     0.357318111525                     0.823810912283
 578                    -0.333637696184                     0.826625141284
 579                     0.487373656802                     0.829570585161
 580                     0.213166656173                     0.834410315332
 581                     0.080690971186                     0.846265433907
 582                    -0.454088421873                     0.848247689199
 583                    -0.052531603013                     0.851635237402
 584                    -0.263143279299                     0.854246596674
 585                     0.420634934978                     0.865324614573
 586                    -0.188601877300                     0.867512605797
 587                     0.150200483365                     0.876453967550
 588                    -0.385984163470                     0.881326649240
 589                     0.269936904638                     0.884505689363
 590                     0.015362354280                     0.885143716523
 591                    -0.116828031546                     0.891614943352
 592                     0.344362467556                     0.898406883349
 593                    -0.315489746584                     0.908948104630
 594                    -0.242891139848                     0.930974975167
 595                     0.215955638162                     0.937594581606
 596                     0.066626515226                     0.940860800191
 597                    -0.168935343871                     0.947196195864
 598                     0.141563274115                     0.951672357764
 599                    -0.081672686904                     0.958670959884
 600                    -0.006038837490                     0.962124716215
