   1                     0.022554174752                    -0.963882381664
   2                    -0.049146553700                    -0.962892804387
   3                    -0.122079617311                    -0.956386168615
   4                     0.147310124250                    -0.952826145619
   5                    -0.192823184957                    -0.944667748907
   6                     0.225918713596                    -0.937303937540
   7                     0.081848261072                    -0.923556396851
   8                     0.298195523035                    -0.916812788848
   9                    -0.258081127675                    -0.914946129907
  10                    -0.329251471123                    -0.906185083327
  11                    -0.080134193393                    -0.898226430514
  12                    -0.006232306321                    -0.897932928670
  13                     0.369230083097                    -0.890644195073
  14                     0.175093432972                    -0.886719705084
  15                    -0.396368629541                    -0.878606438111
  16                    -0.203738500964                    -0.868160954414
  17                     0.244313303622                    -0.867995837137
  18                     0.054427217610                    -0.857298868228
  19                    -0.134110096345                    -0.851018638527
  20                    -0.461233160864                    -0.846665168648
  21                     0.312722542726                    -0.846498169149
  22                     0.475305383541                    -0.838846069823
  23                     0.123253389330                    -0.837175950696
  24                    -0.336136397059                    -0.834808816133
  25                     0.404399509443                    -0.828153514375
  26                    -0.066238997752                    -0.827878031372
  27                    -0.261805373715                    -0.824472517379
  28                     0.192079561050                    -0.817053033163
  29                     0.002587173968                    -0.807755113840
  30                    -0.401945861211                    -0.806329206732
  31                    -0.186905213114                    -0.798457194517
  32                     0.260905732770                    -0.796930115630
  33                     0.526597416961                    -0.788735182470
  34                     0.071413345688                    -0.787632196307
  35                    -0.559013990268                    -0.785545221592
  36                    -0.487524943490                    -0.779951482720
  37                    -0.118079041394                    -0.778334276984
  38                     0.329741334103                    -0.776839455272
  39                    -0.307571428476                    -0.769036357661
  40                     0.140239517408                    -0.767509278774
  41                     0.592543139912                    -0.760572523713
  42                    -0.049252869674                    -0.758211359451
  43                     0.398558076211                    -0.756684280564
  44                    -0.238745256756                    -0.748913440128
  45                     0.209065689129                    -0.747386361241
  46                     0.469388383064                    -0.745502091390
  47                    -0.615851741660                    -0.741825160517
  48                    -0.428237643838                    -0.739615520805
  49                     0.019573302046                    -0.738088441918
  50                    -0.169919085036                    -0.728790522595
  51                     0.277891860849                    -0.727263443708
  52                    -0.359411472118                    -0.719492603272
  53                     0.088399473767                    -0.717965524385
  54                     0.535334106015                    -0.717339432633
  55                    -0.547391811517                    -0.714785779220
  56                    -0.101092913316                    -0.708667605062
  57                     0.346718032570                    -0.707140526176
  58                    -0.290585300398                    -0.699369685739
  59                     0.157225645487                    -0.697842606852
  60                     0.622480611203                    -0.695413322241
  61                    -0.480077687480                    -0.690071766416
  62                    -0.032266741595                    -0.688544687530
  63                    -0.675080456194                    -0.687653145981
  64                     0.415544204290                    -0.687017608643
  65                    -0.221759128678                    -0.679246768206
  66                     0.226051817208                    -0.677719689320
  67                     0.690545307510                    -0.672848508030
  68                    -0.604229562909                    -0.671065718145
  69                    -0.411251515760                    -0.669948848883
  70                     0.036559430125                    -0.668421769997
  71                     0.484370376010                    -0.666894691109
  72                    -0.152932956957                    -0.659123850674
  73                     0.294877988928                    -0.657596771787
  74                    -0.342425344040                    -0.649825931351
  75                     0.105385601846                    -0.648298852464
  76                     0.553971195212                    -0.647499077884
  77                    -0.533586360082                    -0.642329097831
  78                    -0.084106785237                    -0.639000933141
  79                     0.363704160648                    -0.637473854254
  80                    -0.724406290179                    -0.635543527232
  81                    -0.273599172319                    -0.629703013818
  82                     0.174211773566                    -0.628175934931
  83                     0.624655388346                    -0.623738751660
  84                    -0.463091559402                    -0.620405094495
  85                    -0.015280613517                    -0.618878015608
  86                     0.432530332368                    -0.617350936720
  87                    -0.650767753677                    -0.616511428454
  88                    -0.204773000599                    -0.609580096285
  89                     0.243037945286                    -0.608053017398
  90                     0.713738360098                    -0.604995313298
  91                    -0.394265387681                    -0.600282176962
  92                     0.053545558204                    -0.598755098075
  93                     0.501356504091                    -0.597228019188
  94                    -0.583757774764                    -0.590984257640
  95                    -0.135946828879                    -0.589457178752
  96                     0.311864117006                    -0.587930099866
  97                    -0.325439215961                    -0.580159259429
  98                     0.122371729924                    -0.578632180543
  99                     0.570182675811                    -0.577105101654
 100                    -0.773853903920                    -0.575089620728
 101                     0.776875851745                    -0.571000742081
 102                    -0.514931603043                    -0.570861340106
 103                    -0.067120657158                    -0.569334261219
 104                     0.380690288727                    -0.567807182332
 105                    -0.702607797318                    -0.566967674064
 106                    -0.256613044241                    -0.560036341896
 107                     0.191197901644                    -0.558509263010
 108                     0.647796872909                    -0.555867952225
 109                    -0.446105431323                    -0.550738422573
 110                     0.001705514562                    -0.549211343687
 111                     0.449516460448                    -0.547684264799
 112                    -0.635597818405                    -0.541440503250
 113                    -0.187786872521                    -0.539913424363
 114                     0.260024073365                    -0.538386345477
 115                     0.715866943657                    -0.533319355992
 116                    -0.377279259603                    -0.530615505040
 117                     0.070531686282                    -0.529088426154
 118                     0.518342632169                    -0.527561347266
 119                    -0.566771646685                    -0.521317585717
 120                    -0.118960700800                    -0.519790506831
 121                     0.328850245085                    -0.518263427944
 122                     0.817165523360                    -0.511681975364
 123                    -0.308453087883                    -0.510492587508
 124                     0.139357858003                    -0.508965508621
 125                     0.588926028768                    -0.507850446026
 126                    -0.757904697062                    -0.505178273121
 127                    -0.497945474965                    -0.501194668184
 128                    -0.050134529080                    -0.499667589298
 129                     0.397676416806                    -0.498140510411
 130                    -0.828570523584                    -0.492999821429
 131                    -0.687437862046                    -0.491896748862
 132                    -0.239626916162                    -0.490369669975
 133                     0.208184029723                    -0.488842591088
 134                     0.658185548465                    -0.484916918801
 135                    -0.429119303245                    -0.481071750652
 136                     0.018691642641                    -0.479544671765
 137                     0.466502588527                    -0.478017592878
 138                    -0.618611690327                    -0.471773831329
 139                    -0.170800744442                    -0.470246752442
 140                     0.277010201443                    -0.468719673555
 141                     0.728849400822                    -0.462796809742
 142                    -0.360293131524                    -0.460948833119
 143                     0.087517814361                    -0.459421754232
 144                     0.535328760248                    -0.457894675345
 145                    -0.549785518606                    -0.451650913796
 146                    -0.101974572721                    -0.450123834909
 147                     0.345836373164                    -0.448596756023
 148                     0.797675572542                    -0.442673892208
 149                    -0.291466959804                    -0.440825915586
 150                     0.156343986081                    -0.439298836700
 151                     0.604154931968                    -0.437771757812
 152                    -0.760271757982                    -0.433509795069
 153                    -0.480959346886                    -0.431527996263
 154                    -0.862919980617                    -0.430054698304
 155                    -0.033148401001                    -0.430000917377
 156                     0.414662544885                    -0.428473838490
 157                     0.866545606315                    -0.422701607115
 158                    -0.670451734018                    -0.422230076928
 159                    -0.222640788083                    -0.420702998053
 160                     0.225170157801                    -0.419175919167
 161                     0.675171676543                    -0.415250246880
 162                    -0.412133175166                    -0.411405078730
 163                     0.035677770719                    -0.409877999844
 164                     0.483488716606                    -0.408350920957
 165                    -0.601625562249                    -0.402107159407
 166                    -0.153814616363                    -0.400580080521
 167                     0.293996329522                    -0.399053001634
 168                     0.745835528900                    -0.393130137820
 169                    -0.343307003446                    -0.391282161198
 170                     0.104503942439                    -0.389755082311
 171                     0.552314888326                    -0.388228003424
 172                    -0.532799390528                    -0.381984241874
 173                    -0.809912220190                    -0.381762348412
 174                    -0.084988444643                    -0.380457162988
 175                     0.362822501242                    -0.378930084101
 176                     0.814661700621                    -0.373007220287
 177                    -0.722291777627                    -0.372686322496
 178                    -0.274480831725                    -0.371159243665
 179                     0.173330114160                    -0.369632164778
 180                     0.621141060046                    -0.368105085891
 181                    -0.886261394134                    -0.362251431648
 182                    -0.463973218808                    -0.361861324342
 183                    -0.016162272923                    -0.360334245455
 184                     0.431648672963                    -0.358807166568
 185                     0.895565279814                    -0.357128500786
 186                    -0.653465605890                    -0.352563405018
 187                    -0.205654660005                    -0.351036326132
 188                     0.242156285880                    -0.349509247245
 189                     0.692157804621                    -0.345583574959
 190                    -0.395147047088                    -0.341738406809
 191                     0.052663898798                    -0.340211327922
 192                     0.500474844684                    -0.338684249035
 193                    -0.584639434170                    -0.332440487486
 194                    -0.136828488285                    -0.330913408599
 195                     0.310982457601                    -0.329386329713
 196                     0.762821656979                    -0.323463465899
 197                    -0.326320875367                    -0.321615489276
 198                     0.121490070518                    -0.320088410389
 199                    -0.775206984223                    -0.319012684508
 200                     0.569301016404                    -0.318561331502
 201                    -0.515813262450                    -0.312317569953
 202                    -0.068002316564                    -0.310790491067
 203                     0.379808629321                    -0.309263412180
 204                     0.843813372185                    -0.307492689313
 205                    -0.845207463241                    -0.303458702044
 206                    -0.705305649548                    -0.303019650574
 207                    -0.257494703647                    -0.301492571743
 208                     0.190316242238                    -0.299965492857
 209                     0.638127188125                    -0.298438413969
 210                    -0.917095774273                    -0.297511240320
 211                    -0.446987090729                    -0.292194652420
 212                     0.000823855156                    -0.290667573534
 213                     0.919631121089                    -0.289579933017
 214                     0.448634801042                    -0.289140494647
 215                    -0.636479477812                    -0.282896733097
 216                    -0.188668531926                    -0.281369654211
 217                     0.259142413959                    -0.279842575324
 218                     0.709143932700                    -0.275916903037
 219                    -0.378160919009                    -0.272071734887
 220                     0.069650026876                    -0.270544656001
 221                     0.517460972762                    -0.269017577114
 222                    -0.567653306091                    -0.262773815564
 223                    -0.119842360206                    -0.261246736678
 224                     0.327968585679                    -0.259719657791
 225                     0.791973328543                    -0.257948934925
 226                    -0.309334747289                    -0.251948817355
 227                     0.138476198597                    -0.250421738468
 228                     0.586287144483                    -0.248894659581
 229                    -0.773435855841                    -0.247327003734
 230                    -0.498827134371                    -0.242650898032
 231                    -0.051016188486                    -0.241123819145
 232                     0.867879213460                    -0.239944121546
 233                     0.396794757400                    -0.239596740258
 234                    -0.865221475419                    -0.234600531069
 235                    -0.688320969422                    -0.233352625629
 236                    -0.240508575568                    -0.231825899822
 237                     0.207302370317                    -0.230298820936
 238                     0.655113316203                    -0.228771742048
 239                    -0.936671415990                    -0.228524414485
 240                    -0.430000962650                    -0.222527980499
 241                     0.017809983234                    -0.221000901612
 242                     0.938613232644                    -0.219777721870
 243                     0.465620929120                    -0.219473822725
 244                    -0.619493349741                    -0.213230061174
 245                    -0.171682403848                    -0.211702982289
 246                     0.738295604264                    -0.210402372064
 247                     0.276128542037                    -0.210175903403
 248                    -0.361174790930                    -0.202405062966
 249                     0.086636154955                    -0.200877984080
 250                     0.534447100841                    -0.199350905192
 251                    -0.550667178013                    -0.193107143643
 252                    -0.102856232128                    -0.191580064757
 253                     0.815291078132                    -0.190138491203
 254                     0.344954713758                    -0.190052985870
 255                    -0.811807169025                    -0.186749647831
 256                    -0.740159983327                    -0.183807793789
 257                    -0.292348619210                    -0.182282145433
 258                     0.155462326675                    -0.180755066547
 259                     0.603273272561                    -0.179227987659
 260                    -0.481841006292                    -0.172984226110
 261                    -0.034030060407                    -0.171457147224
 262                     0.884143446058                    -0.170105389730
 263                     0.413780885478                    -0.169930068337
 264                    -0.671333393380                    -0.163686306766
 265                    -0.879528050741                    -0.163173051316
 266                    -0.223522447490                    -0.162159227901
 267                     0.224288498396                    -0.160632149014
 268                     0.672403471158                    -0.159178516747
 269                    -0.951067573235                    -0.158266887325
 270                    -0.413014834572                    -0.152861308578
 271                     0.034796111313                    -0.151334229691
 272                     0.482607057198                    -0.149807150804
 273                     0.952600690838                    -0.148761084616
 274                    -0.602507221654                    -0.143563389254
 275                    -0.154696275769                    -0.142036310368
 276                     0.293114670116                    -0.140509231481
 277                     0.741145117217                    -0.138751454417
 278                    -0.344188662852                    -0.132738391045
 279                     0.103622283033                    -0.131211312158
 280                     0.551433228919                    -0.129684233271
 281                    -0.533681049934                    -0.123440471721
 282                    -0.085870104049                    -0.121913392835
 283                     0.361940841836                    -0.120386313948
 284                     0.809971288938                    -0.118628536885
 285                    -0.795116400000                    -0.117011624106
 286                    -0.723469214302                    -0.114069770064
 287                    -0.275362491131                    -0.112615473512
 288                     0.172448454754                    -0.111088394626
 289                     0.620259400640                    -0.109561315738
 290                    -0.464854878214                    -0.103317554189
 291                    -0.017043932329                    -0.101790475302
 292                     0.430767013557                    -0.100263396416
 293                    -0.911048949337                    -0.098764925466
 294                     0.878822893501                    -0.098541719710
 295                    -0.654347265303                    -0.094019634844
 296                    -0.206536319411                    -0.092492555979
 297                     0.241274626474                    -0.090965477093
 298                     0.689085572360                    -0.089438398205
 299                    -0.396028706493                    -0.083194636656
 300                     0.051782239392                    -0.081667557770
 301                     0.499593185277                    -0.080140478883
 302                     0.948768849823                    -0.077155982017
 303                    -0.585521093577                    -0.073896717332
 304                    -0.137710147691                    -0.072369638447
 305                     0.310100798194                    -0.070842559560
 306                     0.758131245296                    -0.069084782496
 307                    -0.846674753217                    -0.067174790968
 308                    -0.327202534773                    -0.063071719123
 309                     0.120608411112                    -0.061544640237
 310                     0.568419356998                    -0.060017561350
 311                    -0.516694921856                    -0.053773799800
 312                    -0.068883975970                    -0.052246720914
 313                     0.378926969915                    -0.050719642027
 314                    -0.962888992978                    -0.049221171078
 315                     0.826957417016                    -0.048961864963
 316                    -0.777848581497                    -0.047051873434
 317                    -0.706187308944                    -0.044475880455
 318                    -0.258376363053                    -0.042948801591
 319                     0.189434582832                    -0.041421722704
 320                     0.637245528718                    -0.039894643817
 321                    -0.447868750135                    -0.033650882267
 322                    -0.000057804250                    -0.032123803381
 323                     0.447753141635                    -0.030596724494
 324                     0.895783588736                    -0.028838947431
 325                    -0.637361137224                    -0.024352962923
 326                    -0.189550191333                    -0.022825884058
 327                     0.258260754553                    -0.021298805171
 328                     0.706071700439                    -0.019771726284
 329                    -0.898514796859                    -0.017631036579
 330                    -0.379042578415                    -0.013527964735
 331                     0.068768367470                    -0.012000885848
 332                     0.516579313356                    -0.010473806962
 333                     0.964119998667                    -0.007110882597
 334                    -0.568534965498                    -0.004230045411
 335                    -0.120724019612                    -0.002702966525
 336                     0.327086926273                    -0.001175887639
 337                     0.775117373374                     0.000581889426
 338                    -0.829688625139                     0.002491880954
 339                    -0.310216406695                     0.006594952798
 340                     0.137594539190                     0.008122031684
 341                     0.585405485076                     0.009649110572
 342                    -0.499708793777                     0.015892872121
 343                    -0.051897847892                     0.017419951008
 344                     0.395913097993                     0.018947029894
 345                     0.843943545095                     0.020704806958
 346                    -0.958059753904                     0.022323585359
 347                    -0.760862453419                     0.022614798487
 348                    -0.689201180866                     0.025190791467
 349                    -0.241390234974                     0.026717870331
 350                     0.206420710911                     0.028244949217
 351                     0.654231656797                     0.029772028104
 352                    -0.430882622057                     0.036015789654
 353                     0.016928323828                     0.037542868540
 354                     0.464739269714                     0.039069947427
 355                    -0.620375009146                     0.045313708999
 356                    -0.172564063254                     0.046840787863
 357                     0.275246882631                     0.048367866750
 358                     0.919535066166                     0.049051004102
 359                     0.723057828517                     0.049894945638
 360                    -0.881528668781                     0.052035635343
 361                    -0.362056450337                     0.056138707187
 362                     0.085754495549                     0.057665786073
 363                     0.533565441434                     0.059192864960
 364                    -0.551548837419                     0.065436626511
 365                    -0.103737891534                     0.066963705396
 366                     0.344073054351                     0.068490784283
 367                     0.792103501453                     0.070248561347
 368                    -0.812702497061                     0.072158552875
 369                    -0.293230278616                     0.076261624719
 370                     0.154580667269                     0.077788703606
 371                     0.602391613155                     0.079315782493
 372                    -0.482722665699                     0.085559544042
 373                    -0.034911719814                     0.087086622929
 374                     0.412899226072                     0.088613701816
 375                     0.860929673173                     0.090371478880
 376                    -0.743876325341                     0.092281470409
 377                    -0.959551457057                     0.094015624983
 378                    -0.672215052788                     0.094857463388
 379                    -0.224404106896                     0.096384542252
 380                     0.223406838989                     0.097911621139
 381                     0.671217784875                     0.099438700026
 382                    -0.413896493978                     0.105682461575
 383                     0.033914451907                     0.107209540462
 384                     0.481725397792                     0.108736619348
 385                     0.957892269501                     0.109637295257
 386                    -0.603388881067                     0.114980380920
 387                    -0.155577935176                     0.116507459785
 388                     0.292233010709                     0.118034538671
 389                     0.740043956596                     0.119561617559
 390                    -0.893822877167                     0.122681414861
 391                    -0.345070322258                     0.125805379108
 392                     0.102740623627                     0.127332457994
 393                     0.550551569512                     0.128859536881
 394                    -0.534562709341                     0.135103298432
 395                    -0.086751763455                     0.136630377318
 396                     0.361059182430                     0.138157456204
 397                     0.809089629531                     0.139915233268
 398                    -0.824996705447                     0.142804332395
 399                    -0.276244150538                     0.145928296641
 400                     0.171566795347                     0.147455375527
 401                     0.619377741233                     0.148982454414
 402                    -0.465736537620                     0.155226215964
 403                    -0.017925591735                     0.156753294850
 404                     0.429885354150                     0.158280373737
 405                     0.878413212010                     0.159914987516
 406                    -0.756170533727                     0.162927249928
 407                    -0.656201987336                     0.164765169094
 408                    -0.207417978817                     0.166051214173
 409                     0.240392967068                     0.167578293060
 410                     0.688203912954                     0.169105371947
 411                    -0.948631510633                     0.169134468914
 412                    -0.396910365900                     0.175349133496
 413                     0.050900579985                     0.176876212383
 414                     0.498711525870                     0.178403291270
 415                     0.947094431356                     0.180527212842
 416                    -0.586402752989                     0.184647052841
 417                    -0.138591807097                     0.186174131706
 418                     0.309219138788                     0.187701210593
 419                     0.757030084674                     0.189228289480
 420                    -0.880546424293                     0.193149205538
 421                    -0.328084194180                     0.195472051029
 422                     0.119726751706                     0.196999129916
 423                     0.567537697591                     0.198526208803
 424                    -0.517576581263                     0.204769970354
 425                    -0.069765635377                     0.206297049239
 426                     0.378045310508                     0.207824128126
 427                     0.826075757610                     0.209581905190
 428                    -0.808010577369                     0.212471004316
 429                    -0.707493741924                     0.215582199016
 430                    -0.259258022459                     0.215594968562
 431                     0.188552923426                     0.217122047449
 432                     0.636363869312                     0.218649126336
 433                    -0.448750409542                     0.224892887885
 434                    -0.000939463656                     0.226419966772
 435                     0.446871482229                     0.227947045658
 436                     0.894903110922                     0.229700780895
 437                    -0.638242796631                     0.234190807230
 438                    -0.190431850739                     0.235717886095
 439                     0.257379095146                     0.237244964981
 440                     0.705190041032                     0.238772043869
 441                    -0.933375269656                     0.241637212522
 442                    -0.379924237821                     0.245015805418
 443                     0.067886708064                     0.246542884305
 444                     0.515697653949                     0.248069963191
 445                    -0.569416624910                     0.254313724763
 446                    -0.121605679019                     0.255840803628
 447                     0.326205266866                     0.257367882514
 448                     0.774016212753                     0.258894961402
 449                    -0.860005802871                     0.261851873574
 450                    -0.759333785566                     0.265125953404
 451                    -0.311098066101                     0.265138722951
 452                     0.136712879784                     0.266665801837
 453                     0.584523825669                     0.268192880724
 454                    -0.500590453184                     0.274436642275
 455                    -0.052779507298                     0.275963721160
 456                     0.395031438587                     0.277490800047
 457                     0.842752344599                     0.279323321651
 458                    -0.690507613846                     0.285248870938
 459                    -0.242271894381                     0.285261640484
 460                     0.205539051505                     0.286788719370
 461                     0.653349997390                     0.288315798257
 462                    -0.431764281463                     0.294559559806
 463                     0.016046664422                     0.296086638693
 464                     0.463857610307                     0.297613717580
 465                     0.916959364843                     0.297931971613
 466                    -0.621256668553                     0.303857479152
 467                    -0.173445722660                     0.305384558016
 468                     0.274365223225                     0.306911636903
 469                     0.722176169110                     0.308438715790
 470                    -0.912834648234                     0.310339880559
 471                    -0.811329011068                     0.314506822662
 472                    -0.362938109743                     0.314682477339
 473                     0.084872836142                     0.316209556226
 474                     0.532683782027                     0.317736635113
 475                    -0.552430496832                     0.323980396684
 476                    -0.104619550940                     0.325507475549
 477                     0.343191394945                     0.327034554436
 478                     0.794026223657                     0.331932625602
 479                    -0.294111938023                     0.334805394872
 480                    -0.742763733620                     0.335501499422
 481                     0.153699007863                     0.336332473759
 482                     0.601509953748                     0.337859552645
 483                    -0.483604325106                     0.344103314196
 484                    -0.035793379220                     0.345630393082
 485                     0.412017566665                     0.347157471968
 486                     0.865102999746                     0.347458642434
 487                    -0.225285766302                     0.354928312405
 488                    -0.673749827474                     0.354970820994
 489                     0.222525179583                     0.356455391291
 490                     0.670336125469                     0.357982470179
 491                    -0.414778153385                     0.364226231728
 492                     0.033032792501                     0.365753310614
 493                     0.480843738386                     0.367280389501
 494                    -0.604498127857                     0.373580015330
 495                    -0.156459594582                     0.375051229938
 496                     0.291351351303                     0.376578308824
 497                    -0.887244668828                     0.377325899083
 498                     0.739162297189                     0.378105387711
 499                    -0.345951981665                     0.384349149260
 500                     0.101858964221                     0.385876228147
 501                    -0.816070698833                     0.386057434964
 502                     0.549669910106                     0.387403307034
 503                    -0.535444368754                     0.393647068606
 504                    -0.087633422862                     0.395174147470
 505                     0.360177523023                     0.396701226357
 506                    -0.277125809944                     0.404472066793
 507                    -0.725549231694                     0.405112093085
 508                     0.170685135941                     0.405999145680
 509                     0.618496081826                     0.407526224567
 510                    -0.466618197028                     0.413769986118
 511                    -0.018807251141                     0.415297065003
 512                     0.429003694744                     0.416824143890
 513                     0.868295594501                     0.419095093089
 514                     0.796613765210                     0.421015789084
 515                    -0.656535129451                     0.424581365422
 516                    -0.208299638224                     0.424594984326
 517                     0.239511307661                     0.426122063213
 518                     0.687322253547                     0.427649142100
 519                    -0.397792025307                     0.433892903649
 520                     0.050018920579                     0.435419982536
 521                     0.497829866464                     0.436947061423
 522                    -0.587284412396                     0.443190822994
 523                    -0.139473466504                     0.444717901859
 524                     0.308337479382                     0.446244980745
 525                    -0.853807602123                     0.447869657187
 526                    -0.782097234990                     0.449206286722
 527                    -0.328965853587                     0.454015821182
 528                     0.118845092299                     0.455542900069
 529                     0.566656038184                     0.457069978955
 530                    -0.518458240676                     0.463313740527
 531                    -0.070647294783                     0.464840819392
 532                     0.377163651102                     0.466367898278
 533                     0.744773721568                     0.470559543473
 534                    -0.260139681866                     0.474138738715
 535                     0.187671264020                     0.475665817601
 536                     0.635482209905                     0.477192896488
 537                     0.833437710000                     0.483051530530
 538                    -0.449632068950                     0.483436658039
 539                    -0.001821123063                     0.484963736924
 540                     0.445989822822                     0.486490815811
 541                    -0.675768463604                     0.493661410161
 542                    -0.191313510145                     0.494261656248
 543                     0.256497435740                     0.495788735134
 544                    -0.380805897229                     0.503559575570
 545                     0.067005048657                     0.505086654457
 546                     0.514815994543                     0.506613733344
 547                    -0.745395452444                     0.510809475613
 548                    -0.817096270252                     0.511792557217
 549                    -0.570298284318                     0.512857494916
 550                    -0.122487338425                     0.514384573780
 551                     0.325323607460                     0.515911652667
 552                    -0.311979725508                     0.523682493103
 553                     0.135831220378                     0.525209571990
 554                     0.583642166263                     0.526736650876
 555                    -0.501472112598                     0.532980412449
 556                    -0.053661166705                     0.534507491313
 557                     0.394149779180                     0.536034570200
 558                     0.723756779050                     0.539117999194
 559                    -0.243153553788                     0.543805410635
 560                     0.795830243954                     0.544114665274
 561                     0.204657392098                     0.545332489523
 562                     0.652468337983                     0.546859568409
 563                    -0.631562614898                     0.550122163467
 564                    -0.432645940871                     0.553103329961
 565                     0.015165005016                     0.554630408846
 566                     0.462975950901                     0.556157487733
 567                    -0.174327382067                     0.563928328169
 568                     0.273483563818                     0.565455407056
 569                    -0.701189603738                     0.567270228920
 570                    -0.363819769150                     0.573226247492
 571                     0.083991176736                     0.574753326379
 572                     0.531802122621                     0.576280405266
 573                    -0.772188974771                     0.577323240242
 574                    -0.105501210346                     0.584051245702
 575                    -0.568629442061                     0.584601612203
 576                     0.342309735539                     0.585578324588
 577                    -0.294993597430                     0.593349165024
 578                     0.152817348456                     0.594876243911
 579                     0.600628294341                     0.596403322798
 580                    -0.484485984519                     0.602647084370
 581                    -0.036675038626                     0.604174163234
 582                     0.411135907259                     0.605701242121
 583                     0.750022223826                     0.605842058831
 584                    -0.226167425709                     0.613472082557
 585                     0.678733782759                     0.613583628046
 586                     0.221643520177                     0.614999161444
 587                    -0.651525449011                     0.618994937318
 588                    -0.415659812793                     0.622770001882
 589                     0.032151133094                     0.624297080767
 590                     0.479962078979                     0.625824159654
 591                    -0.157341253988                     0.633595000090
 592                    -0.725770029622                     0.634683517637
 593                     0.290469691897                     0.635122078977
 594                    -0.346833641072                     0.642892919413
 595                     0.100977304815                     0.644419998300
 596                    -0.538507932685                     0.649802177839
 597                    -0.088515082268                     0.653717917623
 598                     0.359295863617                     0.655244996510
 599                    -0.278007469351                     0.663015836945
 600                     0.169803476535                     0.664542915833
 601                     0.608695408867                     0.667655658808
 602                     0.537006131993                     0.669274703258
 603                    -0.019688910548                     0.673840835156
 604                    -0.605896645045                     0.674312077269
 605                    -0.471009809500                     0.674460413844
 606                     0.428122035337                     0.675367914043
 607                    -0.209181297631                     0.683138754478
 608                     0.238629648255                     0.684665833366
 609                     0.678201032663                     0.685289205939
 610                    -0.676574754024                     0.686861159578
 611                    -0.398673684715                     0.692436673804
 612                     0.049137261173                     0.693963752689
 613                    -0.140355125910                     0.703261672012
 614                     0.307455819975                     0.704788750899
 615                    -0.329847512994                     0.712559591334
 616                     0.117963432893                     0.714086670222
 617                     0.485166088351                     0.718818457646
 618                    -0.531239939377                     0.721140456463
 619                    -0.071528954189                     0.723384589544
 620                    -0.261021341273                     0.732682508867
 621                     0.186789604613                     0.734209587754
 622                     0.619845994134                     0.738490947838
 623                     0.392977754081                     0.739920240319
 624                    -0.002702782469                     0.743507507077
 625                    -0.610984680280                     0.745838894765
 626                     0.549240219147                     0.751012859123
 627                    -0.192195169553                     0.752805426399
 628                     0.257374993559                     0.756110135809
 629                    -0.471053641444                     0.760122288959
 630                     0.066123389251                     0.763630424610
 631                    -0.399458723630                     0.764139933406
 632                    -0.123368997831                     0.772928343933
 633                     0.326861029857                     0.773820711273
 634                    -0.312861384915                     0.782226263255
 635                     0.451835204017                     0.782308818121
 636                     0.135017805141                     0.783824666926
 637                    -0.553862078398                     0.789186121643
 638                    -0.054542826111                     0.793051261466
 639                    -0.244035213195                     0.802349180788
 640                     0.203871621877                     0.803852810037
 641                     0.386981919218                     0.812903346626
 642                     0.014283345610                     0.813174178999
 643                     0.515909334813                     0.814503219597
 644                    -0.175209041474                     0.822472098320
 645                    -0.493675780465                     0.828167954140
 646                    -0.367698782276                     0.828430522522
 647                     0.083109517330                     0.833297096531
 648                     0.323074919475                     0.845428246435
 649                    -0.098926567756                     0.849372280643
 650                    -0.295875256837                     0.851892935177
 651                     0.447702502952                     0.853897186628
 652                    -0.430758707853                     0.862568763688
 653                     0.253856344199                     0.864156902564
 654                    -0.030100396036                     0.869495198176
 655                    -0.227049085116                     0.872015852709
 656                     0.182617000148                     0.872337952797
 657                     0.383000315021                     0.884809976873
 658                    -0.156760461362                     0.891765847068
 659                     0.042290276981                     0.892308939001
 660                     0.115402486935                     0.897321606195
 661                    -0.350712654197                     0.898097194443
 662                     0.304685123824                     0.914737619103
 663                    -0.278726453938                     0.922806110342
 664                     0.234133893770                     0.935195085498
 665                    -0.055959035932                     0.936377964764
 666                    -0.208600505003                     0.941309601456
 667                     0.163986959879                     0.950090446493
 668                    -0.124924341568                     0.956018747392
 669                     0.081802081666                     0.960669743417
 670                     0.010176259865                     0.964092516420
