   1                     0.005949323516                    -0.965192989210
   2                    -0.067107943138                    -0.962905815196
   3                     0.078133044793                    -0.962073964039
   4                    -0.150013690334                    -0.953512966709
   5                     0.160575583220                    -0.951791241315
   6                    -0.281607614049                    -0.923248740416
   7                    -0.212097903087                    -0.922237198751
   8                     0.290660223076                    -0.920438873414
   9                     0.221194686499                    -0.917762614363
  10                    -0.029498635961                    -0.904440755987
  11                     0.040016618643                    -0.903938250470
  12                    -0.102300752984                    -0.902955091516
  13                     0.112455489551                    -0.901620734841
  14                    -0.347326886117                    -0.900585986539
  15                     0.356153781010                    -0.897131857222
  16                    -0.418833344403                    -0.869637315247
  17                     0.427326683896                    -0.865495209280
  18                    -0.155568622896                    -0.858287909272
  19                    -0.294457929794                    -0.854929690951
  20                    -0.224948218832                    -0.853918149286
  21                     0.301331918096                    -0.850407025908
  22                     0.157916094082                    -0.849028372561
  23                     0.227431348687                    -0.848525867044
  24                    -0.064691445807                    -0.844490032307
  25                     0.004823808798                    -0.843987526790
  26                     0.074339063403                    -0.843485021272
  27                    -0.480546965218                    -0.837117494256
  28                    -0.360177201863                    -0.832266937074
  29                     0.489000781856                    -0.832207498352
  30                     0.368284063136                    -0.828681295573
  31                    -0.539551111283                    -0.800359721177
  32                    -0.421759510480                    -0.800014148047
  33                     0.429648119432                    -0.796015170467
  34                     0.547629612722                    -0.794854006871
  35                    -0.169177293689                    -0.790115867981
  36                    -0.308072144230                    -0.786248613511
  37                    -0.238556889625                    -0.785746107994
  38                    -0.099884255652                    -0.784539308627
  39                    -0.030369001047                    -0.784036803110
  40                     0.039146253558                    -0.783534297592
  41                     0.108661508164                    -0.783031792077
  42                     0.178176762769                    -0.782529286560
  43                     0.247692017374                    -0.782026781044
  44                     0.317207271978                    -0.781524275527
  45                    -0.475923528538                    -0.756437981598
  46                     0.483204508092                    -0.751694335996
  47                    -0.607319268795                    -0.750236223279
  48                     0.614360090090                    -0.744481540856
  49                    -0.540560026755                    -0.730849972047
  50                    -0.413135654040                    -0.726599986515
  51                    -0.343618645516                    -0.726506924709
  52                    -0.274107574706                    -0.725593595980
  53                     0.547531129956                    -0.725337005816
  54                    -0.204592320101                    -0.725091090463
  55                    -0.135077065497                    -0.724588584947
  56                    -0.065561810892                    -0.724086079430
  57                     0.003953443713                    -0.723583573912
  58                     0.073468698319                    -0.723081068396
  59                     0.142983952924                    -0.722578562880
  60                     0.212499207528                    -0.722076057363
  61                     0.282014462133                    -0.721573551847
  62                     0.351529716738                    -0.721071046331
  63                     0.421044971343                    -0.720568540815
  64                    -0.659741469779                    -0.704579504403
  65                     0.666349845234                    -0.698332992724
  66                    -0.590728633826                    -0.682727898119
  67                    -0.451152321464                    -0.668398988821
  68                     0.601028270877                    -0.666585413776
  69                    -0.378815639156                    -0.666145377816
  70                    -0.309300384551                    -0.665642872299
  71                    -0.239785129946                    -0.665140366783
  72                    -0.170269875341                    -0.664637861266
  73                    -0.100754620736                    -0.664135355750
  74                    -0.031239366132                    -0.663632850232
  75                    -0.523744562621                    -0.663397297522
  76                     0.038275888474                    -0.663130344716
  77                     0.107791143079                    -0.662627839200
  78                     0.177306397684                    -0.662125333683
  79                     0.246821652288                    -0.661622828167
  80                     0.316336906893                    -0.661120322651
  81                     0.385852161498                    -0.660617817134
  82                     0.455367416103                    -0.660115311618
  83                     0.524882670708                    -0.659612806100
  84                    -0.708741633200                    -0.655268175894
  85                    -0.642008600148                    -0.635791897133
  86                     0.689319922108                    -0.632720503799
  87                    -0.573913169692                    -0.615275223595
  88                    -0.483523703605                    -0.606697159652
  89                    -0.414008449000                    -0.606194654135
  90                    -0.344493194395                    -0.605692148619
  91                    -0.274977939790                    -0.605189643102
  92                    -0.205462685185                    -0.604687137586
  93                     0.752729131874                    -0.604226728139
  94                    -0.135947430581                    -0.604184632069
  95                    -0.066432175976                    -0.603682126552
  96                     0.003083078629                    -0.603179621036
  97                     0.072598333234                    -0.602677115520
  98                     0.142113587839                    -0.602174610003
  99                     0.211628842444                    -0.601672104486
 100                     0.281144097048                    -0.601169598970
 101                     0.350659351653                    -0.600667093454
 102                     0.420174606258                    -0.600164587938
 103                     0.489689860863                    -0.599662082420
 104                     0.559205115468                    -0.599159576904
 105                     0.628720370072                    -0.598657071388
 106                    -0.721480807411                    -0.586928315088
 107                    -0.654747774360                    -0.567452036327
 108                    -0.785797662214                    -0.560547160397
 109                    -0.588231264082                    -0.547248645645
 110                    -0.518716009477                    -0.546746140128
 111                    -0.449200754873                    -0.546243634612
 112                    -0.379685500268                    -0.545741129095
 113                    -0.310170245663                    -0.545238623579
 114                    -0.240654991058                    -0.544736118062
 115                    -0.171139736453                    -0.544233612545
 116                    -0.101624481849                    -0.543731107028
 117                    -0.032109227244                    -0.543228601512
 118                     0.037406027361                    -0.542726095996
 119                     0.106921281966                    -0.542223590479
 120                     0.176436536571                    -0.541721084963
 121                     0.245951791176                    -0.541218579447
 122                     0.315467045780                    -0.540716073930
 123                     0.384982300385                    -0.540213568414
 124                     0.454497554990                    -0.539711062897
 125                     0.524012809595                    -0.539208557381
 126                     0.593528064200                    -0.538706051864
 127                     0.663045166877                    -0.538203298220
 128                     0.732561633894                    -0.537699326569
 129                     0.802075163781                    -0.536997687718
 130                    -0.688718374183                    -0.506800395936
 131                    -0.827059651769                    -0.497657932103
 132                    -0.757545417292                    -0.497029967517
 133                    -0.622201863906                    -0.486597005253
 134                    -0.552686609301                    -0.486094499736
 135                    -0.483171354696                    -0.485591994220
 136                    -0.413656100091                    -0.485089488703
 137                    -0.344140845486                    -0.484586983187
 138                    -0.274625590881                    -0.484084477671
 139                    -0.205110336277                    -0.483581972154
 140                    -0.135595081672                    -0.483079466637
 141                    -0.066079827067                    -0.482576961120
 142                     0.003435427538                    -0.482074455604
 143                     0.072950682143                    -0.481571950088
 144                     0.142465936748                    -0.481069444571
 145                     0.211981191352                    -0.480566939055
 146                     0.281496445957                    -0.480064433539
 147                     0.351011700562                    -0.479561928022
 148                     0.420526955167                    -0.479059422505
 149                     0.490042209772                    -0.478556916989
 150                     0.559557464377                    -0.478054411473
 151                     0.629072721121                    -0.477552202083
 152                     0.698587973585                    -0.477049400437
 153                     0.770564784223                    -0.475032220604
 154                     0.840285309138                    -0.474984895868
 155                    -0.795938039384                    -0.435496301034
 156                    -0.726423804906                    -0.434868336448
 157                    -0.865069905702                    -0.428188210042
 158                    -0.657394673750                    -0.426646281572
 159                    -0.587879419145                    -0.426143776056
 160                    -0.518364164541                    -0.425641270539
 161                    -0.448848909936                    -0.425138765023
 162                    -0.379333655331                    -0.424636259507
 163                    -0.309818400726                    -0.424133753990
 164                    -0.240303146121                    -0.423631248473
 165                    -0.170787891517                    -0.423128742956
 166                    -0.101272636912                    -0.422626237440
 167                    -0.031757382307                    -0.422123731924
 168                     0.037757872298                    -0.421621226408
 169                     0.107273126903                    -0.421118720891
 170                     0.176788381507                    -0.420616215375
 171                     0.246303636112                    -0.420113709858
 172                     0.315818890717                    -0.419611204342
 173                     0.385334145322                    -0.419108698825
 174                     0.454849399927                    -0.418606193309
 175                     0.524364654531                    -0.418103687792
 176                     0.593879909136                    -0.417601182276
 177                     0.663395163741                    -0.417098676757
 178                     0.732910418347                    -0.416596171242
 179                     0.804887228984                    -0.414578991408
 180                     0.874198155837                    -0.409229360263
 181                    -0.761616614751                    -0.374917612768
 182                    -0.830760839318                    -0.367727387202
 183                    -0.692587483595                    -0.366695557892
 184                    -0.623072228990                    -0.366193052376
 185                    -0.553556974386                    -0.365690546859
 186                    -0.484041719781                    -0.365188041343
 187                    -0.414526465176                    -0.364685535826
 188                    -0.345011210571                    -0.364183030310
 189                    -0.275495955967                    -0.363680524793
 190                    -0.205980701362                    -0.363178019277
 191                    -0.136465446757                    -0.362675513760
 192                    -0.066950192152                    -0.362173008244
 193                     0.002565062453                    -0.361670502727
 194                     0.072080317058                    -0.361167997211
 195                     0.141595571662                    -0.360665491695
 196                     0.211110826267                    -0.360162986178
 197                     0.280626080872                    -0.359660480662
 198                     0.350141335477                    -0.359157975145
 199                     0.419656590082                    -0.358655469629
 200                     0.489171844687                    -0.358152964112
 201                     0.558687099291                    -0.357650458596
 202                     0.628202353896                    -0.357147953077
 203                     0.697717608503                    -0.356645447562
 204                     0.767232863108                    -0.356142942046
 205                    -0.898583880163                    -0.352474247686
 206                     0.836543789960                    -0.350793310901
 207                     0.904615662054                    -0.336692127821
 208                    -0.729048290620                    -0.307507445186
 209                    -0.658265038836                    -0.306242328696
 210                    -0.588749784231                    -0.305739823179
 211                    -0.519234529626                    -0.305237317663
 212                    -0.449719275021                    -0.304734812146
 213                    -0.801450893967                    -0.304691284546
 214                    -0.380204020417                    -0.304232306630
 215                    -0.310688765812                    -0.303729801113
 216                    -0.241173511207                    -0.303227295596
 217                    -0.171658256602                    -0.302724790080
 218                    -0.102143001997                    -0.302222284564
 219                    -0.032627747392                    -0.301719779047
 220                     0.036887507212                    -0.301217273531
 221                     0.106402761817                    -0.300714768014
 222                     0.175918016422                    -0.300212262498
 223                     0.245433271027                    -0.299709756982
 224                     0.314948525632                    -0.299207251465
 225                     0.384463780237                    -0.298704745949
 226                     0.453979034841                    -0.298202240432
 227                     0.523494289446                    -0.297699734916
 228                     0.593009544051                    -0.297197229398
 229                     0.662524798658                    -0.296694723882
 230                     0.732040053264                    -0.296192218366
 231                     0.816044234085                    -0.284367477497
 232                    -0.894639756070                    -0.283069154071
 233                     0.926502542367                    -0.270710406074
 234                    -0.762973103286                    -0.246794110532
 235                    -0.693457848681                    -0.246291605015
 236                    -0.623942594076                    -0.245789099499
 237                    -0.554427339471                    -0.245286593983
 238                    -0.484912084866                    -0.244784088466
 239                    -0.836643703812                    -0.244740560866
 240                    -0.415396830262                    -0.244281582950
 241                    -0.345881575657                    -0.243779077433
 242                    -0.276366321052                    -0.243276571917
 243                    -0.206851066447                    -0.242774066400
 244                    -0.137335811842                    -0.242271560884
 245                    -0.067820557238                    -0.241769055367
 246                     0.001694697367                    -0.241266549851
 247                     0.071209951972                    -0.240764044334
 248                     0.140725206577                    -0.240261538818
 249                     0.210240461182                    -0.239759033302
 250                     0.279755715787                    -0.239256527785
 251                     0.349270970391                    -0.238754022269
 252                     0.418786224996                    -0.238251516752
 253                     0.488301479601                    -0.237749011236
 254                     0.557816734206                    -0.237246505718
 255                     0.627331988812                    -0.236744000202
 256                     0.696847243418                    -0.236241494686
 257                     0.866161204059                    -0.236191628203
 258                     0.766364966899                    -0.235740390945
 259                    -0.937789528147                    -0.228564839524
 260                     0.943583712191                    -0.203324526455
 261                    -0.798165913131                    -0.186843386852
 262                    -0.728650658526                    -0.186340881335
 263                     0.815360062210                    -0.185863228716
 264                    -0.659135403921                    -0.185838375819
 265                    -0.880193765924                    -0.185685953590
 266                    -0.589620149316                    -0.185335870303
 267                    -0.520104894712                    -0.184833364786
 268                    -0.450589640107                    -0.184330859270
 269                    -0.381074385502                    -0.183828353753
 270                    -0.311559130897                    -0.183325848236
 271                    -0.242043876292                    -0.182823342720
 272                    -0.172528621687                    -0.182320837204
 273                    -0.103013367083                    -0.181818331687
 274                    -0.033498112478                    -0.181315826171
 275                     0.036017142127                    -0.180813320654
 276                     0.105532396732                    -0.180310815138
 277                     0.175047651337                    -0.179808309622
 278                     0.244562905942                    -0.179305804105
 279                     0.314078160546                    -0.178803298589
 280                     0.383593415151                    -0.178300793072
 281                     0.453108669756                    -0.177798287556
 282                     0.522623924361                    -0.177295782039
 283                     0.592139178967                    -0.176793276522
 284                     0.661654433573                    -0.176290771006
 285                     0.731172157054                    -0.175789667266
 286                     0.883242373882                    -0.168805748584
 287                    -0.951808053863                    -0.160475897167
 288                     0.955770572569                    -0.134884015289
 289                    -0.833358722976                    -0.126892663172
 290                    -0.763843468371                    -0.126390157655
 291                    -0.694328213766                    -0.125887652139
 292                    -0.624812959162                    -0.125385146622
 293                    -0.555297704557                    -0.124882641106
 294                    -0.485782449952                    -0.124380135590
 295                    -0.416267195347                    -0.123877630073
 296                    -0.346751940742                    -0.123375124557
 297                    -0.277236686137                    -0.122872619040
 298                    -0.207721431533                    -0.122370113523
 299                    -0.138206176928                    -0.121867608007
 300                    -0.068690922323                    -0.121365102491
 301                     0.000824332282                    -0.120862596974
 302                     0.070339586887                    -0.120360091458
 303                     0.139854841492                    -0.119857585941
 304                     0.209370096096                    -0.119355080425
 305                     0.278885350701                    -0.118852574909
 306                     0.834924026837                    -0.118826148012
 307                     0.348400605306                    -0.118350069392
 308                     0.417915859911                    -0.117847563876
 309                     0.487431114515                    -0.117345058358
 310                     0.556946369121                    -0.116842552842
 311                     0.626461623727                    -0.116340047326
 312                     0.695979347209                    -0.115838943586
 313                     0.765494601813                    -0.115336438069
 314                    -0.901393150970                    -0.112611915919
 315                     0.899749968543                    -0.093721956799
 316                    -0.962034108905                    -0.078622250500
 317                    -0.799406143601                    -0.066230909409
 318                    -0.729521023612                    -0.065936928459
 319                    -0.660005769007                    -0.065434422942
 320                    -0.590490514402                    -0.064931917426
 321                    -0.520975259797                    -0.064429411909
 322                    -0.451460005192                    -0.063926906393
 323                    -0.381944750587                    -0.063424400876
 324                    -0.312429495983                    -0.062921895360
 325                    -0.242914241378                    -0.062419389843
 326                     0.963193337558                    -0.062093823780
 327                    -0.173398986773                    -0.061916884327
 328                    -0.103883732168                    -0.061414378811
 329                    -0.034368477563                    -0.060911873294
 330                     0.035146777042                    -0.060409367778
 331                     0.104662031646                    -0.059906862261
 332                     0.174177286251                    -0.059404356745
 333                     0.243692540856                    -0.058901851228
 334                     0.313207795461                    -0.058399345712
 335                     0.382723050066                    -0.057896840196
 336                     0.452238304671                    -0.057394334679
 337                     0.803231491787                    -0.056953647200
 338                     0.521753559276                    -0.056891829162
 339                     0.591268813881                    -0.056389323646
 340                     0.660786537363                    -0.055888219906
 341                     0.730301791968                    -0.055385714389
 342                    -0.892709558631                    -0.043639324561
 343                     0.904305129048                    -0.024354286755
 344                    -0.965197836626                    -0.009177207758
 345                    -0.834230873880                    -0.006051207232
 346                    -0.764713833457                    -0.005986204779
 347                    -0.695198578852                    -0.005483699262
 348                    -0.625683324247                    -0.004981193746
 349                    -0.556168069642                    -0.004478688230
 350                    -0.486652815037                    -0.003976182713
 351                    -0.417137560433                    -0.003473677197
 352                    -0.347622305828                    -0.002971171680
 353                    -0.278107051223                    -0.002468666163
 354                    -0.208591796618                    -0.001966160647
 355                    -0.139076542013                    -0.001463655131
 356                    -0.069561287408                    -0.000961149614
 357                    -0.000046032804                    -0.000458644098
 358                     0.069469221801                     0.000043861419
 359                     0.138984476406                     0.000546366935
 360                     0.208499731011                     0.001048872452
 361                     0.278014985616                     0.001551377968
 362                     0.347530240221                     0.002053883485
 363                     0.417045494825                     0.002556389001
 364                     0.486560749431                     0.003058894518
 365                     0.556076004036                     0.003561400034
 366                     0.625593727517                     0.004062503774
 367                     0.695108982122                     0.004565009291
 368                     0.764624236728                     0.005067514807
 369                     0.834140871316                     0.005313787240
 370                     0.965197787539                     0.009182368958
 371                    -0.904581586210                     0.024856500828
 372                     0.891871012081                     0.044041735569
 373                    -0.730391388697                     0.054467024418
 374                    -0.660876134092                     0.054969529934
 375                    -0.591360879487                     0.055472035451
 376                    -0.521845624882                     0.055974540967
 377                    -0.452330370278                     0.056477046484
 378                    -0.804366590640                     0.056724167885
 379                    -0.382815115673                     0.056979552000
 380                    -0.313299861068                     0.057482057517
 381                    -0.243784606463                     0.057984563033
 382                    -0.174269351858                     0.058487068550
 383                    -0.104754097253                     0.058989574066
 384                    -0.035238842649                     0.059492079582
 385                     0.034276411956                     0.059994585099
 386                     0.103791666561                     0.060497090615
 387                     0.173306921166                     0.060999596132
 388                     0.242822175771                     0.061502101648
 389                     0.312337430375                     0.062004607164
 390                     0.381852684980                     0.062507112681
 391                    -0.963207477576                     0.062562801216
 392                     0.451367939586                     0.063009618197
 393                     0.520883194191                     0.063512123714
 394                     0.590400917672                     0.064013227454
 395                     0.659916172277                     0.064515732970
 396                     0.729431426882                     0.065018238487
 397                     0.799169676085                     0.065394681084
 398                     0.962033688474                     0.078627394782
 399                    -0.899826187610                     0.094210731548
 400                     0.901542424990                     0.112882761905
 401                    -0.765584198542                     0.114417748098
 402                    -0.696068943938                     0.114920253614
 403                    -0.626553689332                     0.115422759131
 404                    -0.557038434728                     0.115925264647
 405                    -0.487523180123                     0.116427770163
 406                    -0.418007925518                     0.116930275680
 407                    -0.348492670913                     0.117432781197
 408                    -0.278977416308                     0.117935286713
 409                    -0.209462161703                     0.118437792230
 410                    -0.139946907099                     0.118940297746
 411                    -0.834939500690                     0.119157494767
 412                    -0.070431652494                     0.119442803263
 413                    -0.000916397889                     0.119945308779
 414                     0.068598856716                     0.120447814295
 415                     0.138114111321                     0.120950319812
 416                     0.207629365925                     0.121452825328
 417                     0.277144620530                     0.121955330845
 418                     0.346659875135                     0.122457836361
 419                     0.416175129740                     0.122960341878
 420                     0.485690384346                     0.123462847394
 421                     0.555208107827                     0.123963951134
 422                     0.624723362432                     0.124466456651
 423                     0.694238617036                     0.124968962167
 424                     0.763753871642                     0.125471467684
 425                     0.833269126246                     0.125973973200
 426                    -0.955666916250                     0.135616481867
 427                     0.951720370277                     0.160995098591
 428                    -0.883382250237                     0.169016527559
 429                    -0.731261753783                     0.174870977294
 430                    -0.661746499178                     0.175373482811
 431                    -0.592231244573                     0.175875988327
 432                    -0.522715989968                     0.176378493844
 433                    -0.453200735363                     0.176880999361
 434                    -0.383685480758                     0.177383504877
 435                    -0.314170226153                     0.177886010393
 436                    -0.244654971549                     0.178388515910
 437                    -0.175139716944                     0.178891021426
 438                    -0.105624462339                     0.179393526943
 439                    -0.036109207734                     0.179896032459
 440                     0.033406046871                     0.180398537975
 441                     0.102921301475                     0.180901043492
 442                     0.172436556080                     0.181403549008
 443                     0.241951810685                     0.181906054525
 444                     0.311467065290                     0.182408560041
 445                     0.380982319895                     0.182911065558
 446                     0.450497574500                     0.183413571074
 447                     0.520015297981                     0.183914674814
 448                     0.589530552586                     0.184417180331
 449                     0.659045807191                     0.184919685847
 450                     0.728561061796                     0.185422191363
 451                     0.798076316401                     0.185924696880
 452                    -0.815981686458                     0.186039662900
 453                     0.878930013657                     0.187831087037
 454                    -0.943427606384                     0.204047632877
 455                     0.937664703127                     0.229076383505
 456                    -0.766454563628                     0.234821700974
 457                    -0.696939309023                     0.235324206491
 458                    -0.627424054418                     0.235826712007
 459                    -0.557908799813                     0.236329217523
 460                    -0.866249440632                     0.236389296321
 461                    -0.488393545208                     0.236831723041
 462                    -0.418878290603                     0.237334228557
 463                    -0.349363035998                     0.237836734074
 464                    -0.279847781394                     0.238339239590
 465                    -0.210332526789                     0.238841745106
 466                    -0.140817272184                     0.239344250623
 467                    -0.071302017579                     0.239846756139
 468                    -0.001786762974                     0.240349261656
 469                     0.067728491630                     0.240851767172
 470                     0.137243746235                     0.241354272688
 471                     0.206759000840                     0.241856778205
 472                     0.276274255445                     0.242359283721
 473                     0.345789510050                     0.242861789238
 474                     0.415304764655                     0.243364294754
 475                     0.484822488136                     0.243865398494
 476                     0.554337742741                     0.244367904011
 477                     0.623852997346                     0.244870409527
 478                     0.693368251951                     0.245372915044
 479                     0.762883506555                     0.245875420560
 480                     0.832398761161                     0.246377926077
 481                    -0.926294796783                     0.271420401632
 482                     0.892262236048                     0.281718943451
 483                    -0.818212219937                     0.286639157640
 484                    -0.732132118868                     0.295274930171
 485                    -0.662616864263                     0.295777435687
 486                    -0.593101609658                     0.296279941204
 487                    -0.523586355053                     0.296782446721
 488                    -0.454071100449                     0.297284952237
 489                    -0.384555845844                     0.297787457754
 490                    -0.315040591239                     0.298289963270
 491                    -0.245525336634                     0.298792468786
 492                    -0.176010082029                     0.299294974303
 493                    -0.106494827424                     0.299797479819
 494                    -0.036979572819                     0.300299985336
 495                     0.032535681785                     0.300802490852
 496                     0.102050936390                     0.301304996368
 497                     0.171566190995                     0.301807501885
 498                     0.241081445600                     0.302310007401
 499                     0.310596700205                     0.302812512917
 500                     0.380111954810                     0.303315018434
 501                     0.449629678291                     0.303816122174
 502                     0.519144932896                     0.304318627691
 503                     0.588660187501                     0.304821133207
 504                     0.658175442105                     0.305323638724
 505                     0.727690696710                     0.305826144240
 506                     0.797205951315                     0.306328649756
 507                    -0.904357354256                     0.337385329813
 508                     0.899204274253                     0.350888526652
 509                    -0.836829269883                     0.353895355721
 510                    -0.767324928713                     0.355225653851
 511                    -0.697809674108                     0.355728159367
 512                    -0.628294419503                     0.356230664883
 513                    -0.558779164898                     0.356733170401
 514                    -0.489263910293                     0.357235675917
 515                    -0.419748655689                     0.357738181434
 516                    -0.350233401084                     0.358240686950
 517                    -0.280718146479                     0.358743192467
 518                    -0.211202891874                     0.359245697983
 519                    -0.141687637269                     0.359748203499
 520                    -0.072172382665                     0.360250709016
 521                    -0.002657128060                     0.360753214532
 522                     0.066858126545                     0.361255720049
 523                     0.136373381150                     0.361758225565
 524                     0.205888635755                     0.362260731082
 525                     0.275403890359                     0.362763236598
 526                     0.344919144964                     0.363265742114
 527                     0.414436868446                     0.363766845854
 528                     0.483952123050                     0.364269351371
 529                     0.553467377655                     0.364771856887
 530                     0.622982632260                     0.365274362404
 531                     0.692497886865                     0.365776867921
 532                     0.762013141470                     0.366279373438
 533                     0.831528396075                     0.366781878953
 534                    -0.872022079729                     0.413846079401
 535                    -0.802517738559                     0.415176377531
 536                    -0.733002483953                     0.415678883047
 537                    -0.663487229348                     0.416181388564
 538                    -0.593971974743                     0.416683894081
 539                    -0.524456720139                     0.417186399598
 540                    -0.454941465534                     0.417688905114
 541                    -0.385426210929                     0.418191410630
 542                    -0.315910956324                     0.418693916147
 543                    -0.246395701719                     0.419196421663
 544                    -0.176880447115                     0.419698927179
 545                    -0.107365192510                     0.420201432696
 546                    -0.037849937905                     0.420703938212
 547                     0.031665316700                     0.421206443729
 548                     0.101180571305                     0.421708949245
 549                     0.170695825910                     0.422211454761
 550                     0.240211080515                     0.422713960278
 551                     0.309726335119                     0.423216465794
 552                     0.379244058600                     0.423717569534
 553                     0.448759313205                     0.424220075051
 554                     0.518274567810                     0.424722580568
 555                     0.587789822414                     0.425225086085
 556                     0.657305077019                     0.425727591601
 557                     0.726820331623                     0.426230097118
 558                     0.865421697108                     0.427476749243
 559                     0.796072039603                     0.432298381588
 560                    -0.839791489908                     0.475602833049
 561                    -0.768195293798                     0.475629606727
 562                    -0.698680039193                     0.476132112243
 563                    -0.629164784589                     0.476634617761
 564                    -0.559649529984                     0.477137123278
 565                    -0.490134275379                     0.477639628794
 566                    -0.420619020774                     0.478142134310
 567                    -0.351103766169                     0.478644639827
 568                    -0.281588511565                     0.479147145343
 569                    -0.212073256960                     0.479649650859
 570                    -0.142558002355                     0.480152156376
 571                    -0.073042747750                     0.480654661892
 572                    -0.003527493145                     0.481157167409
 573                     0.065987761460                     0.481659672925
 574                     0.135503016065                     0.482162178442
 575                     0.205018270670                     0.482664683958
 576                     0.274533525274                     0.483167189474
 577                     0.344051248755                     0.483668293214
 578                     0.413566503360                     0.484170798732
 579                     0.483081757965                     0.484673304248
 580                     0.552597012570                     0.485175809765
 581                     0.691108243291                     0.486472707327
 582                     0.621796559130                     0.491812517564
 583                     0.829790961901                     0.493090300571
 584                     0.760274795384                     0.493444881031
 585                    -0.802791083520                     0.535926824474
 586                    -0.733275828915                     0.536429329991
 587                    -0.594842339829                     0.537087846958
 588                    -0.525327085224                     0.537590352474
 589                    -0.455811830619                     0.538092857991
 590                    -0.386296576014                     0.538595363507
 591                    -0.316781321410                     0.539097869023
 592                    -0.247266066805                     0.539600374540
 593                    -0.177750812200                     0.540102880056
 594                    -0.108235557595                     0.540605385573
 595                    -0.038720302990                     0.541107891089
 596                     0.030794951615                     0.541610396605
 597                     0.100310206220                     0.542112902122
 598                     0.169825460824                     0.542615407638
 599                     0.239340715429                     0.543117913155
 600                    -0.664089749372                     0.543204987306
 601                     0.308858438911                     0.543619016894
 602                     0.378373693516                     0.544121522412
 603                     0.447888948120                     0.544624027929
 604                     0.517404202725                     0.545126533446
 605                     0.719092462057                     0.550108441271
 606                     0.586603749286                     0.551763241245
 607                     0.788259014150                     0.557080614975
 608                     0.653111156798                     0.571996577117
 609                    -0.560519895069                     0.597541076154
 610                    -0.491004640464                     0.598043581671
 611                    -0.421489385859                     0.598546087187
 612                    -0.351974131255                     0.599048592703
 613                    -0.282458876650                     0.599551098220
 614                    -0.212943622045                     0.600053603736
 615                    -0.143428367440                     0.600556109252
 616                    -0.073913112835                     0.601058614769
 617                    -0.004397858230                     0.601561120285
 618                     0.065117396375                     0.602063625802
 619                     0.134632650979                     0.602566131318
 620                    -0.753845356107                     0.602833529298
 621                     0.204147905584                     0.603068636835
 622                     0.273665629066                     0.603569740574
 623                    -0.629767304613                     0.603658216503
 624                     0.343180883671                     0.604072246093
 625                     0.412696138276                     0.604574751609
 626                     0.482265472459                     0.605109036217
 627                     0.743918902086                     0.615041260477
 628                     0.567636316502                     0.618642682242
 629                    -0.692014777862                     0.634607775606
 630                     0.634143724014                     0.638876018115
 631                    -0.526197450309                     0.657994305351
 632                    -0.456686508501                     0.658978084282
 633                    -0.387166941100                     0.658999316384
 634                    -0.317651686495                     0.659501821900
 635                    -0.248136431890                     0.660004327416
 636                    -0.178621177285                     0.660506832933
 637                    -0.109105922681                     0.661009338449
 638                    -0.039590668076                     0.661511843965
 639                     0.029924586529                     0.662014349482
 640                     0.099439841134                     0.662516854998
 641                     0.168955095739                     0.663019360515
 642                     0.238472819221                     0.663520464254
 643                     0.307988073826                     0.664022969773
 644                     0.377503328431                     0.664525475289
 645                     0.447018583036                     0.665027980806
 646                     0.516531698473                     0.665769544547
 647                     0.697722786798                     0.666988753842
 648                    -0.601393228385                     0.668524428786
 649                     0.583972501972                     0.686995365714
 650                    -0.665700500847                     0.698952021345
 651                     0.647907627242                     0.715476618437
 652                    -0.421934304386                     0.719197768064
 653                    -0.283329241736                     0.719955051096
 654                    -0.213813987131                     0.720457556613
 655                    -0.144298732526                     0.720960062129
 656                    -0.074783477921                     0.721462567645
 657                    -0.005268223316                     0.721965073162
 658                     0.064247031289                     0.722467578678
 659                     0.133762285894                     0.722970084195
 660                     0.203280009376                     0.723471187934
 661                     0.272795263981                     0.723973693453
 662                    -0.547346846784                     0.724216100579
 663                     0.342310518586                     0.724476198970
 664                     0.411825773191                     0.724978704486
 665                    -0.352661517365                     0.725020491907
 666                     0.530408692653                     0.733887472929
 667                    -0.613667875987                     0.745052228338
 668                    -0.483444934822                     0.751587048356
 669                     0.594731811522                     0.760253350755
 670                     0.472028037627                     0.771627667064
 671                    -0.179491542371                     0.780910785809
 672                    -0.109976287766                     0.781413291326
 673                    -0.040461033161                     0.781915796842
 674                     0.029054221444                     0.782418302358
 675                    -0.313608579127                     0.782531283499
 676                     0.098569476049                     0.782920807875
 677                     0.168087199532                     0.783421911614
 678                     0.237602454136                     0.783924417133
 679                     0.307117708741                     0.784426922650
 680                    -0.549292232174                     0.793705945954
 681                     0.406303834571                     0.794276116620
 682                    -0.430449655727                     0.796577308726
 683                    -0.246328886749                     0.800026029229
 684                     0.535253989526                     0.803239751111
 685                    -0.367610803433                     0.826307794375
 686                    -0.490741719529                     0.831182079741
 687                     0.351921700457                     0.837579772629
 688                     0.473489669603                     0.841129370400
 689                    -0.075653843006                     0.841866520522
 690                    -0.006138588402                     0.842369026038
 691                     0.063376666203                     0.842871531555
 692                     0.132894389687                     0.843372635294
 693                     0.202409644291                     0.843875140814
 694                    -0.161548382877                     0.848133674006
 695                    -0.295119627173                     0.849544579122
 696                     0.277019147922                     0.855446516348
 697                    -0.426357175377                     0.865973812522
 698                    -0.228074894798                     0.868306444969
 699                     0.411722509986                     0.873026723383
 700                    -0.360369650581                     0.895446704115
 701                    -0.113568833366                     0.900133806718
 702                     0.097701579842                     0.903323358974
 703                    -0.043556050786                     0.903529758104
 704                     0.025959203819                     0.904032263620
 705                     0.335384613752                     0.905101235127
 706                     0.201179950868                     0.913381334700
 707                    -0.294986445598                     0.919061522360
 708                     0.269371334519                     0.926892749518
 709                    -0.228073164452                     0.937909226219
 710                    -0.159976882127                     0.951892053835
 711                     0.144975486629                     0.954291985320
 712                    -0.081471041145                     0.961797044300
 713                     0.062418754690                     0.963221150117
 714                    -0.011134054118                     0.965176711745
