   1                     0.048804862273                    -0.963645953209
   2                    -0.050804338469                    -0.963542607730
   3                     0.118777068527                    -0.957542398910
   4                    -0.120763729107                    -0.957293873087
   5                    -0.196246115434                    -0.944709111334
   6                     0.197010289872                    -0.944376645272
   7                    -0.265087947723                    -0.927752023813
   8                     0.265984039941                    -0.927421136025
   9                    -0.000948354044                    -0.914067928952
  10                     0.336378394197                    -0.904347838852
  11                    -0.344806936885                    -0.901167916647
  12                     0.078178854846                    -0.899845235475
  13                     0.148151061099                    -0.893741681175
  14                    -0.124181212839                    -0.887139159574
  15                     0.401274963144                    -0.877481533522
  16                    -0.218363575117                    -0.875309712388
  17                    -0.409449847287                    -0.873696892678
  18                    -0.055965848549                    -0.870405149361
  19                     0.212708400319                    -0.866070161953
  20                    -0.287142135347                    -0.861066374448
  21                     0.282605651843                    -0.859160946915
  22                     0.020210596549                    -0.847092845279
  23                    -0.471923074944                    -0.841596131796
  24                     0.479055800768                    -0.837556551804
  25                     0.347502220790                    -0.832294641585
  26                    -0.351472784383                    -0.831101359485
  27                     0.088425960840                    -0.830358835065
  28                    -0.164819892130                    -0.829851632410
  29                     0.157786167081                    -0.817870892607
  30                    -0.096604527839                    -0.813117622196
  31                     0.415060160355                    -0.808609686146
  32                     0.538715536782                    -0.800487981264
  33                    -0.416882286873                    -0.797962719464
  34                     0.224856689421                    -0.796890814637
  35                    -0.028389163549                    -0.796383611982
  36                    -0.549131425369                    -0.793378922955
  37                    -0.293675328089                    -0.791132974589
  38                     0.294429045421                    -0.785449686626
  39                    -0.219894822462                    -0.784637337184
  40                     0.039826200742                    -0.779649601768
  41                    -0.482190324441                    -0.772112704916
  42                     0.361287418002                    -0.763422794209
  43                     0.108041565033                    -0.762915591554
  44                    -0.145204287937                    -0.762408388899
  45                    -0.357136653267                    -0.761032754827
  46                     0.595520608636                    -0.759177609264
  47                     0.452821138869                    -0.749385776069
  48                     0.176256929323                    -0.746181581341
  49                    -0.601091847646                    -0.746117978534
  50                    -0.076988923647                    -0.745674378685
  51                     0.521004011019                    -0.732519864634
  52                     0.244472293614                    -0.729447571126
  53                    -0.008773559356                    -0.728940368471
  54                    -0.262019412326                    -0.728433165815
  55                    -0.534077959970                    -0.724773119975
  56                     0.649170005144                    -0.713844340273
  57                     0.312687657904                    -0.712713560912
  58                     0.059441804935                    -0.712206358257
  59                    -0.193804048035                    -0.711699155602
  60                    -0.447419183827                    -0.711085409356
  61                    -0.658329258669                    -0.705405607477
  62                     0.380903022195                    -0.695979550698
  63                     0.127657169225                    -0.695472348043
  64                    -0.125588683745                    -0.694965145387
  65                    -0.379203819536                    -0.694351399142
  66                     0.581941958767                    -0.690264741882
  67                     0.449118386485                    -0.679245540484
  68                     0.195872533516                    -0.678738337829
  69                    -0.057373319454                    -0.678231135174
  70                    -0.310942856004                    -0.677667561915
  71                    -0.579097278950                    -0.670860005229
  72                     0.699379437105                    -0.664728396168
  73                     0.517480588431                    -0.662370391960
  74                     0.264087897806                    -0.662004327615
  75                     0.010842044837                    -0.661497124960
  76                    -0.497076981784                    -0.661409923208
  77                    -0.242733620049                    -0.660894871201
  78                    -0.707923392954                    -0.655621771624
  79                     0.332303262097                    -0.645270317401
  80                     0.079057409127                    -0.644763114746
  81                    -0.174518255758                    -0.644160860988
  82                    -0.427803579634                    -0.643642165845
  83                     0.632933730624                    -0.641961509836
  84                    -0.640344687487                    -0.636478062720
  85                     0.400518626387                    -0.628536307187
  86                     0.147272773418                    -0.628029104532
  87                    -0.106302891467                    -0.627426850774
  88                    -0.359548744438                    -0.626919648119
  89                     0.745882843758                    -0.612090043299
  90                     0.468733990678                    -0.611802296973
  91                     0.215488137708                    -0.611295094318
  92                    -0.038087527176                    -0.610692840560
  93                    -0.291333380147                    -0.610185637905
  94                    -0.544618704022                    -0.609666942762
  95                    -0.748640284008                    -0.598389806727
  96                     0.540403206057                    -0.595978249169
  97                     0.283703501999                    -0.594561084104
  98                     0.030127837114                    -0.593958830346
  99                    -0.223118015856                    -0.593451627690
 100                    -0.476403339732                    -0.592932932548
 101                     0.680445179868                    -0.584709057033
 102                     0.351918866289                    -0.577827073890
 103                     0.098343201405                    -0.577224820132
 104                    -0.154902651565                    -0.576717617477
 105                     0.607844892796                    -0.576357293206
 106                    -0.408148504536                    -0.576210414822
 107                    -0.669752084223                    -0.572692734938
 108                    -0.595386254942                    -0.561120003431
 109                     0.420134230580                    -0.561093063676
 110                     0.166558565695                    -0.560490809918
 111                    -0.086687287275                    -0.559983607263
 112                    -0.339933140245                    -0.559476404608
 113                    -0.795493964523                    -0.546062990988
 114                     0.488349594871                    -0.544359053462
 115                     0.234773929986                    -0.543756799704
 116                    -0.018471922984                    -0.543249597049
 117                    -0.271717775954                    -0.542742394394
 118                    -0.525003099830                    -0.542223699251
 119                     0.739761035144                    -0.542119431736
 120                    -0.726750772536                    -0.531649921271
 121                     0.556564959161                    -0.527625043248
 122                     0.302989294277                    -0.527022789490
 123                     0.808326139401                    -0.526881666107
 124                     0.049743441307                    -0.526515586835
 125                    -0.203502411663                    -0.526008384179
 126                    -0.456748264633                    -0.525501181525
 127                     0.639001332520                    -0.513407795298
 128                     0.371204658567                    -0.510288779276
 129                     0.117958805597                    -0.509781576621
 130                    -0.135287047373                    -0.509274373966
 131                    -0.388532900343                    -0.508767171311
 132                    -0.641818224218                    -0.508248476168
 133                     0.439420022858                    -0.493554769062
 134                     0.186174169888                    -0.493047566407
 135                    -0.067071683082                    -0.492540363752
 136                    -0.320317536052                    -0.492033161097
 137                    -0.573602859928                    -0.491514465954
 138                    -0.833110265628                    -0.486747083220
 139                     0.702203183044                    -0.482766497783
 140                     0.507635387148                    -0.476820758848
 141                     0.254389534179                    -0.476313556193
 142                     0.001143681209                    -0.475806353538
 143                    -0.252102171762                    -0.475299150883
 144                    -0.505348024731                    -0.474791948228
 145                    -0.764367073642                    -0.472334013503
 146                     0.770768287301                    -0.467528732154
 147                     0.844513074352                    -0.466683088367
 148                     0.575850751439                    -0.460086748634
 149                     0.322604898469                    -0.459579545979
 150                     0.069359045499                    -0.459072343324
 151                    -0.691527334746                    -0.458624142265
 152                    -0.183886807471                    -0.458565140668
 153                    -0.437132660441                    -0.458057938014
 154                     0.644066115729                    -0.443352738420
 155                     0.390820262760                    -0.442845535765
 156                     0.137574409790                    -0.442338333110
 157                    -0.115671443180                    -0.441831130455
 158                    -0.368917296150                    -0.441323927800
 159                    -0.622202620025                    -0.440805232657
 160                     0.459035627050                    -0.426111525551
 161                     0.205789774080                    -0.425604322896
 162                    -0.047456078889                    -0.425097120240
 163                    -0.300701931859                    -0.424589917585
 164                    -0.553947784829                    -0.424082714931
 165                    -0.821936038060                    -0.417403737026
 166                     0.721818787237                    -0.415323254272
 167                     0.527250991341                    -0.409377515337
 168                     0.274005138371                    -0.408870312682
 169                     0.020759285401                    -0.408363110027
 170                    -0.232486567569                    -0.407855907372
 171                    -0.485732420539                    -0.407348704717
 172                    -0.739017744414                    -0.406830009574
 173                     0.876224918013                    -0.404011547818
 174                     0.790383891494                    -0.400085488643
 175                     0.595466355632                    -0.392643505123
 176                     0.342220502662                    -0.392136302468
 177                     0.088974649692                    -0.391629099813
 178                    -0.164271203278                    -0.391121897157
 179                    -0.417517056248                    -0.390614694503
 180                    -0.670802380123                    -0.390095999360
 181                    -0.884518353907                    -0.385516172579
 182                     0.663681719922                    -0.375909494909
 183                     0.410435866952                    -0.375402292254
 184                     0.157190013983                    -0.374895089599
 185                    -0.096055838987                    -0.374387886944
 186                    -0.349301691957                    -0.373880684288
 187                    -0.602547544927                    -0.373373481634
 188                     0.478651231243                    -0.358668282040
 189                     0.225405378273                    -0.358161079385
 190                    -0.027840474697                    -0.357653876730
 191                    -0.281086327667                    -0.357146674074
 192                    -0.534332180637                    -0.356639471420
 193                    -0.787617504512                    -0.356120776277
 194                     0.741434391430                    -0.347880010761
 195                     0.833252017569                    -0.344446592267
 196                     0.546866595534                    -0.341934271826
 197                     0.293620742564                    -0.341427069171
 198                     0.040374889594                    -0.340919866516
 199                    -0.212870963376                    -0.340412663861
 200                    -0.466116816346                    -0.339905461205
 201                    -0.719402140221                    -0.339386766063
 202                     0.903293628707                    -0.339199142181
 203                     0.615081959824                    -0.325200261612
 204                     0.361836106854                    -0.324693058957
 205                     0.108590253885                    -0.324185856302
 206                    -0.144655599085                    -0.323678653646
 207                    -0.397901452055                    -0.323171450992
 208                    -0.651147305025                    -0.322664248337
 209                    -0.910219624062                    -0.320149455241
 210                    -0.840364710744                    -0.309315792368
 211                     0.683297324115                    -0.308466251398
 212                     0.430051471145                    -0.307959048743
 213                     0.176805618175                    -0.307451846088
 214                    -0.076440234795                    -0.306944643433
 215                    -0.329686087765                    -0.306437440778
 216                    -0.582931940734                    -0.305930238123
 217                     0.785357854566                    -0.293070409328
 218                     0.498266835436                    -0.291225038529
 219                     0.245020982466                    -0.290717835874
 220                    -0.008224870504                    -0.290210633218
 221                    -0.261470723474                    -0.289703430563
 222                    -0.514716576444                    -0.289196227909
 223                    -0.768001900319                    -0.288677532766
 224                     0.855534157667                    -0.277836763745
 225                     0.566482199726                    -0.274491028315
 226                     0.313236346756                    -0.273983825660
 227                     0.059990493786                    -0.273476623005
 228                    -0.193255359183                    -0.272969420349
 229                     0.925575768804                    -0.272589313658
 230                    -0.446501212153                    -0.272462217695
 231                    -0.699747065123                    -0.271955015040
 232                     0.634697564017                    -0.257757018101
 233                     0.381451711047                    -0.257249815446
 234                     0.128205858077                    -0.256742612791
 235                    -0.125039994893                    -0.256235410135
 236                    -0.378285847863                    -0.255728207480
 237                    -0.631531700832                    -0.255221004826
 238                    -0.884826829960                    -0.254662288324
 239                     0.702912928307                    -0.241023007887
 240                     0.449667075338                    -0.240515805232
 241                     0.196421222368                    -0.240008602577
 242                    -0.056824630602                    -0.239501399922
 243                    -0.310070483572                    -0.238994197266
 244                    -0.563316336542                    -0.238486994612
 245                    -0.816601660417                    -0.237968299469
 246                     0.771128292598                    -0.224288997673
 247                     0.517882439628                    -0.223781795018
 248                     0.264636586658                    -0.223274592363
 249                     0.011390733688                    -0.222767389707
 250                    -0.241855119281                    -0.222260187052
 251                    -0.495100972251                    -0.221752984398
 252                    -0.748346825221                    -0.221245781743
 253                    -0.941146735058                    -0.212692879072
 254                     0.839768069823                    -0.209391212412
 255                     0.586097803919                    -0.207047784804
 256                     0.332851950949                    -0.206540582149
 257                     0.079606097979                    -0.206033379493
 258                    -0.173639754991                    -0.205526176838
 259                    -0.426885607960                    -0.205018974184
 260                     0.942953264810                    -0.204535029034
 261                    -0.680131460930                    -0.204511771529
 262                     0.654313168210                    -0.190313774590
 263                     0.401067315240                    -0.189806571935
 264                     0.147821462270                    -0.189299369280
 265                    -0.105424390700                    -0.188792166624
 266                    -0.358670243670                    -0.188284963969
 267                    -0.611916096639                    -0.187777761315
 268                    -0.865171754862                    -0.187230537301
 269                     0.722528532500                    -0.173579764376
 270                     0.469282679530                    -0.173072561721
 271                     0.216036826560                    -0.172565359066
 272                    -0.037209026409                    -0.172058156410
 273                    -0.290454879379                    -0.171550953755
 274                    -0.543700732349                    -0.171043751101
 275                    -0.796946585319                    -0.170536548446
 276                     0.889122999016                    -0.159416679023
 277                     0.792118016736                    -0.157256959499
 278                     0.537498043821                    -0.156338551507
 279                     0.284252190851                    -0.155831348852
 280                     0.031006337881                    -0.155324146196
 281                    -0.222239515089                    -0.154816943541
 282                    -0.475485368058                    -0.154309740887
 283                    -0.728731221028                    -0.153802538232
 284                    -0.921491659960                    -0.145261128049
 285                     0.605713408111                    -0.139604541292
 286                     0.352467555142                    -0.139097338638
 287                     0.099221702172                    -0.138590135982
 288                    -0.154024150798                    -0.138082933327
 289                    -0.407270003768                    -0.137575730672
 290                    -0.660515856737                    -0.137068528018
 291                     0.955125578974                    -0.134955638819
 292                     0.673928772402                    -0.122870531078
 293                     0.420682919432                    -0.122363328424
 294                     0.167437066462                    -0.121856125768
 295                    -0.085808786507                    -0.121348923113
 296                    -0.339054639477                    -0.120841720458
 297                    -0.592300492447                    -0.120334517803
 298                    -0.856829740594                    -0.117428521020
 299                     0.742144136693                    -0.106136520864
 300                     0.488898283723                    -0.105629318209
 301                     0.235652430753                    -0.105122115555
 302                    -0.017593422217                    -0.104614912899
 303                    -0.270839275186                    -0.104107710244
 304                    -0.524085128156                    -0.103600507589
 305                    -0.777330981126                    -0.103093304934
 306                     0.880596781628                    -0.089698197684
 307                     0.810359500983                    -0.089402510651
 308                     0.557113648013                    -0.088895307995
 309                     0.303867795044                    -0.088388105340
 310                     0.050621942074                    -0.087880902685
 311                    -0.202623910896                    -0.087373700030
 312                    -0.960937580588                    -0.087145877306
 313                    -0.455869763866                    -0.086866497375
 314                    -0.709115616835                    -0.086359294720
 315                     0.625329012304                    -0.072161297781
 316                     0.372083159334                    -0.071654095127
 317                     0.118837306365                    -0.071146892471
 318                    -0.134408546605                    -0.070639689816
 319                    -0.387654399575                    -0.070132487161
 320                    -0.640900252545                    -0.069625284506
 321                     0.960230679636                    -0.064901889527
 322                    -0.897370519182                    -0.057269603654
 323                     0.693544376594                    -0.055427287567
 324                     0.440298523625                    -0.054920084912
 325                     0.187052670655                    -0.054412882257
 326                    -0.066193182315                    -0.053905679602
 327                    -0.827225554705                    -0.053657543076
 328                    -0.319439035284                    -0.053398476947
 329                    -0.572684888254                    -0.052891274292
 330                     0.761759740885                    -0.038693277353
 331                     0.508513887915                    -0.038186074698
 332                     0.255268034946                    -0.037678872043
 333                     0.002022181976                    -0.037171669388
 334                    -0.251223670994                    -0.036664466733
 335                    -0.504469523963                    -0.036157264078
 336                    -0.757715376933                    -0.035650061424
 337                     0.900212385820                    -0.022254954173
 338                     0.829975105176                    -0.021959267139
 339                     0.576729252206                    -0.021452064484
 340                     0.323483399236                    -0.020944861829
 341                     0.070237546267                    -0.020437659174
 342                    -0.183008306703                    -0.019930456519
 343                    -0.436254159673                    -0.019423253864
 344                    -0.689500012642                    -0.018916051210
 345                    -0.964731092525                    -0.017010491870
 346                     0.644944616497                    -0.004718054270
 347                     0.391698763527                    -0.004210851615
 348                     0.138452910557                    -0.003703648960
 349                    -0.114792942413                    -0.003196446305
 350                    -0.368038795382                    -0.002689243650
 351                    -0.621284648352                    -0.002182040995
 352                     0.964867099388                     0.005188278810
 353                     0.713159980787                     0.012015955944
 354                     0.459914127818                     0.012523158599
 355                    -0.901164031119                     0.012865781783
 356                     0.206668274848                     0.013030361254
 357                    -0.046577578122                     0.013537563909
 358                    -0.807609950512                     0.013785700435
 359                    -0.299823431092                     0.014044766564
 360                    -0.553069284061                     0.014551969219
 361                     0.781375345078                     0.028749966158
 362                     0.528129492108                     0.029257168813
 363                     0.274883639138                     0.029764371468
 364                     0.021637786169                     0.030271574123
 365                    -0.231608066801                     0.030778776778
 366                    -0.484853919771                     0.031285979433
 367                    -0.738099772740                     0.031793182088
 368                     0.849590709368                     0.045483976372
 369                     0.596344856399                     0.045991179027
 370                     0.343099003429                     0.046498381682
 371                     0.089853150459                     0.047005584337
 372                    -0.163392702510                     0.047512786992
 373                    -0.416638555480                     0.048019989647
 374                    -0.669884408450                     0.048527192302
 375                    -0.963412475544                     0.053215032496
 376                     0.918684731681                     0.058108520080
 377                     0.664560220689                     0.062725189241
 378                     0.411314367720                     0.063232391896
 379                     0.158068514750                     0.063739594551
 380                    -0.095177338220                     0.064246797206
 381                    -0.348423191190                     0.064753999861
 382                    -0.601669044159                     0.065261202516
 383                    -0.854902150196                     0.065716528198
 384                     0.732775584980                     0.079459199455
 385                     0.479529732010                     0.079966402110
 386                     0.226283879041                     0.080473604765
 387                    -0.026961973929                     0.080980807420
 388                    -0.280207826899                     0.081488010075
 389                    -0.533453679869                     0.081995212730
 390                    -0.786699532838                     0.082502415385
 391                     0.800990949271                     0.096193209669
 392                     0.547745096301                     0.096700412324
 393                     0.294499243331                     0.097207614979
 394                     0.041253390361                     0.097714817634
 395                    -0.211992462608                     0.098222020289
 396                    -0.465238315578                     0.098729222944
 397                    -0.718484168548                     0.099236425599
 398                    -0.914212291535                     0.103341920655
 399                     0.615960460591                     0.113434422538
 400                     0.362714607622                     0.113941625193
 401                     0.109468754652                     0.114448827848
 402                    -0.143777098318                     0.114956030503
 403                     0.876159997198                     0.114956360655
 404                    -0.397022951287                     0.115463233158
 405                    -0.650268804257                     0.115970435813
 406                     0.957831108690                     0.116425963355
 407                     0.684175824882                     0.130168432752
 408                     0.430929971912                     0.130675635407
 409                     0.177684118943                     0.131182838062
 410                    -0.075561734027                     0.131690040717
 411                    -0.328807586997                     0.132197243372
 412                    -0.582053439966                     0.132704446027
 413                    -0.835317626292                     0.133204056324
 414                     0.752391189173                     0.146902442966
 415                     0.499145336203                     0.147409645621
 416                     0.245899483233                     0.147916848276
 417                    -0.007346369736                     0.148424050931
 418                    -0.260592222706                     0.148931253586
 419                    -0.513838075676                     0.149438456241
 420                    -0.767083928645                     0.149945658896
 421                    -0.950981353437                     0.163186712492
 422                     0.820606553463                     0.163636453180
 423                     0.567360700493                     0.164143655835
 424                     0.314114847524                     0.164650858490
 425                     0.060868994554                     0.165158061145
 426                    -0.192376858416                     0.165665263800
 427                    -0.445622711385                     0.166172466455
 428                    -0.698868564355                     0.166679669110
 429                     0.635576064784                     0.180877666049
 430                     0.382330211814                     0.181384868704
 431                     0.129084358845                     0.181892071359
 432                    -0.124161494125                     0.182399274014
 433                    -0.377407347095                     0.182906476669
 434                    -0.630653200064                     0.183413679324
 435                    -0.883988018817                     0.184287805819
 436                     0.946823787368                     0.185795999397
 437                     0.703791429075                     0.197611676263
 438                     0.450545576105                     0.198118878918
 439                     0.197299723135                     0.198626081573
 440                    -0.055946129834                     0.199133284228
 441                    -0.309191982804                     0.199640486883
 442                    -0.562437835774                     0.200147689538
 443                    -0.815683688743                     0.200654892193
 444                     0.878739632575                     0.203056094682
 445                     0.772006793365                     0.214345686477
 446                     0.518760940396                     0.214852889132
 447                     0.265515087426                     0.215360091787
 448                     0.012269234456                     0.215867294442
 449                    -0.240976618513                     0.216374497097
 450                    -0.494222471483                     0.216881699752
 451                    -0.747468324453                     0.217388902407
 452                     0.586976304686                     0.231586899346
 453                    -0.936579985071                     0.231974244860
 454                     0.333730451717                     0.232094102001
 455                     0.080484598747                     0.232601304656
 456                    -0.172761254223                     0.233108507311
 457                    -0.426007107193                     0.233615709966
 458                    -0.679252960162                     0.234122912621
 459                     0.655191668977                     0.248320909560
 460                     0.401945816007                     0.248828112215
 461                     0.148699963037                     0.249335314870
 462                    -0.104545889932                     0.249842517525
 463                    -0.357791742902                     0.250349720180
 464                    -0.611037595872                     0.250856922835
 465                    -0.869456473410                     0.253006050931
 466                     0.930695257818                     0.254410640382
 467                     0.723407033267                     0.265054919774
 468                     0.470161180298                     0.265562122429
 469                     0.216915327328                     0.266069325084
 470                    -0.036330525642                     0.266576527739
 471                    -0.289576378611                     0.267083730394
 472                    -0.542822231581                     0.267590933049
 473                    -0.796068084551                     0.268098135704
 474                     0.861030594555                     0.271024859534
 475                     0.791622397558                     0.281788929988
 476                     0.538376544588                     0.282296132643
 477                     0.285130691619                     0.282803335298
 478                     0.031884838649                     0.283310537953
 479                    -0.221361014321                     0.283817740608
 480                    -0.474606867290                     0.284324943263
 481                    -0.727852720260                     0.284832145918
 482                     0.606591908879                     0.299030142857
 483                     0.353346055909                     0.299537345512
 484                     0.100100202940                     0.300044548167
 485                    -0.153145650030                     0.300551750822
 486                    -0.406391503000                     0.301058953477
 487                    -0.659637355969                     0.301566156132
 488                    -0.914879472677                     0.306579497345
 489                     0.674807273170                     0.315764153071
 490                     0.421561420200                     0.316271355726
 491                     0.168315567230                     0.316778558381
 492                    -0.084930285740                     0.317285761036
 493                    -0.338176138709                     0.317792963691
 494                    -0.591421991679                     0.318300166346
 495                    -0.844730018882                     0.318747707965
 496                     0.909676298945                     0.321690019828
 497                     0.743022637460                     0.332498163285
 498                     0.489776784490                     0.333005365940
 499                     0.236530931521                     0.333512568595
 500                    -0.016714921449                     0.334019771250
 501                    -0.269960774419                     0.334526973905
 502                    -0.523206627388                     0.335034176560
 503                    -0.776501146988                     0.335560943756
 504                     0.833096771317                     0.338474372074
 505                     0.557992148781                     0.349739376154
 506                     0.304746295812                     0.350246578809
 507                     0.051500442842                     0.350753781464
 508                    -0.201745410128                     0.351260984119
 509                    -0.454991263098                     0.351768186774
 510                    -0.708237116067                     0.352275389429
 511                     0.626207513072                     0.366473386368
 512                     0.372961660102                     0.366980589023
 513                     0.119715807132                     0.367487791678
 514                    -0.133530045837                     0.367994994333
 515                    -0.386775898807                     0.368502196988
 516                    -0.640021751777                     0.369009399643
 517                    -0.890153018149                     0.372321154379
 518                     0.694422877362                     0.383207396582
 519                     0.441177024393                     0.383714599237
 520                     0.187931171423                     0.384221801892
 521                    -0.065314681547                     0.384729004547
 522                    -0.318560534516                     0.385236207202
 523                    -0.571806387486                     0.385743409857
 524                     0.883864398221                     0.387013130624
 525                     0.784497011219                     0.389183605371
 526                     0.509392388683                     0.400448609451
 527                     0.256146535714                     0.400955812106
 528                     0.002900682744                     0.401463014761
 529                    -0.250345170226                     0.401970217416
 530                    -0.503591023196                     0.402477420071
 531                    -0.756795214942                     0.403024518060
 532                    -0.827033037646                     0.403130748412
 533                     0.577607752974                     0.417182619665
 534                     0.324361900004                     0.417689822320
 535                     0.071116047034                     0.418197024975
 536                    -0.182129805935                     0.418704227630
 537                    -0.435375658905                     0.419211430285
 538                    -0.689046582710                     0.421557889420
 539                     0.645823117264                     0.433916629879
 540                     0.392577264295                     0.434423832534
 541                     0.139331411325                     0.434931035189
 542                    -0.113914441645                     0.435438237844
 543                    -0.367160294614                     0.435945440499
 544                    -0.620406147584                     0.436452643154
 545                     0.853368882774                     0.450285451277
 546                     0.714038481555                     0.450650640093
 547                     0.460792628585                     0.451157842748
 548                     0.207546775616                     0.451665045403
 549                    -0.045699077354                     0.452172248058
 550                    -0.298944930324                     0.452679450713
 551                    -0.552190783293                     0.453186653368
 552                     0.783727138377                     0.459417289020
 553                     0.529007992876                     0.467891852962
 554                     0.275762139906                     0.468399055617
 555                     0.022516286937                     0.468906258272
 556                    -0.230729566033                     0.469413460927
 557                    -0.483975419003                     0.469920663582
 558                    -0.841647531482                     0.471831400469
 559                    -0.767574777452                     0.472430310724
 560                     0.343977504197                     0.485133065831
 561                     0.090731651227                     0.485640268486
 562                    -0.162514201743                     0.486147471141
 563                    -0.415760054712                     0.486654673796
 564                     0.600674303961                     0.487721347892
 565                    -0.669430978518                     0.489001132931
 566                     0.412192868487                     0.501867076045
 567                     0.158947015518                     0.502374278700
 568                    -0.094298837452                     0.502881481355
 569                    -0.347544690422                     0.503388684010
 570                    -0.600790543392                     0.503895886665
 571                     0.668889668251                     0.504455358106
 572                     0.740091141581                     0.515878103088
 573                     0.480408232778                     0.518601086259
 574                     0.227162379809                     0.519108288914
 575                    -0.026083473161                     0.519615491569
 576                    -0.279329326131                     0.520122694224
 577                    -0.532575179101                     0.520629896879
 578                     0.809779798403                     0.524644752015
 579                    -0.726754707906                     0.529588730448
 580                    -0.805093669026                     0.531807880548
 581                     0.548949976446                     0.535239312561
 582                     0.295377744099                     0.535842299128
 583                     0.042131891129                     0.536349501783
 584                    -0.211113961841                     0.536856704438
 585                    -0.464359814810                     0.537363907093
 586                     0.363593108390                     0.552576309342
 587                     0.110347255420                     0.553083511997
 588                    -0.142898597550                     0.553590714652
 589                    -0.396144450520                     0.554097917307
 590                    -0.659881723274                     0.558588488502
 591                     0.624709814571                     0.559248313232
 592                     0.431808472680                     0.569310319556
 593                     0.694942328277                     0.569682821100
 594                     0.178562619711                     0.569817522211
 595                    -0.074683233259                     0.570324724866
 596                    -0.327929086229                     0.570831927521
 597                    -0.581174939199                     0.571339130176
 598                     0.769468402801                     0.582163048302
 599                     0.500350216348                     0.585948545858
 600                     0.246777984001                     0.586551532425
 601                    -0.006467868969                     0.587058735080
 602                    -0.259713721938                     0.587565937735
 603                    -0.512959574908                     0.588073140390
 604                    -0.764273599480                     0.588966300272
 605                     0.568565580639                     0.602682556072
 606                     0.314993348292                     0.603285542639
 607                     0.061747495322                     0.603792745294
 608                    -0.191498357648                     0.604299947949
 609                    -0.444744210618                     0.604807150604
 610                    -0.699824080058                     0.616888020661
 611                     0.383208712583                     0.620019552853
 612                     0.129962859613                     0.620526755508
 613                    -0.123282993357                     0.621033958163
 614                    -0.376528846327                     0.621541160818
 615                    -0.629775911793                     0.622047201388
 616                     0.655402971890                     0.627734542174
 617                     0.725079579092                     0.636596451217
 618                     0.451750456250                     0.636657779155
 619                     0.198178223903                     0.637260765722
 620                    -0.055067629067                     0.637767968377
 621                    -0.308313482036                     0.638275171032
 622                    -0.561560806712                     0.638782801710
 623                     0.519965820541                     0.653391789369
 624                     0.266393588194                     0.653994775936
 625                     0.013147735224                     0.654501978591
 626                    -0.240098117746                     0.655009181247
 627                    -0.493345442422                     0.655516811924
 628                     0.597079672509                     0.666872193771
 629                     0.334608952485                     0.670728786150
 630                     0.081363099515                     0.671235988806
 631                    -0.171882753455                     0.671743191460
 632                    -0.425130078131                     0.672250822138
 633                    -0.680209947572                     0.684331692195
 634                     0.403150696153                     0.687367012452
 635                     0.149578463805                     0.687969999019
 636                    -0.103667389165                     0.688477201675
 637                    -0.356914713841                     0.688984832352
 638                    -0.610161779307                     0.689490872922
 639                     0.666132236562                     0.697164472791
 640                     0.471366060443                     0.704101022666
 641                     0.217793828096                     0.704704009233
 642                    -0.035452024874                     0.705211211888
 643                    -0.288699349550                     0.705718842566
 644                    -0.542965001310                     0.710067410440
 645                     0.548479912411                     0.717581427068
 646                     0.286009192387                     0.721438019447
 647                     0.032763339417                     0.721945222103
 648                    -0.220483985259                     0.722452852780
 649                    -0.473729838229                     0.722960055435
 650                     0.354550936055                     0.738076245749
 651                     0.100978630770                     0.738679529639
 652                    -0.152268620969                     0.739186862994
 653                    -0.405514473938                     0.739694065649
 654                     0.614000516980                     0.744237678858
 655                     0.169194067998                     0.755413242530
 656                    -0.084053256678                     0.755920873208
 657                    -0.596521344044                     0.758391537280
 658                    -0.338440193979                     0.760594439078
 659                     0.419560886175                     0.764667022505
 660                     0.489417072628                     0.771979767367
 661                    -0.015837892388                     0.772654883422
 662                    -0.269083745357                     0.773162086077
 663                     0.235098186152                     0.784946683683
 664                     0.557992230868                     0.787172222585
 665                     0.305951175957                     0.788785479046
 666                     0.052377471903                     0.789388893636
 667                    -0.469851845538                     0.793090820409
 668                    -0.202988044989                     0.798904476485
 669                    -0.539770804428                     0.799776791615
 670                    -0.132653016776                     0.806630106505
 671                    -0.391839191259                     0.808587822019
 672                     0.370961126077                     0.815376255802
 673                     0.176427803320                     0.825277654761
 674                    -0.065424481770                     0.827028990996
 675                     0.106719805363                     0.833889161245
 676                    -0.328278891358                     0.838478477745
 677                     0.003777711805                     0.840098126933
 678                     0.473902933083                     0.840482865818
 679                    -0.258158814072                     0.842545145246
 680                     0.285118663760                     0.855862818429
 681                    -0.442125790682                     0.857624756483
 682                     0.411505445565                     0.872730603330
 683                    -0.129000522511                     0.876772977196
 684                    -0.199133244694                     0.880615411631
 685                     0.219454405899                     0.880794089208
 686                    -0.378565490781                     0.887515412209
 687                     0.148307457218                     0.890602032794
 688                     0.344098490196                     0.895508292724
 689                     0.076082009482                     0.897092709300
 690                    -0.062100751966                     0.898168858206
 691                    -0.310954960100                     0.906546417547
 692                     0.007088967324                     0.910257934587
 693                     0.273877648673                     0.925195369247
 694                    -0.245897923522                     0.933021783736
 695                     0.192225601001                     0.945539399516
 696                    -0.177320252606                     0.948447368313
 697                    -0.107173234242                     0.952064403904
 698                     0.122931963914                     0.957017852480
 699                     0.052986907948                     0.963425049137
 700                    -0.037975339576                     0.964133450982
