   1                     0.014271368624                    -0.965413362456
   2                    -0.054262483130                    -0.964094509133
   3                     0.083373242084                    -0.962124998904
   4                    -0.122444164841                    -0.955753409924
   5                     0.151403153530                    -0.953788601375
   6                    -0.193507525560                    -0.946145046261
   7                     0.234370771683                    -0.936859622565
   8                    -0.260126673462                    -0.930037485678
   9                     0.300228428226                    -0.917877171465
  10                     0.046927527787                    -0.904079548743
  11                    -0.340548714092                    -0.903693634117
  12                    -0.150605586797                    -0.892694246216
  13                     0.182111436422                    -0.892514090061
  14                     0.370660383204                    -0.891726005815
  15                     0.113686669922                    -0.888562418968
  16                    -0.016320275856                    -0.877673494336
  17                    -0.403786630461                    -0.877263910162
  18                    -0.084745042068                    -0.873721818246
  19                     0.249547631815                    -0.870022302963
  20                    -0.215128598658                    -0.869578335779
  21                    -0.283553364870                    -0.865626659688
  22                     0.434523137185                    -0.862453044672
  23                     0.315406846880                    -0.851040205779
  24                    -0.470619397751                    -0.843257889929
  25                    -0.347853288153                    -0.835545211003
  26                     0.158163929189                    -0.828295079851
  27                     0.500985257098                    -0.825620604868
  28                     0.089739125343                    -0.824343422684
  29                     0.378153781064                    -0.823465096975
  30                     0.021314359131                    -0.820391746594
  31                    -0.047110407081                    -0.816440070504
  32                    -0.115535173292                    -0.812488394414
  33                    -0.411091204522                    -0.809115487049
  34                    -0.183959939504                    -0.808536718323
  35                    -0.530721043103                    -0.806827605762
  36                    -0.252384705716                    -0.804585042233
  37                     0.257041770573                    -0.801894465339
  38                     0.440103012272                    -0.794141776428
  39                     0.558281700242                    -0.788008346521
  40                     0.322899569236                    -0.782912212364
  41                    -0.470266655249                    -0.774534706168
  42                     0.195840335893                    -0.771040798326
  43                     0.127373760330                    -0.767061674942
  44                    -0.347501904377                    -0.767007331663
  45                     0.058948994119                    -0.763109998852
  46                    -0.592573039658                    -0.762556754401
  47                    -0.009475772093                    -0.759158322762
  48                    -0.077900538305                    -0.755206646671
  49                    -0.146325304516                    -0.751254970581
  50                    -0.214750070728                    -0.747303294490
  51                     0.612766151013                    -0.746426992535
  52                     0.504052675664                    -0.746094419619
  53                    -0.283174836940                    -0.743351618400
  54                    -0.410736141696                    -0.740568806633
  55                    -0.528460320587                    -0.738326120313
  56                     0.369217298849                    -0.732281320280
  57                     0.438643943357                    -0.725618528599
  58                    -0.645165944903                    -0.718607343791
  59                     0.301857927741                    -0.717683279380
  60                     0.233433161530                    -0.713731603290
  61                     0.165008395318                    -0.709779927199
  62                     0.096583629106                    -0.705828251109
  63                     0.028158862894                    -0.701876575019
  64                    -0.040265903317                    -0.697924898929
  65                    -0.108690669529                    -0.693973222839
  66                    -0.177115435741                    -0.690021546748
  67                     0.541731678027                    -0.688841846263
  68                     0.677114475981                    -0.688586666607
  69                    -0.245540201952                    -0.686069870658
  70                    -0.586207717245                    -0.683657497347
  71                    -0.313964968164                    -0.682118194568
  72                    -0.451032042642                    -0.681199459085
  73                    -0.382389734376                    -0.678166518477
  74                     0.609402826902                    -0.677970784446
  75                    -0.694509233123                    -0.671038401374
  76                    -0.518953550928                    -0.670449867428
  77                     0.476342095152                    -0.668304883818
  78                     0.407917328940                    -0.664353207728
  79                     0.339492562729                    -0.660401531637
  80                     0.271067796517                    -0.656449855547
  81                     0.202643030305                    -0.652498179457
  82                     0.134218264094                    -0.648546503367
  83                     0.065793497882                    -0.644594827277
  84                    -0.002631268330                    -0.640643151187
  85                     0.724248050991                    -0.638827341030
  86                    -0.071056034542                    -0.636691475096
  87                    -0.139480800753                    -0.632739799006
  88                    -0.207905566965                    -0.628788122916
  89                    -0.276330333177                    -0.624836446825
  90                     0.650458273959                    -0.623088960113
  91                    -0.617223786202                    -0.622538205454
  92                    -0.344755099389                    -0.620884770735
  93                    -0.413179865600                    -0.616933094645
  94                     0.582401496352                    -0.614974812165
  95                    -0.481604631812                    -0.612981418554
  96                     0.513976730140                    -0.611023136076
  97                    -0.550029398024                    -0.609029742465
  98                     0.445551963928                    -0.607071459985
  99                    -0.751526220446                    -0.606501402302
 100                    -0.683054796913                    -0.603463552013
 101                     0.377127197716                    -0.603119783895
 102                     0.308702431505                    -0.599168107805
 103                     0.240277665293                    -0.595216431715
 104                     0.171852899081                    -0.591264755625
 105                     0.103428132869                    -0.587313079534
 106                     0.767733682685                    -0.585850325154
 107                     0.035003366658                    -0.583361403444
 108                    -0.033421399554                    -0.579409727354
 109                    -0.101846165766                    -0.575458051264
 110                     0.699289470412                    -0.574994484048
 111                    -0.170270931978                    -0.571506375173
 112                    -0.238695698189                    -0.567554699083
 113                    -0.307120464401                    -0.563603022993
 114                     0.623472419542                    -0.560055349373
 115                    -0.375545230613                    -0.559651346902
 116                    -0.443969996824                    -0.555699670812
 117                     0.551611365127                    -0.553741388333
 118                    -0.512394763036                    -0.551747994722
 119                    -0.792650397463                    -0.551671059975
 120                     0.483186598916                    -0.549789712243
 121                    -0.580819529248                    -0.547796318632
 122                     0.414761832704                    -0.545838036153
 123                    -0.717781036334                    -0.544373344105
 124                    -0.649244295460                    -0.543844642542
 125                     0.346337066492                    -0.541886360063
 126                     0.277912300280                    -0.537934683973
 127                     0.209487534068                    -0.533983007882
 128                     0.141062767857                    -0.530031331792
 129                     0.807352339588                    -0.529922457322
 130                     0.072638001645                    -0.526079655702
 131                     0.004213235433                    -0.522127979612
 132                    -0.064211530778                    -0.518176303521
 133                    -0.132636296990                    -0.514224627431
 134                     0.725293384956                    -0.511580283719
 135                    -0.201061063202                    -0.510272951341
 136                    -0.269485829414                    -0.506321275250
 137                    -0.337910595625                    -0.502369599160
 138                     0.657670766327                    -0.500411316681
 139                    -0.406335361837                    -0.498417923070
 140                     0.589246000115                    -0.496459640591
 141                    -0.474760128049                    -0.494466246980
 142                    -0.829570208488                    -0.493391850178
 143                     0.520821233903                    -0.492507964501
 144                    -0.760774221296                    -0.490995910466
 145                    -0.543184894261                    -0.490514570890
 146                     0.452396467691                    -0.488556288411
 147                    -0.611609660473                    -0.486562894799
 148                     0.383971701479                    -0.484604612320
 149                    -0.687859680165                    -0.482710739391
 150                     0.315546935268                    -0.480652936230
 151                     0.247122169056                    -0.476701260140
 152                     0.178697402844                    -0.472749584050
 153                     0.110272636633                    -0.468797907960
 154                     0.778130809046                    -0.467925146672
 155                     0.041847870421                    -0.464846231869
 156                     0.847588054171                    -0.461917380903
 157                    -0.026576895791                    -0.460894555779
 158                    -0.095001662003                    -0.456942879689
 159                    -0.163426428214                    -0.452991203598
 160                    -0.231851194426                    -0.449039527508
 161                     0.701418957515                    -0.447189480346
 162                    -0.300275960638                    -0.445087851418
 163                    -0.368700726850                    -0.441136175328
 164                     0.626880635102                    -0.439177892849
 165                    -0.437125493061                    -0.437184499238
 166                     0.558455868891                    -0.435226216758
 167                    -0.505550259273                    -0.433232823147
 168                    -0.796650348682                    -0.432596699351
 169                     0.490031102679                    -0.431274540668
 170                    -0.573975025485                    -0.429281147057
 171                    -0.865105772178                    -0.429217443676
 172                    -0.646862531031                    -0.427785352384
 173                    -0.728310206137                    -0.427381548871
 174                     0.421606336467                    -0.427322864578
 175                     0.353181570255                    -0.423371188488
 176                     0.284756804043                    -0.419419512398
 177                     0.216332037832                    -0.415467836308
 178                     0.147907271620                    -0.411516160217
 179                     0.079482505408                    -0.407564484127
 180                     0.011057739197                    -0.403612808037
 181                     0.799360222976                    -0.402757084254
 182                     0.878541493644                    -0.400574662268
 183                    -0.057367027015                    -0.399661131946
 184                    -0.125791793227                    -0.395709455856
 185                    -0.194216559439                    -0.391757779766
 186                    -0.262641325650                    -0.387806103676
 187                     0.732940036301                    -0.385847821196
 188                    -0.331066091862                    -0.383854427585
 189                     0.664515270090                    -0.381896145106
 190                    -0.399490858074                    -0.379902751495
 191                     0.596090503878                    -0.377944469016
 192                    -0.467915624286                    -0.375951075405
 193                     0.527665737666                    -0.373992792926
 194                    -0.536340390497                    -0.371999399315
 195                     0.459240971454                    -0.370041116836
 196                    -0.604765156709                    -0.368047723225
 197                    -0.893369826860                    -0.366777812127
 198                     0.390816205243                    -0.366089440746
 199                    -0.809952308722                    -0.365361126667
 200                    -0.673212795015                    -0.364514285038
 201                     0.322391439031                    -0.362137764656
 202                    -0.741612227460                    -0.360145988311
 203                     0.253966672819                    -0.358186088565
 204                     0.185541906607                    -0.354234412475
 205                     0.117117140396                    -0.350282736385
 206                     0.048692374184                    -0.346331060294
 207                     0.836984103460                    -0.345468272150
 208                    -0.019732392028                    -0.342379384204
 209                    -0.088157158239                    -0.338427708114
 210                     0.905004041047                    -0.337050881473
 211                    -0.156581924451                    -0.334476032023
 212                    -0.225006690663                    -0.330524355933
 213                     0.770578308779                    -0.328502577120
 214                    -0.293431456875                    -0.326572679843
 215                     0.702149905077                    -0.324614397364
 216                    -0.361856223086                    -0.322621003753
 217                     0.633725138865                    -0.320662721274
 218                    -0.430280989298                    -0.318669327663
 219                     0.565300372654                    -0.316711045184
 220                    -0.498705755510                    -0.314717651573
 221                     0.496875606442                    -0.312759369094
 222                    -0.852584514147                    -0.311694941450
 223                    -0.567130521722                    -0.310765975482
 224                     0.428450840230                    -0.308807693003
 225                    -0.635555287933                    -0.306814299392
 226                     0.360026074018                    -0.304856016913
 227                    -0.703980054145                    -0.302862623302
 228                    -0.780827576461                    -0.302708546405
 229                     0.291601307807                    -0.300904340823
 230                     0.223176541595                    -0.296952664733
 231                    -0.919279831037                    -0.295905733743
 232                     0.154751775383                    -0.293000988642
 233                     0.086327009171                    -0.289049312552
 234                     0.017902242960                    -0.285097636462
 235                    -0.050522523252                    -0.281145960372
 236                    -0.118947289464                    -0.277194284281
 237                    -0.187372055675                    -0.273242608191
 238                     0.880624252578                    -0.272994731969
 239                     0.810119531470                    -0.272519934772
 240                    -0.255796821887                    -0.269290932101
 241                     0.739731369372                    -0.267297751296
 242                    -0.324221588099                    -0.265339256011
 243                     0.671306603160                    -0.263346075205
 244                    -0.392646354311                    -0.261387579920
 245                     0.602881836948                    -0.259394399115
 246                    -0.461071120522                    -0.257435903830
 247                     0.534457070736                    -0.255442723025
 248                    -0.529495886734                    -0.253484227740
 249                     0.466032304525                    -0.251491046935
 250                    -0.597920652946                    -0.249532551650
 251                     0.397607538313                    -0.247539370845
 252                    -0.871256840395                    -0.245748686003
 253                    -0.666345419158                    -0.245580875560
 254                     0.329182772101                    -0.243587694755
 255                    -0.734770185369                    -0.241629199470
 256                     0.260758005889                    -0.239636018664
 257                    -0.803194951581                    -0.237677523379
 258                     0.192333239678                    -0.235684342574
 259                     0.936962005594                    -0.233961131570
 260                     0.123908473466                    -0.231732666484
 261                    -0.937952157285                    -0.229959478295
 262                     0.055483707254                    -0.227780990393
 263                    -0.012941058957                    -0.223829314303
 264                    -0.081365825169                    -0.219877638213
 265                    -0.149790591381                    -0.215925962123
 266                     0.845790770571                    -0.213967679643
 267                    -0.218215357593                    -0.211974286032
 268                     0.777366004359                    -0.210016003553
 269                    -0.286640123804                    -0.208022609942
 270                     0.708941238147                    -0.206064327463
 271                    -0.355064890016                    -0.204070933852
 272                     0.640516471935                    -0.202112651373
 273                    -0.423489656228                    -0.200119257762
 274                     0.572091705724                    -0.198160975283
 275                    -0.491914422440                    -0.196167581672
 276                     0.503666939512                    -0.194209299193
 277                    -0.560339188651                    -0.192215905581
 278                     0.435242173300                    -0.190257623102
 279                    -0.628763954863                    -0.188264229491
 280                     0.366817407088                    -0.186305947012
 281                    -0.697188721075                    -0.184312553401
 282                     0.298392640877                    -0.182354270922
 283                    -0.765613487287                    -0.180360877311
 284                     0.229967874665                    -0.178402594832
 285                    -0.835791027212                    -0.177341964612
 286                     0.161543108453                    -0.174450918741
 287                     0.093118342242                    -0.170499242651
 288                    -0.908239141502                    -0.168196211962
 289                     0.951196304455                    -0.166916749919
 290                     0.024693576030                    -0.166547566561
 291                    -0.043731190182                    -0.162595890470
 292                    -0.112155956394                    -0.158644214380
 293                     0.883425405556                    -0.156685931899
 294                    -0.180580722605                    -0.154692538290
 295                     0.815000639344                    -0.152734255809
 296                    -0.249005488817                    -0.150740862200
 297                     0.746575873133                    -0.148782579719
 298                    -0.317430255029                    -0.146789186110
 299                     0.678151106921                    -0.144830903629
 300                    -0.385855021241                    -0.142837510020
 301                     0.609726340710                    -0.140879227539
 302                    -0.454279787452                    -0.138885833929
 303                     0.541301574498                    -0.136927551449
 304                    -0.522704553664                    -0.134934157839
 305                     0.472876808287                    -0.132975875359
 306                    -0.591129319876                    -0.130982481749
 307                     0.404452042075                    -0.129024199269
 308                    -0.659554086087                    -0.127030805659
 309                     0.336027275863                    -0.125072523179
 310                    -0.727978852299                    -0.123079129569
 311                    -0.958098995959                    -0.121168993369
 312                     0.267602509652                    -0.121120847089
 313                    -0.796403618511                    -0.119127453478
 314                     0.199177743440                    -0.117169170999
 315                    -0.864827392632                    -0.115158636271
 316                     0.130752977228                    -0.113217494908
 317                     0.062328211017                    -0.109265818818
 318                    -0.006096555195                    -0.105314142728
 319                    -0.074521321406                    -0.101362466638
 320                     0.960639551140                    -0.099031630290
 321                    -0.142946087618                    -0.097410790548
 322                     0.852650615022                    -0.095444796682
 323                    -0.211370853830                    -0.093459114457
 324                     0.784225848810                    -0.091493120592
 325                    -0.279795620041                    -0.089507438367
 326                     0.715801082598                    -0.087541444502
 327                    -0.348220386253                    -0.085555762277
 328                     0.647376316387                    -0.083589768413
 329                    -0.416645152465                    -0.081604086187
 330                     0.578951550175                    -0.079638092323
 331                    -0.485069918677                    -0.077652410097
 332                     0.510526783963                    -0.075686416233
 333                    -0.553494684888                    -0.073700734007
 334                     0.442102017751                    -0.071734740143
 335                    -0.621919451100                    -0.069749057916
 336                     0.373677251540                    -0.067783064053
 337                    -0.690344217312                    -0.065797381826
 338                     0.305252485328                    -0.063831387963
 339                    -0.758768983523                    -0.061845705736
 340                     0.236827719116                    -0.059879711873
 341                    -0.827192757645                    -0.057876888529
 342                     0.168402952904                    -0.055928035783
 343                    -0.895719987000                    -0.053976838414
 344                    -0.964280143590                    -0.052909504732
 345                     0.099978186693                    -0.051976359693
 346                     0.031553420481                    -0.048024683602
 347                     0.898035654480                    -0.044085643959
 348                    -0.036871345731                    -0.044073007512
 349                    -0.105296111943                    -0.040121331422
 350                    -0.173720878154                    -0.036169655332
 351                     0.821860483798                    -0.034211372850
 352                    -0.242145644366                    -0.032217979242
 353                     0.965244181243                    -0.030647701208
 354                     0.753435717586                    -0.030259696760
 355                    -0.310570410578                    -0.028266303152
 356                     0.685010951374                    -0.026308020670
 357                    -0.378995176790                    -0.024314627062
 358                     0.616586185162                    -0.022356344580
 359                    -0.447419943001                    -0.020362950971
 360                     0.548161418950                    -0.018404668491
 361                    -0.515844709213                    -0.016411274881
 362                     0.479736652739                    -0.014452992401
 363                    -0.584269475425                    -0.012459598791
 364                     0.411311886527                    -0.010501316311
 365                    -0.652694241637                    -0.008507922701
 366                     0.342887120315                    -0.006549640221
 367                    -0.721119007848                    -0.004556246611
 368                     0.274462354103                    -0.002597964130
 369                    -0.789543774060                    -0.000604570521
 370                     0.206037587892                     0.001353711960
 371                    -0.857982888869                     0.003356535303
 372                     0.137612821680                     0.005305388050
 373                     0.069188055468                     0.009257064140
 374                     0.000763289257                     0.013208740230
 375                    -0.947992610611                     0.013665870930
 376                     0.867245523255                     0.017147779873
 377                    -0.067661476955                     0.017160416320
 378                    -0.136086243167                     0.021112092410
 379                    -0.204511009379                     0.025063768500
 380                     0.791070352573                     0.027022050983
 381                    -0.272935775590                     0.029015444591
 382                     0.722645586362                     0.030973727072
 383                    -0.341360541802                     0.032967120681
 384                     0.654220820150                     0.034925403162
 385                    -0.409785308014                     0.036918796771
 386                     0.964987001840                     0.037890596362
 387                     0.585796053938                     0.038877079252
 388                    -0.478210074225                     0.040870472861
 389                     0.517371287726                     0.042828755342
 390                    -0.546634840437                     0.044822148951
 391                     0.448946521515                     0.046780431432
 392                    -0.615059606649                     0.048773825041
 393                     0.380521755303                     0.050732107522
 394                    -0.683484372861                     0.052725501132
 395                     0.312096989091                     0.054683783612
 396                    -0.751909139072                     0.056677177222
 397                     0.243672222879                     0.058635459702
 398                    -0.897134869347                     0.059612084361
 399                    -0.820333905284                     0.060628853312
 400                     0.175247456668                     0.062587135792
 401                     0.106822690456                     0.066538811882
 402                     0.038397924244                     0.070490487972
 403                    -0.030026841968                     0.074442164063
 404                    -0.098451608179                     0.078393840153
 405                     0.897028609777                     0.078877287666
 406                    -0.962354328017                     0.080683073559
 407                    -0.166876374391                     0.082345516243
 408                     0.828704987561                     0.084303798725
 409                    -0.235301140603                     0.086297192333
 410                     0.760280221349                     0.088255474815
 411                    -0.303725906814                     0.090248868423
 412                     0.691855455137                     0.092207150905
 413                    -0.372150673026                     0.094200544513
 414                     0.623430688925                     0.096158826995
 415                    -0.440575439238                     0.098152220603
 416                     0.555005922714                     0.100110503085
 417                    -0.509000205450                     0.102103896694
 418                     0.486581156502                     0.104062179174
 419                    -0.577424971661                     0.106055572784
 420                     0.959869308310                     0.106238043922
 421                     0.418156390290                     0.108013855264
 422                    -0.645849737873                     0.110007248874
 423                     0.349731624078                     0.111965531354
 424                    -0.714274504085                     0.113958924964
 425                     0.281306857867                     0.115917207444
 426                    -0.859485885762                     0.116884402369
 427                    -0.782699270297                     0.117910601054
 428                     0.212882091655                     0.119868883534
 429                     0.144457325443                     0.123820559625
 430                     0.076032559232                     0.127772235715
 431                     0.007607793020                     0.131723911805
 432                    -0.060816973192                     0.135675587895
 433                    -0.129241739404                     0.139627263985
 434                     0.866339622548                     0.141585546467
 435                    -0.197666505615                     0.143578940075
 436                     0.797914856337                     0.145537222558
 437                    -0.266091271827                     0.147530616165
 438                    -0.954208156401                     0.148736025464
 439                     0.729490090125                     0.149488898647
 440                    -0.334516038039                     0.151482292256
 441                     0.661065323913                     0.153440574737
 442                    -0.402940804251                     0.155433968346
 443                     0.592640557701                     0.157392250827
 444                    -0.471365570462                     0.159385644436
 445                     0.524215791490                     0.161343926917
 446                    -0.539790336674                     0.163337320526
 447                     0.455791025278                     0.165295603007
 448                    -0.608215102886                     0.167288996616
 449                     0.929679608072                     0.167769713610
 450                     0.387366259066                     0.169247279097
 451                    -0.676639869097                     0.171240672706
 452                     0.318941492854                     0.173198955187
 453                    -0.745064635309                     0.175192348796
 454                     0.250516726643                     0.177150631277
 455                    -0.813489401521                     0.179144024887
 456                     0.182091960431                     0.181102307367
 457                    -0.881983238803                     0.181625683490
 458                     0.113667194219                     0.185053983457
 459                     0.045242428007                     0.189005659547
 460                    -0.023182338204                     0.192957335637
 461                    -0.091607104416                     0.196909011727
 462                    -0.160031870628                     0.200860687818
 463                     0.837266244029                     0.203704571711
 464                    -0.228456636840                     0.204812363908
 465                     0.767124725112                     0.206770646390
 466                    -0.296881403051                     0.208764039998
 467                     0.698699958901                     0.210722322480
 468                    -0.365306169263                     0.212715716088
 469                     0.630275192689                     0.214673998570
 470                    -0.941255762301                     0.216039813338
 471                    -0.433730935475                     0.216667392178
 472                     0.561850426477                     0.218625674660
 473                    -0.502155701686                     0.220619068268
 474                     0.493425660265                     0.222577350750
 475                    -0.570580467898                     0.224570744358
 476                     0.425000894054                     0.226529026839
 477                    -0.639005234110                     0.228522420449
 478                     0.356576127842                     0.230480702929
 479                    -0.707430000322                     0.232474096539
 480                     0.288151361630                     0.234432379019
 481                     0.936457459164                     0.235972536936
 482                    -0.775854766533                     0.236425772629
 483                     0.219726595418                     0.238384055109
 484                    -0.844279532745                     0.240377448719
 485                     0.151301829207                     0.242335731199
 486                     0.082877062995                     0.246287407289
 487                     0.014452296783                     0.250239083380
 488                    -0.053972469429                     0.254190759470
 489                    -0.122397235640                     0.258142435560
 490                    -0.190822001852                     0.262094111650
 491                     0.873281681580                     0.262550450730
 492                     0.804759360100                     0.264052394132
 493                    -0.259246768064                     0.266045787740
 494                     0.736334593888                     0.268004070222
 495                    -0.327671534276                     0.269997463830
 496                     0.667909827676                     0.271955746312
 497                    -0.904180702614                     0.273685319010
 498                    -0.396096300487                     0.273949139920
 499                     0.599485061464                     0.275907422402
 500                    -0.464521066699                     0.277900816011
 501                     0.531060295253                     0.279859098492
 502                    -0.532945832911                     0.281852492101
 503                     0.462635529041                     0.283810774582
 504                    -0.601370599122                     0.285804168191
 505                     0.394210762829                     0.287762450671
 506                    -0.669795365334                     0.289755844281
 507                     0.325785996617                     0.291714126761
 508                    -0.738220131546                     0.293707520371
 509                     0.257361230406                     0.295665802852
 510                    -0.807507329058                     0.298217044182
 511                     0.188936464194                     0.299617478942
 512                     0.120511697982                     0.303569155032
 513                     0.052086931771                     0.307520831122
 514                    -0.016337834441                     0.311472507212
 515                    -0.084762600653                     0.315424183302
 516                    -0.153187366865                     0.319375859392
 517                     0.911326965340                     0.319560281099
 518                    -0.221612133076                     0.323327535483
 519                     0.842491550356                     0.323783874563
 520                     0.773969228876                     0.325285817965
 521                    -0.290036899288                     0.327279211573
 522                     0.705544462664                     0.329237494055
 523                    -0.358461665500                     0.331230887663
 524                     0.637119696452                     0.333189170145
 525                    -0.426886431711                     0.335182563753
 526                     0.568694930240                     0.337140846235
 527                    -0.495311197923                     0.339134239843
 528                     0.500270164028                     0.341092522325
 529                    -0.903063953680                     0.342215000513
 530                    -0.563735964135                     0.343085915933
 531                     0.431845397817                     0.345044198415
 532                    -0.632160730347                     0.347037592023
 533                     0.363420631605                     0.348995874504
 534                    -0.700585496558                     0.350989268114
 535                     0.294995865393                     0.352947550594
 536                    -0.769010262770                     0.354940944204
 537                     0.226571099181                     0.356899226684
 538                     0.158146332970                     0.360850902774
 539                    -0.837249151751                     0.361345505526
 540                     0.089721566758                     0.364802578864
 541                     0.021296800546                     0.368754254954
 542                    -0.047127965665                     0.372705931044
 543                    -0.115552731877                     0.376657607135
 544                    -0.183977498089                     0.380609283225
 545                     0.886366647383                     0.383392458741
 546                    -0.252402264301                     0.384560959315
 547                     0.817968795110                     0.387785428061
 548                    -0.320827030512                     0.388512635405
 549                     0.748017500430                     0.388721878287
 550                     0.676052102867                     0.391106428818
 551                    -0.389251796724                     0.392464311495
 552                     0.606329565228                     0.394422593977
 553                    -0.457676562936                     0.396415987585
 554                     0.537904799016                     0.398374270067
 555                    -0.526101329148                     0.400367663675
 556                     0.469480032804                     0.402325946157
 557                    -0.594526095359                     0.404319339766
 558                     0.401055266592                     0.406277622247
 559                    -0.662950861571                     0.408271015856
 560                     0.332630500381                     0.410229298336
 561                    -0.731375627783                     0.412222691947
 562                     0.264205734169                     0.414180974426
 563                     0.195780967957                     0.418132650516
 564                    -0.799614516764                     0.418627253269
 565                     0.127356201745                     0.422084326607
 566                    -0.868475459980                     0.422357652263
 567                     0.058931435534                     0.426036002697
 568                    -0.009493330678                     0.429987678787
 569                    -0.077918096890                     0.433939354877
 570                    -0.146342863101                     0.437891030967
 571                    -0.214767629313                     0.441842707057
 572                     0.856780959632                     0.445523797119
 573                    -0.283192395525                     0.445794383147
 574                     0.713966202220                     0.448203586762
 575                     0.788357021422                     0.449597297747
 576                    -0.351617161737                     0.449746059238
 577                     0.643993240721                     0.451685251297
 578                    -0.420041927948                     0.453697735328
 579                     0.575539605192                     0.455657156971
 580                    -0.488466694160                     0.457649411418
 581                     0.507114667792                     0.459607693900
 582                    -0.556891460372                     0.461601087508
 583                     0.438689901580                     0.463559369990
 584                    -0.626546590788                     0.466342467051
 585                     0.370265135369                     0.467511046080
 586                     0.301840369157                     0.471462722169
 587                    -0.699553637607                     0.472926363258
 588                     0.233415602945                     0.475414398259
 589                     0.164990836733                     0.479366074349
 590                    -0.767883356638                     0.479378367268
 591                    -0.836332032625                     0.482891646456
 592                     0.096566070521                     0.483317750439
 593                     0.028141304310                     0.487269426529
 594                    -0.040283461902                     0.491221102619
 595                    -0.108708228114                     0.495172778709
 596                    -0.177132994326                     0.499124454800
 597                    -0.245557760538                     0.503076130890
 598                     0.750083345788                     0.506454048696
 599                    -0.313982526749                     0.507027806980
 600                     0.681591529120                     0.508990862580
 601                     0.819759829204                     0.510518788524
 602                    -0.382407292961                     0.510979483070
 603                     0.613166933485                     0.512945491155
 604                    -0.450832059173                     0.514931159160
 605                     0.544741998287                     0.516894240094
 606                    -0.519256825415                     0.518882835270
 607                     0.476362387817                     0.521562563886
 608                    -0.587713365706                     0.522818523967
 609                     0.407899770356                     0.524792793822
 610                    -0.657848263652                     0.527315983031
 611                     0.339475004144                     0.528744469912
 612                     0.271050237932                     0.532696146001
 613                     0.202625471720                     0.536647822091
 614                    -0.731355585044                     0.537372214161
 615                     0.134200705509                     0.540599498181
 616                    -0.799840289949                     0.541070189146
 617                     0.065775939297                     0.544551174271
 618                    -0.002648826915                     0.548502850362
 619                    -0.071073593126                     0.552454526452
 620                    -0.139498359338                     0.556406202542
 621                    -0.207923125550                     0.560357878632
 622                    -0.276347891762                     0.564309554722
 623                     0.781486153569                     0.567375539473
 624                    -0.344772657973                     0.568261230812
 625                     0.712994336902                     0.569912353357
 626                    -0.413147145506                     0.573003996851
 627                     0.583110869996                     0.574542560531
 628                    -0.481612795224                     0.576169306285
 629                     0.514594818771                     0.578447057366
 630                    -0.550037561433                     0.580120982411
 631                     0.445789680452                     0.582904832670
 632                    -0.618462329239                     0.584072630904
 633                     0.377327082169                     0.586135469035
 634                    -0.686790287681                     0.589444266607
 635                     0.308902292359                     0.590086736492
 636                     0.240260106708                     0.593929569834
 637                     0.648828858535                     0.594003104327
 638                     0.171835340496                     0.597881245924
 639                    -0.755530358089                     0.601506017442
 640                     0.103410574284                     0.601832922014
 641                     0.034985808073                     0.605784598104
 642                    -0.033438958139                     0.609736274194
 643                    -0.101863724351                     0.613687950284
 644                    -0.170288490562                     0.617639626374
 645                    -0.238713256774                     0.621591302465
 646                    -0.307138022986                     0.625542978555
 647                    -0.375512510519                     0.630285744594
 648                    -0.444572440425                     0.633913891075
 649                     0.552228253446                     0.635729593706
 650                     0.725609876002                     0.637280094511
 651                    -0.513001443112                     0.637791514875
 652                     0.483818056613                     0.639925942634
 653                     0.415074049348                     0.644175660809
 654                     0.346611451770                     0.647406312119
 655                    -0.642637102284                     0.648206434185
 656                     0.277895572388                     0.651210771795
 657                    -0.710965060726                     0.653578069888
 658                     0.209469975484                     0.655162993666
 659                     0.617946277961                     0.655189954158
 660                     0.141045209272                     0.659114669756
 661                     0.072620443060                     0.663066345846
 662                    -0.576084809235                     0.664588031320
 663                     0.004195676849                     0.667018021936
 664                    -0.064229089363                     0.670969698027
 665                    -0.132653855575                     0.674921374117
 666                    -0.201078621787                     0.678873050207
 667                    -0.269503387999                     0.682824726297
 668                     0.678582611659                     0.687139905817
 669                    -0.337877875532                     0.687567492336
 670                    -0.406937805437                     0.691195638817
 671                    -0.475362571649                     0.695147314907
 672                     0.566943525488                     0.702670053398
 673                     0.458349206841                     0.703556926175
 674                     0.389950973330                     0.707943955646
 675                     0.315530236259                     0.708492500560
 676                     0.247105441164                     0.712444195627
 677                     0.178679844259                     0.716396417499
 678                    -0.647418948355                     0.716578199726
 679                     0.110255078048                     0.720348093589
 680                    -0.538471430115                     0.721883738718
 681                     0.041830311836                     0.724299769679
 682                    -0.026594454376                     0.728251445769
 683                    -0.095019220587                     0.732203121859
 684                     0.628137414884                     0.733538682712
 685                    -0.163443986799                     0.736154797949
 686                    -0.231868753011                     0.740106474039
 687                     0.513334482180                     0.745374091271
 688                    -0.305990236198                     0.748236618197
 689                    -0.374449119842                     0.751545035528
 690                    -0.594964288570                     0.760692517604
 691                    -0.482230861118                     0.763341090098
 692                     0.353164842363                     0.765774267279
 693                     0.284740076151                     0.769725943370
 694                     0.450005971631                     0.771585999381
 695                     0.216315309939                     0.773677619460
 696                     0.574528371577                     0.776242720587
 697                     0.147889713035                     0.777629841331
 698                     0.079464946823                     0.781581517421
 699                     0.011040180612                     0.785533193511
 700                    -0.057384585600                     0.789484869602
 701                    -0.125809351812                     0.793436545691
 702                    -0.194234118023                     0.797388221782
 703                    -0.424061987307                     0.799589489989
 704                    -0.539512870979                     0.800975326124
 705                    -0.262658884235                     0.801339897872
 706                     0.518025503524                     0.815036924753
 707                     0.398684748456                     0.817013925009
 708                    -0.358069517035                     0.818097818993
 709                     0.253949944927                     0.830959367202
 710                     0.185525178715                     0.834911043292
 711                    -0.481343997168                     0.837223726015
 712                     0.117094013612                     0.838866923134
 713                     0.332422146332                     0.838930592881
 714                     0.048708422376                     0.843446801595
 715                    -0.019749950612                     0.846766617344
 716                     0.458913408329                     0.849725893844
 717                    -0.088174689364                     0.850718768945
 718                    -0.156599483036                     0.854669969524
 719                    -0.301975324090                     0.857480631143
 720                    -0.229615140181                     0.868559190491
 721                    -0.420750656195                     0.869255138796
 722                     0.387408458315                     0.884618729984
 723                     0.154735046723                     0.896144466739
 724                    -0.358038048844                     0.896908226405
 725                     0.255944871283                     0.899469108436
 726                     0.086350977480                     0.900747014815
 727                     0.017926066372                     0.904696181168
 728                    -0.050532862091                     0.908003670963
 729                     0.323690139799                     0.909868289594
 730                    -0.150691240818                     0.922953620927
 731                    -0.282990188243                     0.923337513789
 732                    -0.216788663691                     0.941083570310
 733                     0.203823329541                     0.943976515252
 734                     0.124528935658                     0.957668081956
 735                    -0.093792735443                     0.961165195890
 736                     0.055733607335                     0.962944810602
 737                    -0.013439027675                     0.965637097230
