   1                     0.036085645245                    -0.964668973904
   2                    -0.033582295949                    -0.964232244772
   3                    -0.103644618172                    -0.959718869074
   4                     0.116061620155                    -0.958341329242
   5                    -0.185325603771                    -0.947387367233
   6                     0.239141137156                    -0.935253933178
   7                     0.172120274340                    -0.917577719621
   8                     0.305633600661                    -0.915683627217
   9                    -0.308293394227                    -0.914791553351
  10                     0.071615261822                    -0.905155186222
  11                    -0.239753466603                    -0.904470560200
  12                     0.002310001526                    -0.904142529520
  13                    -0.066917686605                    -0.900711527583
  14                    -0.136194909301                    -0.898495451344
  15                    -0.373139331842                    -0.890311991404
  16                     0.380748805800                    -0.887029235761
  17                     0.251776643571                    -0.862011807364
  18                     0.443428710947                    -0.857338000677
  19                    -0.448939175341                    -0.854600503071
  20                     0.323041754863                    -0.848592638659
  21                     0.177471771149                    -0.848471959657
  22                     0.108194004995                    -0.846272807879
  23                     0.038917325757                    -0.844039807181
  24                    -0.312027065812                    -0.843431055074
  25                    -0.030359896939                    -0.841823730943
  26                    -0.099637119634                    -0.839607654705
  27                    -0.168914342330                    -0.837391578467
  28                    -0.238191565030                    -0.835175502355
  29                     0.503932829746                    -0.823371183677
  30                    -0.387505545434                    -0.822504495614
  31                    -0.509103578578                    -0.820184094752
  32                     0.380973637329                    -0.810538183307
  33                     0.283306783512                    -0.791800239256
  34                     0.214029560816                    -0.789584163018
  35                     0.144752338120                    -0.787368086780
  36                     0.445708337359                    -0.785765957117
  37                     0.075475115424                    -0.785152010542
  38                     0.561714624755                    -0.785089219989
  39                     0.006197892728                    -0.782935934304
  40                    -0.566763183495                    -0.781402967579
  41                    -0.063079329968                    -0.780719858066
  42                    -0.132356552663                    -0.778503781828
  43                    -0.440498300131                    -0.777827739599
  44                    -0.201633775359                    -0.776287705590
  45                    -0.270910998059                    -0.774071629477
  46                    -0.340188220755                    -0.771855553240
  47                    -0.504421021685                    -0.751029787300
  48                     0.503490132368                    -0.747483993428
  49                     0.616600563960                    -0.742759818199
  50                     0.388624415748                    -0.741649068289
  51                    -0.627922295041                    -0.733213471232
  52                     0.319864573178                    -0.732912442616
  53                     0.250587350483                    -0.730696366378
  54                     0.181310127787                    -0.728480290140
  55                     0.112032905091                    -0.726264213902
  56                     0.042755682395                    -0.724048137665
  57                    -0.026521540301                    -0.721832061426
  58                    -0.095798762997                    -0.719615985189
  59                    -0.165075985692                    -0.717399908951
  60                    -0.234353208388                    -0.715183832713
  61                    -0.303630431088                    -0.712967756600
  62                    -0.561860328498                    -0.712235836597
  63                    -0.372907653784                    -0.710751680363
  64                    -0.442184876480                    -0.708535604125
  65                     0.558642495062                    -0.704745257462
  66                     0.668307689149                    -0.696601202719
  67                    -0.678915240708                    -0.686267075518
  68                     0.425182205414                    -0.682761271650
  69                     0.494380004459                    -0.678772639579
  70                     0.356422362845                    -0.674024645977
  71                     0.287145140149                    -0.671808569739
  72                     0.217867917453                    -0.669592493501
  73                     0.148590694758                    -0.667376417263
  74                     0.079313472062                    -0.665160341025
  75                    -0.612829829975                    -0.664299831295
  76                     0.010036249366                    -0.662944264787
  77                    -0.059240973330                    -0.660728188549
  78                    -0.128518196026                    -0.658512112312
  79                    -0.197795418721                    -0.656296036073
  80                    -0.267072641417                    -0.654079959835
  81                    -0.336349864117                    -0.651863883723
  82                    -0.405627086813                    -0.649647807486
  83                    -0.474904309509                    -0.647431731248
  84                     0.595572619676                    -0.646090245108
  85                    -0.544181532204                    -0.645215655010
  86                     0.731635282422                    -0.629760443757
  87                     0.662358059726                    -0.627544367517
  88                    -0.708920027690                    -0.623785419518
  89                     0.531534597904                    -0.619569001815
  90                     0.462257375208                    -0.617352925575
  91                     0.392980152512                    -0.615136849338
  92                     0.323702929816                    -0.612920773100
  93                     0.254425707120                    -0.610704696862
  94                     0.185148484425                    -0.608488620624
  95                     0.115871261729                    -0.606272544386
  96                     0.046594039033                    -0.604056468148
  97                    -0.022683183663                    -0.601840391910
  98                    -0.091960406359                    -0.599624315672
  99                    -0.161237629055                    -0.597408239434
 100                    -0.645015315028                    -0.596944549972
 101                    -0.230514851750                    -0.595192163196
 102                    -0.299792074446                    -0.592976086958
 103                    -0.369069297146                    -0.590760010846
 104                    -0.438346519842                    -0.588543934608
 105                    -0.507623742538                    -0.586327858371
 106                    -0.767075913652                    -0.586074181056
 107                    -0.576900965233                    -0.584111782133
 108                     0.775562114873                    -0.574205983592
 109                     0.706676634646                    -0.565097390322
 110                     0.637399411951                    -0.562881314083
 111                     0.568093482781                    -0.560681885071
 112                     0.498815164876                    -0.558465128937
 113                     0.429537942180                    -0.556249052698
 114                     0.360260719484                    -0.554032976461
 115                     0.290983496788                    -0.551816900222
 116                     0.221706274092                    -0.549600823984
 117                     0.152429051396                    -0.547384747746
 118                     0.083151828700                    -0.545168671508
 119                     0.013874606005                    -0.542952595271
 120                    -0.055402616691                    -0.540736519033
 121                    -0.124679839387                    -0.538520442795
 122                    -0.193957062083                    -0.536304366557
 123                    -0.677734748056                    -0.535840677095
 124                    -0.263234284779                    -0.534088290319
 125                    -0.332511507474                    -0.531872214081
 126                    -0.401788730174                    -0.529656137968
 127                    -0.471065952870                    -0.527440061731
 128                    -0.540343175566                    -0.525223985493
 129                    -0.609620398262                    -0.523007909256
 130                    -0.745277770891                    -0.520278394333
 131                    -0.814554993586                    -0.518062318094
 132                     0.818167360643                    -0.512338338390
 133                     0.748890137947                    -0.510122262151
 134                     0.673957201618                    -0.503993517444
 135                     0.604650177239                    -0.501793408536
 136                     0.535372954543                    -0.499577332298
 137                     0.466095731848                    -0.497361256059
 138                     0.396818509152                    -0.495145179820
 139                     0.327541286456                    -0.492929103583
 140                     0.258264063760                    -0.490713027344
 141                     0.188986841064                    -0.488496951106
 142                     0.119709618369                    -0.486280874868
 143                     0.050432395673                    -0.484064798630
 144                    -0.018844827023                    -0.481848722393
 145                    -0.088122049719                    -0.479632646155
 146                    -0.157399272415                    -0.477416569916
 147                    -0.226676495110                    -0.475200493679
 148                    -0.295953717806                    -0.472984417441
 149                    -0.365230940502                    -0.470768341203
 150                    -0.434508163202                    -0.468552265090
 151                    -0.503785385898                    -0.466336188853
 152                    -0.573062608593                    -0.464120112615
 153                    -0.642339831289                    -0.461904036378
 154                    -0.711617053985                    -0.459687960140
 155                    -0.780894276681                    -0.457471883901
 156                    -0.850316564423                    -0.456798324830
 157                     0.785447927615                    -0.451234465512
 158                     0.716170704919                    -0.449018389273
 159                     0.854972867481                    -0.447744622159
 160                     0.641207966907                    -0.442905611897
 161                     0.571930744211                    -0.440689535659
 162                     0.502653521515                    -0.438473459420
 163                     0.433376298819                    -0.436257383181
 164                     0.364099076124                    -0.434041306943
 165                     0.294821853428                    -0.431825230705
 166                     0.225544630732                    -0.429609154467
 167                     0.156267408036                    -0.427393078228
 168                     0.086990185341                    -0.425177001991
 169                     0.017712962645                    -0.422960925753
 170                    -0.051564260051                    -0.420744849515
 171                    -0.120841482747                    -0.418528773277
 172                    -0.190118705443                    -0.416312697039
 173                    -0.259395928139                    -0.414096620801
 174                    -0.328673150834                    -0.411880544563
 175                    -0.397950373530                    -0.409664468325
 176                    -0.467227596230                    -0.407448392212
 177                    -0.536504818926                    -0.405232315975
 178                    -0.605782041621                    -0.403016239737
 179                    -0.675059264317                    -0.400800163500
 180                    -0.744336487013                    -0.398584087262
 181                    -0.813613709709                    -0.396368011023
 182                    -0.882702388173                    -0.390800328709
 183                     0.816293690235                    -0.389163671199
 184                     0.747016467540                    -0.386947594960
 185                     0.885451373051                    -0.384531232760
 186                     0.677765756574                    -0.384017815259
 187                     0.608488533878                    -0.381801739020
 188                     0.539211311182                    -0.379585662781
 189                     0.469934088487                    -0.377369586542
 190                     0.400656865791                    -0.375153510304
 191                     0.331379643095                    -0.372937434065
 192                     0.262102420400                    -0.370721357827
 193                     0.192825197704                    -0.368505281589
 194                     0.123547975009                    -0.366289205351
 195                     0.054270752313                    -0.364073129113
 196                    -0.015006470383                    -0.361857052875
 197                    -0.084283693079                    -0.359640976637
 198                    -0.153560915774                    -0.357424900399
 199                    -0.222838138470                    -0.355208824161
 200                    -0.292115361166                    -0.352992747923
 201                    -0.361392583862                    -0.350776671685
 202                    -0.430669806557                    -0.348560595447
 203                    -0.499947029257                    -0.346344519334
 204                    -0.569224251952                    -0.344128443097
 205                    -0.638501474648                    -0.341912366859
 206                    -0.707778697344                    -0.339696290621
 207                    -0.777055920040                    -0.337480214384
 208                    -0.846144598504                    -0.331912532071
 209                     0.783574257207                    -0.328059798321
 210                     0.714323546242                    -0.325130018620
 211                     0.645046323546                    -0.322913942381
 212                     0.575769100850                    -0.320697866142
 213                     0.506491878154                    -0.318481789904
 214                     0.870425675134                    -0.316866818328
 215                     0.437214655459                    -0.316265713665
 216                     0.367937432763                    -0.314049637426
 217                    -0.912990673023                    -0.313586405921
 218                     0.298660210067                    -0.311833561188
 219                     0.229382987371                    -0.309617484950
 220                     0.160105764676                    -0.307401408711
 221                     0.090828541980                    -0.305185332473
 222                     0.021551319284                    -0.302969256235
 223                    -0.047725903412                    -0.300753179997
 224                    -0.117003126107                    -0.298537103760
 225                    -0.186280348803                    -0.296321027521
 226                    -0.255557571499                    -0.294104951283
 227                    -0.324834794195                    -0.291888875045
 228                    -0.394112016890                    -0.289672798807
 229                    -0.463389239586                    -0.287456722569
 230                    -0.532666462286                    -0.285240646457
 231                    -0.601943684982                    -0.283024570219
 232                    -0.671220907677                    -0.280808493982
 233                    -0.740498130373                    -0.278592417744
 234                     0.925434818727                    -0.274697650688
 235                     0.820132046875                    -0.269172001682
 236                    -0.822407443425                    -0.266719363277
 237                     0.750881335909                    -0.266242221981
 238                     0.681604113213                    -0.264026145742
 239                     0.612326890517                    -0.261810069503
 240                     0.543049667822                    -0.259593993265
 241                     0.473772445126                    -0.257377917026
 242                     0.404495222430                    -0.255161840787
 243                     0.335217999734                    -0.252945764549
 244                     0.265940777038                    -0.250729688310
 245                     0.196663554343                    -0.248513612072
 246                    -0.933138572009                    -0.247266674734
 247                     0.127386331647                    -0.246297535834
 248                     0.058109108951                    -0.244081459596
 249                    -0.011168113745                    -0.241865383358
 250                    -0.080445336440                    -0.239649307120
 251                    -0.149722559136                    -0.237433230882
 252                    -0.218999781832                    -0.235217154644
 253                    -0.288277004528                    -0.233001078406
 254                    -0.357554227224                    -0.230785002168
 255                    -0.426831449919                    -0.228568925930
 256                     0.875141190468                    -0.227002834042
 257                    -0.496108672615                    -0.226352849692
 258                    -0.565385895315                    -0.224136773580
 259                    -0.634663118011                    -0.221920697342
 260                    -0.703940340707                    -0.219704621105
 261                    -0.773217563403                    -0.217488544867
 262                    -0.870741663888                    -0.216959643971
 263                     0.942615606641                    -0.207413045567
 264                     0.788018156662                    -0.207397268605
 265                     0.718161902881                    -0.205138349103
 266                     0.648884680185                    -0.202922272865
 267                     0.579607457489                    -0.200706196626
 268                     0.510330234793                    -0.198490120387
 269                     0.441053012098                    -0.196274044148
 270                     0.371775789402                    -0.194057967910
 271                     0.302498566706                    -0.191841891671
 272                     0.233221344010                    -0.189625815433
 273                     0.163944121314                    -0.187409739195
 274                     0.094666898618                    -0.185193662956
 275                     0.025389675922                    -0.182977586718
 276                    -0.043887546773                    -0.180761510480
 277                    -0.948475781313                    -0.179672188353
 278                    -0.113164769469                    -0.178545434242
 279                    -0.182441992165                    -0.176329358005
 280                    -0.251719214861                    -0.174113281767
 281                    -0.320996437557                    -0.171897205529
 282                    -0.390273660253                    -0.169681129291
 283                    -0.459550882948                    -0.167465053053
 284                    -0.528828105644                    -0.165248976815
 285                    -0.818703066628                    -0.165188319489
 286                    -0.598105328344                    -0.163032900703
 287                    -0.667382551040                    -0.160816824465
 288                     0.892204589177                    -0.159823335660
 289                    -0.736659773736                    -0.158600748228
 290                    -0.886170709794                    -0.149302423103
 291                     0.824023642400                    -0.147349239503
 292                     0.754719692548                    -0.146250552465
 293                     0.685442469852                    -0.144034476226
 294                     0.616165247157                    -0.141818399987
 295                     0.546888024461                    -0.139602323748
 296                     0.477610801765                    -0.137386247510
 297                     0.408333579069                    -0.135170171271
 298                     0.956132499425                    -0.133037763620
 299                     0.339056356374                    -0.132954095032
 300                     0.269779133678                    -0.130738018793
 301                     0.200501910982                    -0.128521942555
 302                     0.131224688286                    -0.126305866317
 303                     0.061947465591                    -0.124089790078
 304                    -0.007329757105                    -0.121873713840
 305                    -0.076606979801                    -0.119657637602
 306                    -0.145884202497                    -0.117441561364
 307                    -0.215161425192                    -0.115225485127
 308                    -0.284438647888                    -0.113009408889
 309                    -0.958923231699                    -0.111151422459
 310                    -0.353715870584                    -0.110793332651
 311                    -0.422993093279                    -0.108577256412
 312                    -0.492270315975                    -0.106361180174
 313                    -0.561547538671                    -0.104145103936
 314                    -0.630824761370                    -0.101929027824
 315                    -0.700101984066                    -0.099712951586
 316                    -0.838679298379                    -0.098816678381
 317                    -0.769379206762                    -0.097496875348
 318                     0.868598073459                    -0.090587475032
 319                     0.722000259520                    -0.085146679587
 320                     0.652723036824                    -0.082930603348
 321                     0.798496105742                    -0.082908650970
 322                     0.583445814128                    -0.080714527109
 323                     0.514168591432                    -0.078498450871
 324                     0.444891368736                    -0.076282374632
 325                     0.375614146041                    -0.074066298393
 326                     0.306336923345                    -0.071850222155
 327                    -0.902264138798                    -0.071226595972
 328                     0.237059700649                    -0.069634145916
 329                     0.167782477953                    -0.067418069677
 330                     0.098505255258                    -0.065201993439
 331                     0.963213972460                    -0.064087801198
 332                     0.029228032562                    -0.062985917201
 333                    -0.040049190134                    -0.060769840963
 334                    -0.109326412830                    -0.058553764725
 335                    -0.178603635525                    -0.056337688487
 336                    -0.247880858221                    -0.054121612249
 337                    -0.317158080917                    -0.051905536011
 338                    -0.386435303613                    -0.049689459773
 339                    -0.455712526308                    -0.047473383535
 340                    -0.524989749004                    -0.045257307297
 341                    -0.594266971700                    -0.043041231059
 342                    -0.663544194400                    -0.040825154947
 343                    -0.732821417096                    -0.038609078709
 344                    -0.963651878506                    -0.038179243852
 345                    -0.805172235524                    -0.038141137039
 346                     0.904273287428                    -0.027615342736
 347                     0.758558049187                    -0.026258882948
 348                     0.689280826491                    -0.024042806709
 349                     0.835053895409                    -0.024020854332
 350                     0.620003603795                    -0.021826730471
 351                     0.550726381100                    -0.019610654232
 352                     0.481449158404                    -0.017394577993
 353                     0.412171935708                    -0.015178501754
 354                     0.342894713012                    -0.012962425516
 355                     0.273617490317                    -0.010746349277
 356                     0.204340267621                    -0.008530273038
 357                     0.135063044925                    -0.006314196800
 358                     0.065785822229                    -0.004098120562
 359                    -0.904221082797                    -0.001941569102
 360                    -0.003491400467                    -0.001882044323
 361                    -0.072768623163                     0.000334031915
 362                    -0.142045845858                     0.002550108153
 363                    -0.211323068554                     0.004766184391
 364                     0.965329705510                     0.005192558587
 365                    -0.280600291250                     0.006982260628
 366                    -0.349877513946                     0.009198336866
 367                    -0.419154736641                     0.011414413104
 368                    -0.488431959337                     0.013630489342
 369                    -0.557709182033                     0.015846565581
 370                    -0.626986404729                     0.018062641818
 371                    -0.696263627429                     0.020278717931
 372                    -0.765540850124                     0.022494794169
 373                    -0.834824244483                     0.024508706880
 374                    -0.964823103940                     0.031698282439
 375                     0.795115838854                     0.032628913691
 376                     0.725838616159                     0.034844989929
 377                     0.874560447016                     0.036260154393
 378                     0.656561393463                     0.037061066168
 379                     0.587284170767                     0.039277142407
 380                     0.518006948071                     0.041493218646
 381                     0.448729725376                     0.043709294884
 382                     0.379452502680                     0.045925371123
 383                     0.310175279984                     0.048141447362
 384                     0.240898057288                     0.050357523600
 385                     0.171620834592                     0.052573599839
 386                     0.102343611896                     0.054789676077
 387                     0.033066389201                     0.057005752316
 388                    -0.036210833495                     0.059221828554
 389                    -0.105488056191                     0.061437904792
 390                    -0.174765278887                     0.063653981030
 391                    -0.244042501583                     0.065870057268
 392                    -0.890367062192                     0.065972425711
 393                    -0.313319724279                     0.068086133505
 394                    -0.382596946974                     0.070302209743
 395                    -0.451874169670                     0.072518285982
 396                     0.962468791154                     0.074446148728
 397                    -0.521151392366                     0.074734362220
 398                    -0.590428615062                     0.076950438458
 399                    -0.659705837758                     0.079166514696
 400                    -0.728983060458                     0.081382590808
 401                    -0.798432735160                     0.083506630132
 402                     0.831673628521                     0.091516710330
 403                     0.762396405825                     0.093732786569
 404                     0.693119183130                     0.095948862807
 405                     0.623841960434                     0.098164939046
 406                     0.554564737739                     0.100381015285
 407                    -0.960061584317                     0.100847197899
 408                     0.485287515043                     0.102597091523
 409                     0.899830384667                     0.104122311065
 410                     0.416010292347                     0.104813167762
 411                     0.346733069652                     0.107029244001
 412                     0.277455846956                     0.109245320240
 413                     0.208178624261                     0.111461396478
 414                     0.138901401565                     0.113677472717
 415                     0.069624178870                     0.115893548956
 416                     0.000346956174                     0.118109625194
 417                    -0.068930266522                     0.120325701433
 418                    -0.138207489218                     0.122541777671
 419                    -0.207484711913                     0.124757853909
 420                    -0.276761934609                     0.126973930147
 421                    -0.346039157304                     0.129190006384
 422                    -0.415316380000                     0.131406082622
 423                    -0.484593602695                     0.133622158861
 424                    -0.899562806981                     0.134672373717
 425                    -0.553870825391                     0.135838235099
 426                    -0.623148048087                     0.138054311337
 427                    -0.692425270782                     0.140270387575
 428                    -0.761702493482                     0.142486463688
 429                    -0.830979716178                     0.144702539925
 430                     0.954036443996                     0.147318927950
 431                     0.801091020628                     0.153791667357
 432                     0.729676972800                     0.154836659448
 433                     0.660399750104                     0.157052735687
 434                     0.591122527408                     0.159268811925
 435                     0.521845304713                     0.161484888163
 436                     0.452568082017                     0.163700964402
 437                     0.383290859321                     0.165917040641
 438                     0.314013636625                     0.168133116880
 439                     0.244736413930                     0.170349193118
 440                     0.175459191234                     0.172565269357
 441                     0.889524046751                     0.172664443926
 442                     0.106181968538                     0.174781345595
 443                     0.036904745842                     0.176997421834
 444                    -0.032372476854                     0.179213498072
 445                    -0.101649699549                     0.181429574311
 446                    -0.170926922245                     0.183645650549
 447                    -0.947503321874                     0.184731854439
 448                    -0.240204144941                     0.185861726787
 449                    -0.309481367637                     0.188077803025
 450                    -0.378758590333                     0.190293879262
 451                    -0.448035813028                     0.192509955500
 452                    -0.517313035724                     0.194726031738
 453                    -0.586590258420                     0.196942107977
 454                    -0.655867481116                     0.199158184215
 455                    -0.725144703811                     0.201374260453
 456                    -0.875302628142                     0.202586277615
 457                    -0.794421926511                     0.203590336565
 458                     0.766234762467                     0.213724456087
 459                     0.696957539771                     0.215940532326
 460                     0.835506804978                     0.216096945229
 461                     0.627680317075                     0.218156608564
 462                     0.939869238535                     0.220304828503
 463                     0.558403094380                     0.220372684802
 464                     0.489125871684                     0.222588761041
 465                     0.419848648989                     0.224804837280
 466                     0.350571426293                     0.227020913519
 467                     0.281294203597                     0.229236989757
 468                     0.212016980901                     0.231453065996
 469                     0.142739758206                     0.233669142235
 470                     0.073462535510                     0.235885218473
 471                     0.004185312814                     0.238101294712
 472                    -0.065091909882                     0.240317370950
 473                    -0.134369132577                     0.242533447188
 474                    -0.203646355273                     0.244749523427
 475                    -0.272923577969                     0.246965599665
 476                    -0.342200800665                     0.249181675902
 477                    -0.411478023360                     0.251397752140
 478                    -0.931805564284                     0.252243519986
 479                    -0.480755246056                     0.253613828377
 480                    -0.550032468752                     0.255829904616
 481                    -0.619309691448                     0.258045980854
 482                    -0.688586914143                     0.260262057093
 483                    -0.757864136839                     0.262478133331
 484                     0.885851996761                     0.263737329806
 485                    -0.827141359539                     0.264694209442
 486                     0.737006639326                     0.276573174419
 487                     0.664238106745                     0.277044405204
 488                     0.594960884049                     0.279260481442
 489                     0.811016408485                     0.280938791732
 490                     0.525683661353                     0.281476557681
 491                     0.456406438657                     0.283692633919
 492                     0.387129215961                     0.285908710158
 493                     0.317851993265                     0.288124786397
 494                     0.248574770570                     0.290340862635
 495                     0.179297547874                     0.292556938874
 496                     0.110020325178                     0.294773015113
 497                     0.040743102482                     0.296989091351
 498                    -0.028534120214                     0.299205167590
 499                    -0.097811342909                     0.301421243828
 500                    -0.884791527621                     0.303174109370
 501                    -0.167088565605                     0.303637320066
 502                    -0.236365788301                     0.305853396304
 503                    -0.305643010997                     0.308069472542
 504                    -0.374920233693                     0.310285548780
 505                    -0.444197456389                     0.312501625018
 506                    -0.513474679084                     0.314717701255
 507                    -0.582751901780                     0.316933777494
 508                    -0.652029124477                     0.319149853732
 509                    -0.721306347172                     0.321365929970
 510                    -0.790883536378                     0.323929790050
 511                     0.907317033076                     0.329642540482
 512                     0.701261674553                     0.335957870021
 513                     0.770562811926                     0.337221569771
 514                     0.631992030999                     0.338399398296
 515                     0.562714808304                     0.340615474535
 516                     0.493437585608                     0.342831550773
 517                     0.839531925783                     0.344114023046
 518                     0.424160362912                     0.345047627012
 519                     0.354883140216                     0.347263703251
 520                     0.285605917521                     0.349479779489
 521                     0.216328694825                     0.351695855728
 522                     0.147051472129                     0.353911931967
 523                     0.077774249433                     0.356128008205
 524                     0.008497026737                     0.358344084444
 525                    -0.060780195958                     0.360560160682
 526                    -0.130057418654                     0.362776236921
 527                    -0.199334641349                     0.364992313159
 528                    -0.268611864045                     0.367208389398
 529                    -0.337889086740                     0.369424465636
 530                    -0.407166309436                     0.371640541874
 531                    -0.890690339861                     0.372235303918
 532                    -0.476443532131                     0.373856618111
 533                    -0.545720754828                     0.376072694348
 534                    -0.614997977522                     0.378288770588
 535                    -0.684275200218                     0.380504846827
 536                    -0.753552422912                     0.382720923065
 537                    -0.822781864758                     0.386116355296
 538                     0.670097413215                     0.398126030241
 539                     0.739497740969                     0.399182895974
 540                     0.599272597971                     0.399503271174
 541                     0.529995375275                     0.401719347412
 542                     0.877659472848                     0.401997826767
 543                     0.460718152580                     0.403935423651
 544                     0.808466854826                     0.406075349249
 545                     0.391440929884                     0.406151499889
 546                     0.322163707188                     0.408367576128
 547                     0.252886484492                     0.410583652367
 548                     0.183609261796                     0.412799728605
 549                     0.114332039101                     0.415015804844
 550                     0.045054816405                     0.417231881083
 551                    -0.024222406291                     0.419447957321
 552                    -0.093499628987                     0.421664033560
 553                    -0.162776851682                     0.423880109798
 554                    -0.232054074378                     0.426096186037
 555                    -0.301331297074                     0.428312262275
 556                    -0.370608519770                     0.430528338513
 557                    -0.439885742466                     0.432744414751
 558                    -0.509162965161                     0.434960490988
 559                    -0.578440187857                     0.437176567228
 560                    -0.647717410552                     0.439392643467
 561                    -0.716994633248                     0.441608719706
 562                    -0.786224075094                     0.445004151937
 563                    -0.855501297789                     0.447220228172
 564                     0.635830387638                     0.458391067813
 565                     0.705136011277                     0.459378544578
 566                     0.566553164943                     0.460607144052
 567                     0.497275942247                     0.462823220290
 568                     0.846315448494                     0.464214144608
 569                     0.427998719551                     0.465039296528
 570                     0.774105125134                     0.466270997853
 571                     0.358721496855                     0.467255372767
 572                     0.289444274159                     0.469471449006
 573                     0.220167051464                     0.471687525244
 574                     0.150889828768                     0.473903601483
 575                     0.081612606072                     0.476119677722
 576                     0.012335383376                     0.478335753960
 577                    -0.056941839320                     0.480551830199
 578                    -0.126219062015                     0.482767906437
 579                    -0.195496284711                     0.484983982676
 580                    -0.264773507407                     0.487200058914
 581                    -0.334050730103                     0.489416135152
 582                    -0.403327952799                     0.491632211390
 583                    -0.472605175496                     0.493848287628
 584                    -0.541882398192                     0.496064363869
 585                    -0.611159620888                     0.498280440108
 586                    -0.680860320961                     0.500759213022
 587                    -0.750096759416                     0.504157018649
 588                    -0.820725342124                     0.507537557880
 589                     0.671289023577                     0.519865121617
 590                     0.533833731914                     0.521711016929
 591                     0.464556509218                     0.523927093167
 592                     0.809564543588                     0.525826637563
 593                     0.395279286522                     0.526143169406
 594                     0.740258137434                     0.526757574893
 595                     0.326002063827                     0.528359245645
 596                     0.602681407577                     0.529726136024
 597                     0.256724841131                     0.530575321883
 598                     0.187447618435                     0.532791398122
 599                     0.118170395739                     0.535007474360
 600                     0.048893173044                     0.537223550599
 601                    -0.020384049652                     0.539439626838
 602                    -0.089661272348                     0.541655703076
 603                    -0.158938495044                     0.543871779315
 604                    -0.228215717740                     0.546087855553
 605                    -0.297492940437                     0.548303931792
 606                    -0.366770163132                     0.550520008029
 607                    -0.436047385829                     0.552736084267
 608                    -0.505324608525                     0.554952160508
 609                    -0.574601831221                     0.557168236747
 610                    -0.643879053917                     0.559384312985
 611                    -0.713108703046                     0.562775516278
 612                    -0.782367841298                     0.565498862871
 613                     0.505348308059                     0.584967060884
 614                     0.431837076190                     0.585030966045
 615                     0.693121769571                     0.585649434190
 616                     0.362559853494                     0.587247042283
 617                     0.293282630798                     0.589463118522
 618                     0.224005408102                     0.591679194761
 619                     0.762090883428                     0.592541887465
 620                     0.154728185407                     0.593895270999
 621                     0.085450962711                     0.596111347238
 622                     0.586315316065                     0.597078906026
 623                     0.016173740015                     0.598327423476
 624                    -0.053103482681                     0.600543499715
 625                    -0.122380705377                     0.602759575954
 626                    -0.191657928073                     0.604975652192
 627                    -0.260935150769                     0.607191728430
 628                    -0.330212373467                     0.609407804669
 629                    -0.399489596163                     0.611623880906
 630                    -0.468757795904                     0.614142634429
 631                    -0.538044041553                     0.616056033385
 632                    -0.607321264249                     0.618272109624
 633                    -0.731855131446                     0.629504940077
 634                     0.644380526851                     0.634929611102
 635                     0.468394865857                     0.643918762684
 636                     0.399117643161                     0.646134838922
 637                     0.537661458715                     0.646445359649
 638                     0.329840420466                     0.648350915161
 639                     0.260563197770                     0.650566991400
 640                     0.711429033320                     0.652500677054
 641                     0.191285975074                     0.652783067638
 642                    -0.666899870618                     0.653692926124
 643                     0.122008752378                     0.654999143877
 644                     0.052731529683                     0.657215220115
 645                    -0.016545693013                     0.659431296354
 646                    -0.085822915710                     0.661647372593
 647                    -0.155100138406                     0.663863448831
 648                    -0.224377361101                     0.666079525069
 649                    -0.293654583798                     0.668295601307
 650                    -0.364000424499                     0.671161795490
 651                    -0.501756017722                     0.675110448163
 652                    -0.432663431595                     0.680629426390
 653                     0.595726669501                     0.684296064724
 654                    -0.582709855802                     0.684912097409
 655                     0.662775175969                     0.701867130676
 656                     0.435675432829                     0.705022635561
 657                     0.366398210133                     0.707238711800
 658                     0.297120987437                     0.709454788038
 659                     0.227843764741                     0.711670864277
 660                     0.158566542045                     0.713886940516
 661                     0.533914391962                     0.715656659804
 662                     0.089289319350                     0.716103016754
 663                     0.020012096654                     0.718319092993
 664                    -0.644015797716                     0.719118943776
 665                    -0.049265126042                     0.720535169231
 666                    -0.118542348738                     0.722751245470
 667                    -0.187819571434                     0.724967321708
 668                    -0.257096794131                     0.727183397946
 669                    -0.326396754643                     0.729387293269
 670                    -0.395059761739                     0.738854924170
 671                    -0.525451330311                     0.740247048778
 672                     0.603895840924                     0.753125631166
 673                     0.480265826540                     0.759543742260
 674                    -0.460004431215                     0.763071333588
 675                    -0.590755535077                     0.763476457254
 676                     0.333678777104                     0.768342584677
 677                     0.411758374357                     0.770078141803
 678                     0.264401554409                     0.770558660916
 679                     0.195124331713                     0.772774737155
 680                     0.125847109017                     0.774990813393
 681                     0.056602007618                     0.778744151581
 682                    -0.012707336374                     0.779422965870
 683                    -0.081984559070                     0.781639042108
 684                    -0.151234323924                     0.785019535293
 685                    -0.220539004464                     0.786071194585
 686                     0.543697878842                     0.787483307738
 687                    -0.289838964976                     0.788275089908
 688                    -0.406560070733                     0.807206862485
 689                    -0.525835725067                     0.809558641019
 690                     0.371445980380                     0.826462141929
 691                     0.490236825867                     0.831598615661
 692                     0.234482367333                     0.833081351382
 693                    -0.342188708137                     0.833814105592
 694                     0.165205144637                     0.835297427620
 695                     0.095927921941                     0.837513503859
 696                    -0.042300735012                     0.842100516360
 697                    -0.111577957707                     0.844316592598
 698                     0.026969840110                     0.844515469904
 699                    -0.466390618085                     0.845203049195
 700                     0.305302113979                     0.849380529165
 701                    -0.206084479825                     0.853859920018
 702                    -0.275362241639                     0.856059078132
 703                     0.429302009432                     0.864631822051
 704                    -0.404541087363                     0.876490109266
 705                     0.361579707431                     0.895069001910
 706                     0.132485711609                     0.896401300498
 707                    -0.153759136802                     0.899316526312
 708                     0.229107424582                     0.902185291709
 709                    -0.075006387579                     0.903211766293
 710                    -0.340605991118                     0.903258524355
 711                     0.063546942308                     0.903590922576
 712                    -0.005735812457                     0.905626719837
 713                     0.296422228962                     0.918706843984
 714                    -0.274914939458                     0.925370292947
 715                    -0.207806595124                     0.942711420334
 716                     0.177831633930                     0.948822592996
 717                    -0.117199045937                     0.958202894296
 718                     0.104242722321                     0.959698837057
 719                    -0.042462511136                     0.964409320856
 720                     0.030930677846                     0.964789067659
