   1                    -0.026971615035                    -0.966663922393
   2                     0.040245536795                    -0.966202309893
   3                    -0.092764768069                    -0.962580544515
   4                     0.146116064722                    -0.955937603876
   5                    -0.209930698783                    -0.943978658966
   6                     0.211035663046                    -0.943723960970
   7                     0.280355585494                    -0.925509239584
   8                    -0.146838659242                    -0.924878724208
   9                     0.089422232428                    -0.922303954939
  10                    -0.316594327782                    -0.913747579198
  11                     0.006247527384                    -0.909726223651
  12                    -0.059545625650                    -0.905642845773
  13                     0.346529543452                    -0.902819961226
  14                    -0.253534730584                    -0.894540805334
  15                     0.166881775252                    -0.893374050370
  16                    -0.378109563403                    -0.890056045952
  17                     0.231647198832                    -0.881091832751
  18                     0.407230764756                    -0.877114423043
  19                    -0.190442535478                    -0.875440733368
  20                     0.055424223017                    -0.865827868697
  21                    -0.119971510200                    -0.863631568659
  22                     0.295320332257                    -0.861310568917
  23                    -0.301698083274                    -0.849532979140
  24                     0.118927565368                    -0.848143455466
  25                    -0.474592695652                    -0.842572477658
  26                    -0.055792473075                    -0.839830029341
  27                     0.356021553561                    -0.835605030734
  28                    -0.409510787835                    -0.832095921166
  29                    -0.238529717451                    -0.830351534097
  30                     0.181570632512                    -0.827618858035
  31                     0.501584921298                    -0.826788469683
  32                     0.007310669867                    -0.820766810517
  33                     0.436262820318                    -0.817932054800
  34                     0.246611945594                    -0.816893162084
  35                    -0.166971655855                    -0.813840970618
  36                    -0.530891908854                    -0.808282368969
  37                    -0.349708882416                    -0.804362456375
  38                     0.070391467547                    -0.801629780313
  39                    -0.103879672863                    -0.794740849069
  40                     0.306924317736                    -0.790288073704
  41                     0.557530600390                    -0.790143174686
  42                    -0.286616899424                    -0.785262334826
  43                     0.133483450539                    -0.782529658763
  44                    -0.465460292822                    -0.777288389401
  45                    -0.040787697418                    -0.775640702591
  46                     0.370016300727                    -0.771187952154
  47                    -0.584724241219                    -0.770236436819
  48                    -0.215058837829                    -0.768751771347
  49                     0.196575433531                    -0.763429537214
  50                    -0.400991550084                    -0.762936005516
  51                     0.498430384699                    -0.760944245487
  52                     0.022304285574                    -0.756540581042
  53                     0.433108283719                    -0.752087830604
  54                     0.610065275028                    -0.750324574487
  55                    -0.151966854837                    -0.749651649798
  56                     0.259667416523                    -0.744329415664
  57                    -0.521759506024                    -0.742998280712
  58                    -0.334704081397                    -0.740173135554
  59                     0.085396268566                    -0.737440459492
  60                    -0.088874879391                    -0.730551503320
  61                    -0.637770184507                    -0.726844543958
  62                     0.322759399515                    -0.725229294114
  63                    -0.263146019802                    -0.723662572076
  64                     0.550965059337                    -0.721125645289
  65                     0.148488251558                    -0.718340337942
  66                    -0.450312514507                    -0.713132658767
  67                    -0.025782896399                    -0.711451381770
  68                     0.385851382506                    -0.706129172564
  69                    -0.575591838390                    -0.704952348562
  70                    -0.200054036810                    -0.704562450526
  71                     0.211580234549                    -0.699240216393
  72                    -0.385981402527                    -0.698747910162
  73                     0.037309086592                    -0.692351260221
  74                     0.634309350458                    -0.689025000528
  75                     0.449282924082                    -0.688162306498
  76                    -0.136962061365                    -0.685462304049
  77                     0.274672217541                    -0.680140094843
  78                    -0.687654739483                    -0.679924676813
  79                    -0.506611727709                    -0.678842550078
  80                    -0.311233201775                    -0.678573372805
  81                     0.100401069584                    -0.673251138671
  82                     0.697401100396                    -0.669924109165
  83                     0.512035348490                    -0.667928929465
  84                    -0.073870078373                    -0.666362182499
  85                     0.337764200533                    -0.661039973293
  86                    -0.624562756491                    -0.660824555264
  87                    -0.248141218783                    -0.659473251255
  88                     0.163493052576                    -0.654151017121
  89                     0.577535810494                    -0.650574152407
  90                    -0.430504351123                    -0.650135977374
  91                    -0.010778095381                    -0.647262060950
  92                     0.400856183525                    -0.641939851743
  93                    -0.560444060074                    -0.640796617928
  94                    -0.185049243338                    -0.640373104778
  95                     0.226585035568                    -0.635050895572
  96                    -0.360525581437                    -0.634736052514
  97                    -0.732378247318                    -0.631497196929
  98                     0.052313887611                    -0.628161939400
  99                     0.643224833506                    -0.623710935250
 100                     0.463948166517                    -0.622839730194
 101                    -0.121957260346                    -0.621272983228
 102                     0.289677018560                    -0.615950774022
 103                    -0.486866531021                    -0.615949464856
 104                    -0.296228400757                    -0.614384051984
 105                    -0.669286264326                    -0.612397075379
 106                     0.115405870603                    -0.609061817850
 107                     0.706317429957                    -0.604610159444
 108                     0.527040149509                    -0.603739608644
 109                    -0.058865277354                    -0.602172861678
 110                     0.352769001552                    -0.596850652472
 111                    -0.233136425311                    -0.595283905507
 112                    -0.606184692883                    -0.593328655350
 113                     0.178497853594                    -0.589961696300
 114                    -0.407407565722                    -0.588394974263
 115                     0.769474540132                    -0.585726505258
 116                     0.590132132500                    -0.584639487095
 117                     0.004226705638                    -0.583072740129
 118                    -0.540698863386                    -0.577903532705
 119                     0.415860984543                    -0.577750530922
 120                    -0.170044442319                    -0.576183783957
 121                    -0.762345400885                    -0.572782780742
 122                     0.241589836586                    -0.570861574751
 123                    -0.344315582730                    -0.569294852713
 124                     0.067318688629                    -0.563972618579
 125                     0.658229634525                    -0.559521614429
 126                     0.478952967535                    -0.558650409373
 127                    -0.106952459328                    -0.557083662407
 128                    -0.463769745620                    -0.554208461744
 129                    -0.699253417893                    -0.553682659192
 130                     0.304681819578                    -0.551761453201
 131                    -0.281223607285                    -0.550194706235
 132                     0.130410671621                    -0.544872497029
 133                     0.721542260804                    -0.540472670510
 134                     0.542044950527                    -0.539550287823
 135                    -0.043860476336                    -0.537983540857
 136                    -0.636112261408                    -0.534594052234
 137                     0.367773802570                    -0.532661331651
 138                     0.807590523567                    -0.531943749957
 139                    -0.218131624293                    -0.531094584686
 140                    -0.810398024183                    -0.527656753272
 141                     0.193502654613                    -0.525772375479
 142                    -0.392402764703                    -0.524205653442
 143                     0.605136933519                    -0.520450166274
 144                     0.019231506656                    -0.518883419308
 145                    -0.566673760716                    -0.517317084800
 146                     0.430865785562                    -0.513561210102
 147                    -0.155039641301                    -0.511994463136
 148                    -0.747306041191                    -0.508556631723
 149                     0.256594637605                    -0.506672253930
 150                    -0.329310789258                    -0.505105506964
 151                    -0.502786212647                    -0.501075343430
 152                     0.082323489648                    -0.499783297758
 153                     0.673234435543                    -0.495332293609
 154                     0.493957768554                    -0.494461088552
 155                    -0.091947658309                    -0.492894341586
 156                    -0.684199443382                    -0.489504852962
 157                     0.319686620597                    -0.487572132380
 158                    -0.266218806266                    -0.486005385414
 159                     0.145415472640                    -0.480683176208
 160                    -0.440592706842                    -0.479226297758
 161                     0.736326418535                    -0.476232172059
 162                     0.557049751546                    -0.475360967002
 163                    -0.028855675317                    -0.473794220036
 164                    -0.614760968863                    -0.472227913443
 165                     0.382778603589                    -0.468472010830
 166                    -0.203126823274                    -0.466905263865
 167                     0.801494611352                    -0.466306467751
 168                    -0.795769042949                    -0.463380740102
 169                     0.208507455632                    -0.461583054658
 170                    -0.377397988983                    -0.460016326625
 171                     0.620141734538                    -0.456260845453
 172                     0.034236307675                    -0.454694098487
 173                    -0.551668996958                    -0.453127755270
 174                     0.445870586580                    -0.449371889281
 175                    -0.140034840282                    -0.447805142315
 176                    -0.858890861147                    -0.444379449921
 177                    -0.732677059957                    -0.444280618552
 178                     0.271599438623                    -0.442482933109
 179                    -0.314305988239                    -0.440916186143
 180                     0.861568094654                    -0.439166284166
 181                     0.097328290666                    -0.435593976937
 182                    -0.488577013966                    -0.434027633720
 183                     0.688239236562                    -0.431142972788
 184                     0.508962569572                    -0.430271767731
 185                    -0.076942857291                    -0.428705020765
 186                    -0.662848150836                    -0.427138714171
 187                     0.334691421615                    -0.423382811559
 188                    -0.251214005248                    -0.421816064594
 189                     0.160420273658                    -0.416493855387
 190                    -0.425485153204                    -0.414927108422
 191                     0.753208031972                    -0.412510715007
 192                     0.572054552564                    -0.411171646182
 193                    -0.013850874299                    -0.409604899215
 194                    -0.599756178931                    -0.408038555999
 195                     0.397783404607                    -0.404282690010
 196                    -0.188122022256                    -0.402715943044
 197                    -0.780764241931                    -0.399191419281
 198                     0.223512256650                    -0.397393733838
 199                    -0.362393170213                    -0.395826986872
 200                     0.635146535556                    -0.392071524632
 201                     0.815773400872                    -0.391750474751
 202                     0.049241108693                    -0.390504777666
 203                    -0.536664195940                    -0.388938434449
 204                     0.460875387599                    -0.385182568460
 205                    -0.887169563582                    -0.384833434525
 206                    -0.125030039264                    -0.383615821494
 207                    -0.710935332810                    -0.382049514900
 208                     0.889485420149                    -0.379449989084
 209                     0.286604239642                    -0.378293612288
 210                    -0.299301187221                    -0.376726865322
 211                     0.112333091685                    -0.371404656116
 212                    -0.473572335178                    -0.369837909150
 213                     0.703244037580                    -0.366953651967
 214                     0.523967370591                    -0.366082446910
 215                    -0.061938056272                    -0.364515699944
 216                    -0.647843360905                    -0.362949356727
 217                     0.349696222634                    -0.359193490738
 218                    -0.236209204229                    -0.357626743772
 219                    -0.828851423904                    -0.354102220009
 220                     0.175425074677                    -0.352304534566
 221                    -0.410480352186                    -0.350737787601
 222                     0.766354660557                    -0.347915211155
 223                     0.587059353583                    -0.346982325361
 224                     0.001153926720                    -0.345415578395
 225                    -0.584751377913                    -0.343849235178
 226                     0.412788205626                    -0.340093369189
 227                    -0.173117221237                    -0.338526622223
 228                    -0.759022514783                    -0.336960315629
 229                     0.238517057669                    -0.333204413017
 230                     0.843690726367                    -0.332034179669
 231                    -0.347388369194                    -0.331637666051
 232                     0.650151336575                    -0.327882203811
 233                     0.064245909712                    -0.326315456845
 234                    -0.521659517151                    -0.324748709879
 235                     0.475880188617                    -0.320993247639
 236                    -0.110025238245                    -0.319426500673
 237                    -0.892394656609                    -0.319115820233
 238                     0.913269598197                    -0.317970514171
 239                    -0.695930542878                    -0.317860157456
 240                     0.301609040660                    -0.314104291467
 241                    -0.284296386202                    -0.312537544501
 242                     0.127337892703                    -0.307215335295
 243                    -0.458567534159                    -0.305648588330
 244                     0.718248838599                    -0.302764331146
 245                     0.538972171609                    -0.301893126089
 246                    -0.046933255253                    -0.300326379123
 247                    -0.632838559886                    -0.298760035906
 248                     0.364701023652                    -0.295004169917
 249                    -0.221204403211                    -0.293437422952
 250                    -0.807109696756                    -0.291871116358
 251                     0.794403114655                    -0.288260394218
 252                     0.190429875695                    -0.288115213745
 253                    -0.395475551167                    -0.286548466780
 254                     0.602064154601                    -0.282793004540
 255                     0.016158727738                    -0.281226257574
 256                    -0.569746699124                    -0.279659510608
 257                     0.427793006644                    -0.275904048368
 258                    -0.158112420219                    -0.274337301402
 259                    -0.744017724851                    -0.272770958185
 260                     0.867474904416                    -0.270554704756
 261                     0.253521858687                    -0.269015092196
 262                    -0.332383568176                    -0.267448345230
 263                    -0.930053918979                    -0.264889249810
 264                     0.665156137593                    -0.263692882990
 265                     0.079250710730                    -0.262126136024
 266                    -0.506654716132                    -0.260559389058
 267                    -0.864377964168                    -0.259225159355
 268                     0.490884989636                    -0.256803926818
 269                    -0.095020437227                    -0.255237179852
 270                    -0.680925741860                    -0.253670836635
 271                     0.933152858173                    -0.253547193026
 272                     0.316613841679                    -0.249914970646
 273                    -0.269291585184                    -0.248348223680
 274                     0.746350368098                    -0.243134498001
 275                     0.142342693722                    -0.243026014474
 276                    -0.443562733141                    -0.241459267508
 277                     0.553976972628                    -0.237703805268
 278                    -0.031928454235                    -0.236137058302
 279                    -0.617833881098                    -0.234570311337
 280                     0.379705824671                    -0.230814849096
 281                    -0.206199602192                    -0.229248102131
 282                    -0.792104928530                    -0.227681782062
 283                     0.818364200077                    -0.226000297682
 284                     0.205434676714                    -0.223925892925
 285                    -0.380470750149                    -0.222359145959
 286                     0.617068955620                    -0.218603683719
 287                     0.031163528757                    -0.217036936753
 288                    -0.554741898106                    -0.215470189787
 289                     0.442797807662                    -0.211714727547
 290                    -0.143107619200                    -0.210147980581
 291                    -0.729012923833                    -0.208581637364
 292                     0.885493551798                    -0.207145389135
 293                    -0.902121187797                    -0.205180159298
 294                     0.268526659706                    -0.204825771375
 295                    -0.317378767157                    -0.203259024409
 296                     0.684211624748                    -0.200447814212
 297                     0.094255511749                    -0.197936815203
 298                    -0.491649915114                    -0.196370068237
 299                     0.505889790654                    -0.192614605997
 300                    -0.080015636208                    -0.191047859031
 301                    -0.665921063071                    -0.189481112065
 302                     0.948582689211                    -0.188035870522
 303                     0.331618642697                    -0.185725649825
 304                    -0.254286784165                    -0.184158902859
 305                    -0.840192088798                    -0.182592559642
 306                     0.157347494740                    -0.178836693653
 307                    -0.428557932122                    -0.177269946688
 308                     0.746054880904                    -0.177215413903
 309                     0.568981773646                    -0.173514484447
 310                    -0.016923653217                    -0.171947737481
 311                    -0.602829080079                    -0.170380990516
 312                     0.394710625689                    -0.166625528275
 313                    -0.191194801173                    -0.165058781309
 314                    -0.777100105806                    -0.163492438093
 315                    -0.953130937045                    -0.163425896728
 316                     0.833001684365                    -0.161331003764
 317                     0.220439477732                    -0.159736572104
 318                    -0.365465949130                    -0.158169825138
 319                     0.632073756638                    -0.154414362898
 320                     0.046168329775                    -0.152847615932
 321                    -0.539737097087                    -0.151280868966
 322                     0.457802608681                    -0.147525406726
 323                    -0.128102818182                    -0.145958659760
 324                    -0.714008245044                    -0.144391912794
 325                     0.896099976349                    -0.142084519794
 326                     0.283531460724                    -0.140636450554
 327                    -0.302373966138                    -0.139069703588
 328                    -0.891476675502                    -0.138440410951
 329                     0.695165739630                    -0.135314241348
 330                     0.109260312767                    -0.133747494382
 331                    -0.476645114095                    -0.132180747416
 332                     0.520894591673                    -0.128425285176
 333                    -0.065010835190                    -0.126858538210
 334                    -0.650916262052                    -0.125291791245
 335                     0.959189113761                    -0.122975001182
 336                     0.346623443716                    -0.121536329004
 337                    -0.239281983147                    -0.119969582038
 338                     0.777688153109                    -0.119381608472
 339                    -0.825187287779                    -0.118403238822
 340                     0.172352295759                    -0.114647372832
 341                    -0.413553131104                    -0.113080625867
 342                     0.583986574665                    -0.109325163627
 343                    -0.001918852198                    -0.107758416660
 344                    -0.587824279061                    -0.106191669695
 345                     0.409715426708                    -0.102436207455
 346                    -0.176190000155                    -0.100869460488
 347                    -0.762095427017                    -0.099302713523
 348                    -0.962050193242                    -0.098112346603
 349                     0.839183619577                    -0.095638808197
 350                     0.235444278751                    -0.095547251283
 351                    -0.350461148112                    -0.093980504317
 352                     0.647078557657                    -0.090225042077
 353                     0.061173130794                    -0.088658295111
 354                    -0.524732296069                    -0.087091548145
 355                     0.472807409700                    -0.083336085905
 356                    -0.113098017163                    -0.081769338939
 357                    -0.699003444025                    -0.080202591973
 358                     0.902249363216                    -0.076452225897
 359                     0.298536261743                    -0.076447129733
 360                    -0.287369165120                    -0.074880382767
 361                    -0.873274469752                    -0.073314039550
 362                     0.710170540649                    -0.071124920528
 363                     0.124265113786                    -0.069558173561
 364                    -0.461640313077                    -0.067991426595
 365                     0.535899392692                    -0.064235964355
 366                    -0.050006034171                    -0.062669217389
 367                    -0.635911461034                    -0.061102470423
 368                     0.361628244735                    -0.057347008183
 369                     0.965338500628                    -0.057342707284
 370                    -0.224277182128                    -0.055780261217
 371                    -0.810182608991                    -0.054213514252
 372                     0.773713067512                    -0.053581823855
 373                     0.187357096778                    -0.050458052011
 374                    -0.398548330085                    -0.048891305046
 375                     0.598991375683                    -0.045135842806
 376                     0.013085948821                    -0.043569095839
 377                    -0.572819478042                    -0.042002348874
 378                    -0.930342504432                    -0.040319306959
 379                     0.424720227726                    -0.038246886634
 380                    -0.161185199136                    -0.036680139668
 381                    -0.747090625999                    -0.035113392702
 382                     0.250449079769                    -0.031357930462
 383                    -0.335456347093                    -0.029791183496
 384                     0.840847394574                    -0.029740061518
 385                     0.662083358675                    -0.026035721256
 386                     0.076177931812                    -0.024468974290
 387                    -0.509727495050                    -0.022902227324
 388                     0.487812210718                    -0.019146765084
 389                    -0.098093216145                    -0.017580018118
 390                    -0.683998643007                    -0.016013271152
 391                     0.313541062761                    -0.012257808912
 392                    -0.272364364101                    -0.010691061946
 393                     0.903913138212                    -0.010553479219
 394                    -0.866461828154                    -0.007409311492
 395                     0.725175341667                    -0.006935599707
 396                     0.139269914804                    -0.005368852740
 397                    -0.446635512058                    -0.003802105774
 398                     0.550904193710                    -0.000046643535
 399                    -0.035001233153                     0.001520103432
 400                    -0.620906660015                     0.003086850398
 401                     0.376633045753                     0.006842312638
 402                    -0.209272381110                     0.008409059604
 403                     0.967002275625                     0.008556039394
 404                    -0.795177807972                     0.009975806569
 405                     0.788717868531                     0.010607496966
 406                     0.202361897796                     0.013731268809
 407                    -0.966931204241                     0.014513894730
 408                    -0.383543529067                     0.015298015776
 409                     0.613996176702                     0.019053478015
 410                     0.028090749839                     0.020620224982
 411                    -0.557814677023                     0.022186971947
 412                     0.439725028745                     0.025942434187
 413                    -0.146180398118                     0.027509181153
 414                    -0.732085824980                     0.029075928119
 415                     0.265453880788                     0.032831390359
 416                    -0.320451546075                     0.034398137325
 417                     0.856305238131                     0.035041485535
 418                     0.677088159694                     0.038153599565
 419                     0.091182732831                     0.039720346531
 420                    -0.494722694032                     0.041287093497
 421                    -0.908380567668                     0.044799797687
 422                     0.502817011737                     0.045042555737
 423                    -0.083088415126                     0.046609302703
 424                    -0.668993841988                     0.048176049669
 425                     0.328545863780                     0.051931511909
 426                    -0.257359563083                     0.053498258875
 427                     0.919394375544                     0.054151004148
 428                    -0.843264989943                     0.055065005844
 429                     0.740180142686                     0.057253721114
 430                     0.154274715823                     0.058820468081
 431                    -0.431630711040                     0.060387215047
 432                     0.565908994729                     0.064142677286
 433                    -0.019996432134                     0.065709424253
 434                    -0.605901858997                     0.067276171219
 435                     0.391637846772                     0.071031633458
 436                    -0.194267580091                     0.072598380425
 437                    -0.780173006951                     0.074165127394
 438                     0.803722669549                     0.074796817787
 439                     0.217366698815                     0.077920589630
 440                    -0.368538728048                     0.079487336597
 441                    -0.963667019421                     0.080699953865
 442                     0.629000977720                     0.083242798836
 443                     0.043095550858                     0.084809545802
 444                    -0.542809876005                     0.086376292768
 445                     0.454729829763                     0.090131755008
 446                    -0.131175597099                     0.091698501974
 447                    -0.717081023959                     0.093265248943
 448                     0.280458681807                     0.097020711180
 449                    -0.305446745056                     0.098587458146
 450                     0.871358019872                     0.099294348008
 451                     0.692092960712                     0.102342920385
 452                     0.106187533850                     0.103909667352
 453                     0.961320722245                     0.105019407045
 454                    -0.479717893013                     0.105476414318
 455                     0.517821812755                     0.109231876558
 456                    -0.904933346294                     0.110629347479
 457                    -0.068083614108                     0.110798623524
 458                    -0.653989040968                     0.112365370492
 459                     0.343550664798                     0.116120832730
 460                    -0.242354762064                     0.117687579696
 461                    -0.831836756249                     0.120196913658
 462                     0.755184943704                     0.121443041935
 463                     0.169279516841                     0.123009788902
 464                    -0.416625910021                     0.124576535868
 465                     0.580913795747                     0.128331998107
 466                    -0.004991631116                     0.129898745074
 467                    -0.590897057976                     0.131465492042
 468                     0.406642647790                     0.135220954279
 469                    -0.179262779073                     0.136787701246
 470                    -0.765168205934                     0.138354448215
 471                     0.818727470568                     0.138986138607
 472                     0.232371499833                     0.142109910451
 473                    -0.353533927029                     0.143676657418
 474                     0.644005778739                     0.147432119657
 475                     0.058100351876                     0.148998866623
 476                    -0.527805074984                     0.150565613592
 477                    -0.954727212873                     0.153826382241
 478                     0.469734630782                     0.154321075829
 479                    -0.116170796081                     0.155887822795
 480                    -0.702076222942                     0.157454569764
 481                     0.295463482825                     0.161210032001
 482                    -0.290441944038                     0.162776778967
 483                     0.886362820890                     0.163483668828
 484                     0.707097761731                     0.166532241206
 485                     0.121192334868                     0.168098988173
 486                    -0.464713091993                     0.169665735141
 487                     0.951932604232                     0.170267213148
 488                    -0.877945644539                     0.170771486741
 489                     0.532826613774                     0.173421197379
 490                    -0.053078813089                     0.174987944345
 491                    -0.638984239950                     0.176554691314
 492                     0.358555465817                     0.180310153551
 493                    -0.227349961046                     0.181876900517
 494                    -0.813255387907                     0.183443647486
 495                     0.770189744723                     0.185632362756
 496                     0.184284317860                     0.187199109723
 497                    -0.401621109001                     0.188765856691
 498                     0.595918596766                     0.192521318928
 499                     0.010013169903                     0.194088065895
 500                    -0.575892256958                     0.195654812863
 501                     0.421647448809                     0.199410275100
 502                    -0.164257978054                     0.200977022067
 503                    -0.750163404915                     0.202543769036
 504                     0.833732271586                     0.203175459428
 505                     0.247376300852                     0.206299231272
 506                    -0.338529126009                     0.207865978240
 507                     0.659010579758                     0.211621440478
 508                     0.073105152895                     0.213188187444
 509                    -0.512800273966                     0.214754934413
 510                     0.484739431801                     0.218510396650
 511                    -0.942029345841                     0.218511597970
 512                    -0.101165995062                     0.220077143616
 513                    -0.687071421923                     0.221643890585
 514                     0.310468283844                     0.225399352822
 515                    -0.275437143018                     0.226966099790
 516                     0.920299583106                     0.228101155911
 517                     0.722102562749                     0.230721562027
 518                     0.136197135887                     0.232288308994
 519                    -0.449708290974                     0.233855055962
 520                    -0.878664872543                     0.236687309365
 521                     0.547831414792                     0.237610518199
 522                    -0.038074012070                     0.239177265166
 523                    -0.623979438931                     0.240744012134
 524                     0.373560266835                     0.244499474372
 525                    -0.212345160026                     0.246066221339
 526                    -0.811922508457                     0.249470781233
 527                     0.786260529865                     0.249575132939
 528                     0.199289118878                     0.251388430544
 529                    -0.386616307983                     0.252955177512
 530                     0.610923397784                     0.256710639749
 531                     0.025017970922                     0.258277386716
 532                    -0.560887455939                     0.259844133684
 533                     0.863698358732                     0.261890419892
 534                     0.436652249827                     0.263599595921
 535                    -0.149253177034                     0.265166342889
 536                    -0.738547889678                     0.267432078975
 537                     0.262381101870                     0.270488552093
 538                    -0.323524324991                     0.272055299061
 539                     0.674015380776                     0.275810761299
 540                     0.088109953913                     0.277377508265
 541                    -0.497795472948                     0.278944255234
 542                     0.499744232819                     0.282699717471
 543                    -0.086161194042                     0.284266464438
 544                    -0.923532171310                     0.284981624003
 545                    -0.672066620904                     0.285833211406
 546                     0.325473084862                     0.289588673643
 547                    -0.260432341999                     0.291155420611
 548                     0.921261331901                     0.294013886095
 549                     0.737107363768                     0.294910882848
 550                     0.151201936905                     0.296477629815
 551                    -0.434703489956                     0.298044376783
 552                    -0.857987288499                     0.299280044400
 553                     0.562836215811                     0.301799839020
 554                    -0.023069211051                     0.303366585988
 555                    -0.608974637913                     0.304933332955
 556                     0.388565067854                     0.308688795192
 557                    -0.197340359007                     0.310255542161
 558                    -0.788080861768                     0.310928028637
 559                     0.800199346760                     0.314011004397
 560                     0.214293919897                     0.315577751364
 561                    -0.371611506964                     0.317144498333
 562                     0.625928198803                     0.320899960570
 563                     0.040022771941                     0.322466707537
 564                    -0.545882654921                     0.324033454505
 565                     0.451657050846                     0.327788916742
 566                     0.864660107527                     0.327803150076
 567                    -0.134248376015                     0.329355663710
 568                    -0.720292787455                     0.330773725654
 569                     0.277385902889                     0.334677872914
 570                    -0.308519523972                     0.336244619883
 571                     0.689020181795                     0.340000082120
 572                     0.103114754932                     0.341566829087
 573                    -0.482790671929                     0.343133576055
 574                     0.514749033838                     0.346889038292
 575                    -0.902179928901                     0.348192450754
 576                    -0.071156393023                     0.348455785260
 577                    -0.657061819886                     0.350022532227
 578                     0.340477885881                     0.353777994464
 579                    -0.245427540980                     0.355344741432
 580                     0.752112164787                     0.359100203669
 581                    -0.832169948605                     0.359933798792
 582                     0.166206737924                     0.360666950636
 583                    -0.419698688937                     0.362233697604
 584                     0.577841016829                     0.365989159841
 585                    -0.008064410032                     0.367555906810
 586                    -0.593969836894                     0.369122653776
 587                     0.403569868872                     0.372878116013
 588                    -0.182335557988                     0.374444862982
 589                    -0.768240774976                     0.376010916700
 590                     0.819170709099                     0.378202518535
 591                     0.229298720916                     0.379767072186
 592                    -0.356606705945                     0.381333819154
 593                     0.640932999821                     0.385089281391
 594                     0.055027572960                     0.386656028359
 595                    -0.530877853902                     0.388222775326
 596                     0.884635446376                     0.390623519375
 597                     0.466661851864                     0.391978237563
 598                    -0.119243574997                     0.393544984531
 599                    -0.705149001859                     0.395111731498
 600                     0.292390703908                     0.398867193735
 601                    -0.293514722954                     0.400433940703
 602                     0.704024982813                     0.404189402940
 603                     0.118119555952                     0.405756149909
 604                    -0.467785870911                     0.407322896875
 605                    -0.876362589007                     0.408846205146
 606                     0.529753834856                     0.411078359113
 607                    -0.056151592005                     0.412645106081
 608                    -0.642057018867                     0.414211853048
 609                     0.355482686899                     0.417967315285
 610                    -0.230422739962                     0.419534062253
 611                     0.767116965805                     0.423289524490
 612                     0.181211538944                     0.424856271459
 613                    -0.812433415379                     0.424923323053
 614                    -0.404693887919                     0.426423018425
 615                     0.592845817848                     0.430178480662
 616                     0.006940390987                     0.431745227631
 617                    -0.578965035876                     0.433311974597
 618                     0.418574669891                     0.437067436834
 619                    -0.167330756970                     0.438634183803
 620                     0.244303521936                     0.443956393008
 621                    -0.341601904927                     0.445523139975
 622                     0.655937800840                     0.449278602212
 623                     0.855968171011                     0.449983440907
 624                     0.070032373979                     0.450845349180
 625                    -0.515873052884                     0.452412096147
 626                     0.481666652883                     0.456167558384
 627                    -0.104238773978                     0.457734305352
 628                    -0.756063632308                     0.459097297326
 629                    -0.690144200841                     0.459301052319
 630                     0.307395504928                     0.463056514558
 631                    -0.278509921935                     0.464623261524
 632                     0.719079993882                     0.468432332105
 633                     0.133124356971                     0.469945470730
 634                    -0.452781069892                     0.471512217696
 635                     0.544758635874                     0.475267679934
 636                    -0.041146790986                     0.476834426902
 637                    -0.627052217849                     0.478401173868
 638                     0.798066405373                     0.481492146007
 639                     0.370487487919                     0.482156636108
 640                    -0.215417938943                     0.483723383074
 641                    -0.835693891135                     0.486602843387
 642                     0.196216339963                     0.489045592280
 643                    -0.389689086900                     0.490612339246
 644                     0.607850618866                     0.494367801483
 645                     0.021945192006                     0.495934548452
 646                    -0.563960235172                     0.497501296458
 647                     0.433579470911                     0.501256757657
 648                    -0.152325955951                     0.502823504624
 649                     0.259308322954                     0.508145713829
 650                    -0.326597103908                     0.509712460796
 651                     0.670942601857                     0.513467923033
 652                     0.085037174997                     0.515034670001
 653                    -0.500868251865                     0.516601416968
 654                     0.496671453903                     0.520356879207
 655                    -0.089233972959                     0.521923626173
 656                    -0.737780930384                     0.522430983240
 657                    -0.671994765805                     0.526625445188
 658                     0.322400305946                     0.527245835379
 659                    -0.263505120916                     0.528812582345
 660                     0.148129157989                     0.534134791551
 661                    -0.437776268873                     0.535701538517
 662                     0.731851526082                     0.538677363939
 663                     0.559763436895                     0.539457000757
 664                    -0.026141989968                     0.541023747723
 665                    -0.800601549572                     0.542405536196
 666                     0.385492288938                     0.546345956929
 667                     0.797190813874                     0.547406077012
 668                    -0.200413137925                     0.547912703895
 669                     0.211221140981                     0.553234913101
 670                    -0.374684285882                     0.554801660067
 671                     0.622855419886                     0.558557122307
 672                    -0.614837616493                     0.559465561564
 673                     0.036949993024                     0.560123869273
 674                    -0.548955433095                     0.561690617032
 675                     0.448584271930                     0.565446078478
 676                    -0.137321154933                     0.567012825445
 677                     0.274313123973                     0.572335034650
 678                    -0.311592302890                     0.573901781617
 679                     0.100041976016                     0.579223990822
 680                    -0.485865732628                     0.580798276647
 681                     0.683764344112                     0.583766563213
 682                    -0.074229171941                     0.586112946994
 683                    -0.696332415849                     0.587887927601
 684                     0.337405106965                     0.591435156200
 685                    -0.248500319898                     0.593001903166
 686                     0.523341528729                     0.594401132078
 687                    -0.761789074800                     0.595687848112
 688                     0.163133959008                     0.598324112372
 689                    -0.422771467855                     0.599890859338
 690                     0.757842200660                     0.600577780755
 691                    -0.011137188949                     0.605213068544
 692                     0.400497089956                     0.610535277750
 693                    -0.185408336906                     0.612102024716
 694                     0.588816304200                     0.615045040151
 695                     0.226225942000                     0.617424233922
 696                    -0.583823479354                     0.617633733777
 697                    -0.359679484863                     0.618990980888
 698                     0.051954794043                     0.624313190094
 699                     0.467061793573                     0.628723200371
 700                    -0.122316353914                     0.631202146266
 701                    -0.650913764261                     0.635664062323
 702                     0.289317924992                     0.636524355471
 703                    -0.296587501871                     0.638091102438
 704                     0.650041511844                     0.640407392523
 705                     0.115046777034                     0.643413311643
 706                    -0.470853261875                     0.644985804119
 707                    -0.059224370922                     0.650302267815
 708                     0.715173043715                     0.650834471205
 709                    -0.714998436419                     0.651109701043
 710                     0.352409907983                     0.655624477021
 711                    -0.233495518879                     0.657191223987
 712                     0.538324179032                     0.658595626787
 713                    -0.534659050223                     0.661545826294
 714                     0.178138760026                     0.662513433193
 715                    -0.407958249412                     0.664724861043
 716                     0.003867612069                     0.669402389365
 717                     0.418974611600                     0.673812399642
 718                    -0.170403535888                     0.676291345537
 719                    -0.602827858069                     0.680754622163
 720                     0.241230743018                     0.681613554742
 721                     0.599614361615                     0.682863434270
 722                    -0.344674683845                     0.683180301709
 723                     0.066959595061                     0.688502510914
 724                     0.482528351478                     0.693698882887
 725                    -0.107311552896                     0.695391467086
 726                    -0.667663782413                     0.699477435312
 727                     0.304322726010                     0.700713676292
 728                    -0.281582700853                     0.702280423258
 729                     0.661595947426                     0.705306606535
 730                     0.130051578053                     0.707602632464
 731                    -0.456500279212                     0.709324012424
 732                    -0.044219569904                     0.714491588636
 733                     0.367414709002                     0.719813797842
 734                    -0.218490717861                     0.721380544808
 735                     0.547952732549                     0.723808385648
 736                    -0.553571033613                     0.724694459259
 737                     0.193143559239                     0.726702759980
 738                    -0.393605257639                     0.729063065776
 739                     0.018872413088                     0.733591710186
 740                     0.430569755434                     0.738704352922
 741                    -0.155398734869                     0.740480666358
 742                    -0.616185260984                     0.745306870369
 743                     0.256235544037                     0.745802875563
 744                    -0.329669882826                     0.747369622530
 745                     0.612008484347                     0.748740423619
 746                     0.081958927172                     0.752709887448
 747                    -0.092306751877                     0.759580787907
 748                     0.492921294397                     0.760098243404
 749                    -0.498163792450                     0.760407910335
 750                     0.319327527028                     0.764902997113
 751                    -0.266577899834                     0.766469744079
 752                     0.145056373002                     0.771791954704
 753                    -0.029524723897                     0.779676307901
 754                     0.559577218270                     0.788695089161
 755                    -0.556988263554                     0.790525572728
 756                    -0.377305340243                     0.792935795924
 757                    -0.443118823294                     0.796677240789
 758                     0.376543642425                     0.797640270976
 759                     0.033858842947                     0.797785322649
 760                     0.204502501525                     0.800280035801
 761                     0.442194241154                     0.803591056435
 762                    -0.167013292380                     0.805369147731
 763                     0.269649581969                     0.810343378718
 764                    -0.314213357251                     0.812035917473
 765                    -0.230837152691                     0.821859381691
 766                    -0.103921309388                     0.824469269280
 767                     0.504545780118                     0.824984946917
 768                    -0.501838135242                     0.826634800193
 769                     0.150108157923                     0.837518031788
 770                     0.084246637473                     0.840288065194
 771                     0.327587873189                     0.841784869961
 772                    -0.041139281409                     0.844564789274
 773                    -0.371785031104                     0.858623992337
 774                    -0.437598514156                     0.862365437203
 775                     0.022244285436                     0.862673804022
 776                    -0.278472610108                     0.867425555085
 777                     0.426899078091                     0.867711809300
 778                    -0.149031643247                     0.872536625565
 779                     0.255068295533                     0.874630228437
 780                    -0.213663614580                     0.885502783154
 781                     0.190816713247                     0.889366141537
 782                     0.366792731616                     0.894779134148
 783                     0.118630968824                     0.896595861163
 784                    -0.090863178634                     0.903550214289
 785                    -0.025130364796                     0.908511075717
 786                    -0.329482333168                     0.909179849647
 787                     0.304982019439                     0.917688713395
 788                     0.052599102942                     0.921188742416
 789                    -0.261299071997                     0.931068956548
 790                     0.235938281758                     0.937751253325
 791                    -0.192049350872                     0.947778272437
 792                     0.170132507101                     0.951956688564
 793                    -0.127033959289                     0.958659991895
 794                     0.104883373175                     0.961335573515
 795                    -0.061314121734                     0.965048977013
 796                     0.005224452710                     0.967026014111
