   1                     0.033742526790                    -0.965275015838
   2                    -0.034528279170                    -0.965247228565
   3                    -0.102626575806                    -0.960396897253
   4                     0.148046831370                    -0.954450915467
   5                    -0.173580250912                    -0.949917611725
   6                     0.215098902911                    -0.941608664086
   7                    -0.240306068017                    -0.935466099734
   8                     0.087411338185                    -0.923078305043
   9                    -0.310342143271                    -0.914648658461
  10                     0.331985306170                    -0.907017183300
  11                     0.007550723918                    -0.902228261911
  12                    -0.060720082042                    -0.902200474637
  13                    -0.128818378678                    -0.897350143325
  14                     0.264813293698                    -0.894817820245
  15                    -0.374177176642                    -0.890441382010
  16                     0.185291536754                    -0.880188596996
  17                    -0.258981545853                    -0.869670966753
  18                    -0.190719842194                    -0.868555829073
  19                     0.431051748515                    -0.864342990032
  20                     0.119295940698                    -0.862710467239
  21                     0.052123121818                    -0.850515545254
  22                     0.364958693417                    -0.847237090861
  23                    -0.322816579224                    -0.845463690302
  24                    -0.018287695353                    -0.839035858821
  25                    -0.086558501313                    -0.839008071548
  26                    -0.478567504073                    -0.838968150981
  27                     0.297786680945                    -0.835037727806
  28                    -0.410586034507                    -0.832689336267
  29                     0.491031673045                    -0.831734519171
  30                     0.229834407799                    -0.828450445139
  31                    -0.149990971182                    -0.813764745997
  32                     0.163838811744                    -0.810972315382
  33                    -0.217782024515                    -0.805674931970
  34                    -0.536636264943                    -0.803066580965
  35                     0.412819364202                    -0.798551775718
  36                     0.096270643494                    -0.798439638652
  37                    -0.284052353130                    -0.789265483089
  38                     0.028740358755                    -0.786372874099
  39                     0.341937645497                    -0.782964740109
  40                    -0.351545280619                    -0.778718226442
  41                    -0.038378929075                    -0.773788283801
  42                     0.274765633024                    -0.770765377054
  43                     0.584990764981                    -0.768557232222
  44                     0.516719995981                    -0.768480951815
  45                    -0.418396378089                    -0.764866757050
  46                    -0.105598300261                    -0.761815643525
  47                     0.207593620552                    -0.758566013998
  48                    -0.486237822436                    -0.754539302239
  49                    -0.172729376127                    -0.749391858388
  50                     0.140421608072                    -0.746366650977
  51                     0.453186298632                    -0.743493494567
  52                    -0.556167284694                    -0.737649129272
  53                    -0.239901388606                    -0.737192495369
  54                    -0.624433647513                    -0.736869753870
  55                     0.073243174399                    -0.734169588196
  56                     0.386088610049                    -0.730891752412
  57                     0.637819881350                    -0.725313872244
  58                    -0.307073401085                    -0.724993132349
  59                     0.006071134522                    -0.721970376039
  60                     0.318916597576                    -0.718692389357
  61                    -0.374245413564                    -0.712793769329
  62                    -0.061406399123                    -0.709518233687
  63                     0.251744585104                    -0.706493026302
  64                     0.569502124456                    -0.702066588270
  65                    -0.441637647343                    -0.700673711305
  66                    -0.128578411602                    -0.697318870668
  67                     0.184572572598                    -0.694293663258
  68                     0.499412110258                    -0.693217172135
  69                    -0.508809659822                    -0.688474348285
  70                    -0.195750424081                    -0.685119507648
  71                     0.117394138977                    -0.682096600521
  72                     0.430550883179                    -0.679084320642
  73                     0.687462337995                    -0.678446717254
  74                    -0.651181789336                    -0.674057011313
  75                    -0.579188332648                    -0.673376778532
  76                    -0.262922436561                    -0.672920144629
  77                     0.050221982094                    -0.669897289160
  78                     0.363067562129                    -0.666619401660
  79                    -0.330094449040                    -0.660720781609
  80                    -0.016956334573                    -0.657700325583
  81                     0.295895549656                    -0.654420038605
  82                     0.613682707137                    -0.650018727291
  83                    -0.714880248426                    -0.649492605597
  84                    -0.397486682819                    -0.648600723585
  85                    -0.084427447078                    -0.645245882948
  86                     0.228723537150                    -0.642220675562
  87                     0.541788064545                    -0.639674003760
  88                    -0.464658695298                    -0.636401360565
  89                    -0.151599459557                    -0.633046519928
  90                     0.161545103503                    -0.630023612802
  91                     0.474701847731                    -0.627011332945
  92                    -0.531830707777                    -0.624201997545
  93                     0.737995230242                    -0.623098470928
  94                    -0.218771472036                    -0.620847156909
  95                     0.094372946672                    -0.617824301484
  96                    -0.615733134995                    -0.615710660751
  97                     0.407529835258                    -0.614811969889
  98                     0.670584607494                    -0.612295028450
  99                    -0.285943484515                    -0.608647793889
 100                     0.027194513000                    -0.605627238703
 101                     0.340046514208                    -0.602347050908
 102                    -0.758974227547                    -0.597371355384
 103                    -0.353335718294                    -0.596527735864
 104                    -0.039977499479                    -0.593427875682
 105                    -0.679431594085                    -0.591146255035
 106                     0.272874501703                    -0.590147687865
 107                     0.586383163216                    -0.587443663405
 108                    -0.420507730773                    -0.584328372845
 109                    -0.107448495033                    -0.580973532208
 110                     0.205696068056                    -0.577950625105
 111                     0.519211150744                    -0.575244300348
 112                    -0.487679743252                    -0.572129009825
 113                    -0.174620507512                    -0.568774169188
 114                     0.780938730078                    -0.568356502715
 115                     0.138523911199                    -0.565751313766
 116                     0.451680799811                    -0.562738982193
 117                    -0.554851755731                    -0.559929646805
 118                     0.713306167484                    -0.559043061062
 119                    -0.241792519991                    -0.556574806169
 120                     0.071345477577                    -0.553554251028
 121                     0.384508787338                    -0.550539619137
 122                     0.643285063574                    -0.549719964564
 123                    -0.622023768210                    -0.547730283786
 124                    -0.309184753770                    -0.544454748144
 125                    -0.799276238634                    -0.542265533360
 126                     0.004173465047                    -0.541354887963
 127                    -0.723525573206                    -0.539025004822
 128                     0.317025466255                    -0.538074700168
 129                    -0.376356766249                    -0.532255385124
 130                    -0.062998547433                    -0.529155524942
 131                     0.249847032608                    -0.525877637408
 132                     0.563362115297                    -0.523171312652
 133                    -0.443528778728                    -0.520056022105
 134                    -0.130469542987                    -0.516701181468
 135                     0.182674875751                    -0.513678326069
 136                     0.819136278142                    -0.511771601544
 137                     0.496190102824                    -0.510971949596
 138                    -0.510700791207                    -0.507856659085
 139                    -0.197641555466                    -0.504501818448
 140                     0.115496442104                    -0.501481263309
 141                     0.745442272144                    -0.498808731185
 142                     0.428659751890                    -0.498466631441
 143                    -0.577872803686                    -0.495657296066
 144                    -0.265033789245                    -0.492381760424
 145                     0.048324429624                    -0.489281900287
 146                     0.673525696947                    -0.488512058116
 147                     0.361487739384                    -0.486267268397
 148                    -0.645044816165                    -0.483457933046
 149                    -0.332205801724                    -0.480182397404
 150                    -0.018847582908                    -0.477082537223
 151                    -0.780381985719                    -0.476661334368
 152                     0.293997997160                    -0.473804649712
 153                    -0.712292809369                    -0.471684610294
 154                     0.607513079850                    -0.471098324956
 155                    -0.399377814203                    -0.467983034385
 156                    -0.086019595388                    -0.464883174202
 157                    -0.847375677593                    -0.463517934215
 158                     0.226825840303                    -0.461605338372
 159                     0.540341067377                    -0.458898961900
 160                    -0.466549826682                    -0.455783671365
 161                     0.853241278039                    -0.452629799909
 162                    -0.153490590942                    -0.452428830728
 163                     0.159647406657                    -0.449408275612
 164                     0.473169054903                    -0.446699598844
 165                    -0.533721839161                    -0.443584308345
 166                     0.785573177470                    -0.443578176631
 167                    -0.220882824721                    -0.440308772704
 168                     0.092475394151                    -0.437208912569
 169                     0.717676661498                    -0.436439070419
 170                     0.405638703937                    -0.434194280700
 171                    -0.600893851640                    -0.431384945326
 172                    -0.288054837200                    -0.428109409684
 173                     0.025303381669                    -0.425009549547
 174                     0.338460270290                    -0.421997217941
 175                    -0.668065864119                    -0.419185582306
 176                     0.651664044402                    -0.419025337259
 177                    -0.355226849679                    -0.415910046664
 178                    -0.041868630862                    -0.412810186483
 179                    -0.803477759102                    -0.411231449625
 180                     0.270976804855                    -0.409532350675
 181                    -0.735313857323                    -0.407412259554
 182                     0.584492031929                    -0.406825974203
 183                    -0.422398862158                    -0.403710683645
 184                    -0.878001519581                    -0.402501858291
 185                    -0.109040643343                    -0.400610823463
 186                     0.203798371209                    -0.397335287916
 187                     0.517320019457                    -0.394626611148
 188                    -0.489570874637                    -0.391511320625
 189                    -0.176731860196                    -0.388235784984
 190                     0.136626358703                    -0.385135924872
 191                     0.843086498854                    -0.385118436582
 192                     0.450148006950                    -0.382427248104
 193                    -0.556742887116                    -0.379311957605
 194                     0.762987021472                    -0.379151712536
 195                    -0.243903872675                    -0.376036421964
 196                     0.069454346196                    -0.372936561829
 197                     0.382611234842                    -0.369924230244
 198                    -0.623914899595                    -0.367112594586
 199                     0.695815008977                    -0.366952349582
 200                    -0.311075885154                    -0.363837058944
 201                     0.002282333714                    -0.360737198807
 202                     0.315439077985                    -0.357724918904
 203                     0.628642996481                    -0.354752986507
 204                    -0.692465742396                    -0.354262068908
 205                    -0.378247897633                    -0.351637695924
 206                    -0.834103601090                    -0.350215373702
 207                     0.900764869963                    -0.348592976629
 208                    -0.064889678817                    -0.348537835743
 209                    -0.765939699311                    -0.346396183631
 210                     0.247949335761                    -0.345262300219
 211                     0.561470984009                    -0.342553623451
 212                    -0.904240712357                    -0.339474812660
 213                    -0.445419910112                    -0.339438332905
 214                    -0.132281912597                    -0.336417777718
 215                     0.180777323255                    -0.333062937175
 216                     0.494298971503                    -0.330354260408
 217                    -0.512591922591                    -0.327238969885
 218                     0.807137985997                    -0.327078724816
 219                    -0.199752908150                    -0.323963434244
 220                     0.113605310748                    -0.320863574132
 221                     0.427120537855                    -0.318157197647
 222                    -0.579763935070                    -0.315039606865
 223                     0.739965973519                    -0.314879361795
 224                    -0.266924920630                    -0.311764071224
 225                     0.046433298242                    -0.308664211089
 226                     0.359590042537                    -0.305651931208
 227                    -0.647376198883                    -0.302999638373
 228                     0.672793961033                    -0.302679998809
 229                    -0.334096933109                    -0.299564708204
 230                    -0.020738714240                    -0.296464848067
 231                     0.292411608891                    -0.293454868448
 232                    -0.723091584384                    -0.293245992985
 233                     0.605621948561                    -0.290480635754
 234                    -0.401268945588                    -0.287365345184
 235                    -0.860342793866                    -0.287188328070
 236                    -0.088130948071                    -0.284344789998
 237                     0.923139103145                    -0.284092609125
 238                    -0.792173924666                    -0.281658132772
 239                     0.224928287807                    -0.280989949478
 240                     0.855098428164                    -0.278491692536
 241                     0.538449936055                    -0.278281272711
 242                    -0.468440958067                    -0.275165982165
 243                    -0.155302960552                    -0.272145426978
 244                    -0.926941766086                    -0.271275557087
 245                     0.157756275300                    -0.268790586435
 246                     0.471271502409                    -0.266084209951
 247                    -0.535612970546                    -0.262966619145
 248                     0.784116938044                    -0.262806374076
 249                    -0.222773956104                    -0.259691083504
 250                     0.090584262794                    -0.256591223392
 251                     0.404099345550                    -0.253884898611
 252                    -0.603225234358                    -0.250926650653
 253                     0.716944925565                    -0.250607011055
 254                    -0.289945968584                    -0.247491720484
 255                     0.023412250287                    -0.244391860349
 256                     0.336562573443                    -0.241381880751
 257                    -0.670397246837                    -0.238727287634
 258                     0.649772913086                    -0.238407648035
 259                    -0.357117981063                    -0.235292357464
 260                    -0.043979983495                    -0.232271802322
 261                     0.269390560937                    -0.229182517708
 262                    -0.737569259316                    -0.226527924614
 263                     0.582600900607                    -0.226208285014
 264                    -0.424289993542                    -0.223092994445
 265                    -0.111151996026                    -0.220072439258
 266                    -0.872771218053                    -0.220058319946
 267                     0.907414166983                    -0.217657452008
 268                     0.201907239853                    -0.216717598739
 269                    -0.804741271795                    -0.214328561594
 270                     0.832077380210                    -0.214219341796
 271                     0.515422466961                    -0.214011222255
 272                    -0.491462006021                    -0.210893631425
 273                    -0.178324008506                    -0.207873076238
 274                     0.134735227346                    -0.204518235696
 275                    -0.943890965660                    -0.204477653090
 276                     0.448250310103                    -0.201811910915
 277                    -0.559074269834                    -0.198853662933
 278                     0.761095890090                    -0.198534023336
 279                    -0.245795004059                    -0.195418732764
 280                     0.067563214839                    -0.192318872653
 281                     0.381071876456                    -0.189614848155
 282                    -0.626246282313                    -0.186654299913
 283                     0.693923877611                    -0.186334660315
 284                    -0.312967016539                    -0.183219369744
 285                     0.000170981033                    -0.180198814605
 286                     0.313541525489                    -0.177109530011
 287                    -0.693418294792                    -0.174454936894
 288                     0.626751865132                    -0.174135297295
 289                    -0.380139029018                    -0.171020006724
 290                    -0.067001031449                    -0.167999451582
 291                     0.951565131508                    -0.165584464288
 292                     0.246369512982                    -0.164910166968
 293                    -0.760590307271                    -0.162255573874
 294                     0.559573431513                    -0.161938234558
 295                     0.872340365888                    -0.159084999478
 296                    -0.447311041497                    -0.158820643705
 297                    -0.134173043980                    -0.155800088518
 298                    -0.895792266007                    -0.155785969206
 299                     0.178886191898                    -0.152445247999
 300                    -0.827762319750                    -0.150056210854
 301                     0.492401274655                    -0.149738923218
 302                    -0.514923305309                    -0.146780675213
 303                     0.805246854615                    -0.146461035616
 304                    -0.201345056460                    -0.143600725498
 305                     0.111714179392                    -0.140245884956
 306                     0.425222841009                    -0.137541860459
 307                    -0.582095317788                    -0.134581312193
 308                     0.738074842136                    -0.134261672595
 309                    -0.268816052013                    -0.131146382025
 310                     0.044321945585                    -0.128125826908
 311                    -0.957526921091                    -0.126635736270
 312                     0.358050828503                    -0.125342497415
 313                    -0.649267330267                    -0.122381949173
 314                     0.670902829658                    -0.122062309575
 315                    -0.335988064493                    -0.118947019004
 316                    -0.022850066922                    -0.115926463865
 317                     0.290520477534                    -0.112837179271
 318                    -0.716439342746                    -0.110182586154
 319                     0.603724396038                    -0.109865246838
 320                     0.916491330414                    -0.107012011758
 321                    -0.403160076972                    -0.106747655984
 322                    -0.090022079404                    -0.103727100842
 323                     0.223348465028                    -0.100637816228
 324                    -0.783611355225                    -0.097983223134
 325                     0.536552239208                    -0.097665935522
 326                    -0.470772340785                    -0.094707687492
 327                     0.849397819140                    -0.094388047896
 328                    -0.157194091935                    -0.091527737779
 329                     0.155865143944                    -0.088172897259
 330                    -0.856097554081                    -0.087812778458
 331                     0.469373805561                    -0.085468872762
 332                    -0.537944353264                    -0.082508324473
 333                     0.782225806662                    -0.082188684876
 334                    -0.224366104415                    -0.079328374758
 335                     0.088472910137                    -0.076052839211
 336                     0.402201793056                    -0.073269509718
 337                    -0.605116365743                    -0.070308961453
 338                     0.715053794183                    -0.069989321855
 339                    -0.291837099968                    -0.066874031285
 340                    -0.925109789426                    -0.066552183669
 341                     0.021300897630                    -0.063853476168
 342                     0.335029780548                    -0.061070146675
 343                    -0.672288378222                    -0.058109598433
 344                     0.964115818477                    -0.058095635612
 345                     0.647875360564                    -0.057792259118
 346                    -0.359009112448                    -0.054674668264
 347                    -0.045871114876                    -0.051654113125
 348                     0.267499429580                    -0.048564828531
 349                    -0.739460390701                    -0.045910235414
 350                     0.580703203733                    -0.045592947802
 351                    -0.426621376260                    -0.042634699772
 352                     0.896852066698                    -0.041473416708
 353                    -0.113043127358                    -0.039454750102
 354                     0.200327417073                    -0.036365465488
 355                    -0.806632403180                    -0.033710872394
 356                     0.513524770114                    -0.033395885065
 357                    -0.493793388739                    -0.030435336752
 358                     0.826376771187                    -0.030115697156
 359                    -0.180215139889                    -0.027255387039
 360                     0.132623874689                    -0.023979851514
 361                    -0.873804415658                    -0.021511509372
 362                     0.446352757608                    -0.021196522022
 363                    -0.560965401218                    -0.018235973733
 364                     0.759204758708                    -0.017916334135
 365                    -0.247387152370                    -0.015056024018
 366                     0.065451862182                    -0.011780488471
 367                    -0.965793394315                    -0.011727481100
 368                     0.379180745101                    -0.008997158979
 369                    -0.628137413697                    -0.006036610713
 370                     0.692026325089                    -0.005719271399
 371                    -0.314858147922                    -0.002601680545
 372                    -0.001720150324                     0.000418874572
 373                     0.312008732594                     0.003202204065
 374                    -0.695309426176                     0.006162752307
 375                     0.624854168258                     0.006480039918
 376                    -0.382470411736                     0.009438287948
 377                     0.965811217647                     0.010154121458
 378                    -0.068892162831                     0.012618237615
 379                     0.244478381626                     0.015707522209
 380                    -0.762481438655                     0.018362115326
 381                     0.557675734639                     0.018677102655
 382                    -0.449642424215                     0.021637650968
 383                     0.870522533037                     0.021961701293
 384                    -0.136064175313                     0.024817600638
 385                     0.177086147819                     0.027827580257
 386                    -0.829653451134                     0.030561478348
 387                     0.490503722160                     0.030876465675
 388                    -0.516814436694                     0.033837013988
 389                     0.803350520559                     0.034161064313
 390                    -0.203236187844                     0.037016963701
 391                     0.109602826735                     0.040292499226
 392                    -0.897382181467                     0.042558707406
 393                     0.423331709653                     0.043075828718
 394                    -0.583986449173                     0.046036377007
 395                     0.736177289614                     0.046353716321
 396                    -0.270408200324                     0.049216326722
 397                     0.042430814228                     0.052491862269
 398                     0.356159697146                     0.055275191761
 399                    -0.964209180958                     0.056524947330
 400                    -0.651158461652                     0.058235740027
 401                     0.669005132783                     0.058553027637
 402                    -0.338319447210                     0.061511275667
 403                     0.924135913782                     0.064228817632
 404                    -0.024741198278                     0.064691225312
 405                     0.288987684639                     0.067474554805
 406                    -0.718330474131                     0.070435103046
 407                     0.601826699164                     0.070750090374
 408                    -0.405491459686                     0.073710638704
 409                    -0.091913210785                     0.076890588355
 410                     0.221237112371                     0.079900567954
 411                    -0.785502486609                     0.082634466068
 412                     0.534654686685                     0.082949453395
 413                    -0.472663472167                     0.085910001709
 414                     0.848616014410                     0.086637765423
 415                    -0.159085223270                     0.089089951380
 416                     0.154065099864                     0.092099930997
 417                    -0.853231216943                     0.094631695126
 418                     0.467482674205                     0.095148816415
 419                    -0.539835484646                     0.098109364728
 420                     0.780329328253                     0.098433363349
 421                    -0.226257235798                     0.101289314441
 422                     0.086581778780                     0.104564849966
 423                     0.400310661699                     0.107348179458
 424                    -0.607007497125                     0.110308727748
 425                     0.713156097308                     0.110626015357
 426                    -0.293869499613                     0.113329282934
 427                    -0.926370613852                     0.113350527467
 428                     0.019409766274                     0.116764213009
 429                     0.333138649192                     0.119547542501
 430                    -0.674179509604                     0.122508090768
 431                     0.645977663689                     0.122823078094
 432                     0.957930122179                     0.123548756923
 433                    -0.361340495133                     0.125783626418
 434                    -0.047762246233                     0.128963576052
 435                     0.265746415385                     0.131667600550
 436                    -0.741351522083                     0.134707453787
 437                     0.578805651210                     0.135022441114
 438                    -0.428512507609                     0.137982989455
 439                    -0.114934258740                     0.141162939095
 440                     0.892224041640                     0.142085603978
 441                     0.198216064417                     0.144172918694
 442                    -0.808523534562                     0.146906816809
 443                     0.511633638730                     0.147221804135
 444                    -0.495684520091                     0.150182352460
 445                     0.824475090104                     0.150510761798
 446                    -0.182106271224                     0.153362302120
 447                     0.131044051910                     0.156372281737
 448                    -0.875696601691                     0.159100371293
 449                     0.444461626251                     0.159421167155
 450                    -0.562856532570                     0.162381715479
 451                     0.757301859159                     0.162703413806
 452                    -0.249718535087                     0.165402270653
 453                     0.063560730826                     0.168837200706
 454                     0.377289613744                     0.171620530198
 455                    -0.630028545049                     0.174581078499
 456                     0.690128628214                     0.174896065814
 457                    -0.316890547560                     0.177601633706
 458                    -0.949391661775                     0.177622878218
 459                    -0.003611281680                     0.181036563749
 460                     0.309897379937                     0.183740588246
 461                    -0.697200557528                     0.186780441519
 462                     0.622956615735                     0.187095428834
 463                    -0.384361543071                     0.190055977164
 464                     0.946809710395                     0.190907796111
 465                    -0.070783294188                     0.193235926792
 466                     0.242725367430                     0.195939951290
 467                    -0.764372570007                     0.198979804538
 468                     0.555784603255                     0.199294791854
 469                    -0.451533555561                     0.202255340196
 470                    -0.137955306694                     0.205435289835
 471                     0.175195016462                     0.208445269434
 472                     0.881103629856                     0.209444643166
 473                    -0.831544582485                     0.211179167560
 474                     0.488612590776                     0.211494154875
 475                    -0.518705568043                     0.214454703201
 476                    -0.205567570514                     0.217475258332
 477                     0.813354678320                     0.217869800986
 478                     0.108023003956                     0.220644632477
 479                    -0.898717649615                     0.223372722044
 480                     0.421440578296                     0.223693517895
 481                    -0.585877580522                     0.226654066220
 482                     0.734280811205                     0.226975764546
 483                    -0.272739583010                     0.229674621405
 484                     0.040539682872                     0.233109551446
 485                     0.354048344489                     0.235813575943
 486                    -0.653049593001                     0.238853429240
 487                     0.667107580260                     0.239168416554
 488                    -0.339911595488                     0.241873984456
 489                    -0.026632329635                     0.245308914489
 490                     0.286876331983                     0.248012938986
 491                    -0.720221605480                     0.251052792260
 492                     0.599935567781                     0.251367779574
 493                    -0.407382590974                     0.254328327922
 494                     0.930958871639                     0.257313026547
 495                    -0.093804342142                     0.257508277532
 496                     0.219704319476                     0.260212302029
 497                    -0.787393617959                     0.263252155279
 498                     0.532763555301                     0.263567142594
 499                    -0.474554603450                     0.266527690960
 500                    -0.161416605983                     0.269548246047
 501                     0.152173968508                     0.272717620174
 502                    -0.854784302205                     0.275629580430
 503                     0.465591542822                     0.275766505615
 504                     0.865252791100                     0.275849873602
 505                     0.780163689728                     0.277529351728
 506                    -0.541726615931                     0.278727053964
 507                    -0.228588618456                     0.281747609100
 508                     0.085001956002                     0.284916983217
 509                    -0.922076392103                     0.287523114622
 510                     0.398199309042                     0.287886563640
 511                    -0.608898628410                     0.290926416984
 512                     0.712777450293                     0.291771668645
 513                    -0.295760630930                     0.293946972157
 514                     0.017518634917                     0.297381902186
 515                     0.331027296535                     0.300085926683
 516                    -0.676070640889                     0.303125780003
 517                     0.644086532305                     0.303440767294
 518                    -0.362932643403                     0.306146335212
 519                    -0.049653377590                     0.309581265229
 520                     0.263855284029                     0.312285289726
 521                    -0.743242653368                     0.315325143023
 522                     0.576914519826                     0.315640130314
 523                    -0.430403638911                     0.318600678668
 524                    -0.117265641432                     0.321621233743
 525                     0.196683271522                     0.324484652769
 526                    -0.810414665847                     0.327524506042
 527                     0.509742507347                     0.327839493334
 528                     0.908012712508                     0.329182338550
 529                     0.823761778976                     0.330066103935
 530                    -0.497575651404                     0.330800041700
 531                    -0.184437653905                     0.333820596798
 532                     0.129152920554                     0.336989970914
 533                     0.442350273567                     0.339959551359
 534                    -0.564747663885                     0.342999404704
 535                     0.756900677228                     0.343868161458
 536                    -0.251609666378                     0.346019959853
 537                     0.061980908046                     0.349189333956
 538                    -0.899462484581                     0.351939843079
 539                     0.375178261087                     0.352158914379
 540                    -0.631919676364                     0.355198767724
 541                     0.688265230424                     0.355490227917
 542                    -0.318781678851                     0.358219322909
 543                    -0.005502413038                     0.361654252926
 544                     0.308006248581                     0.364358277423
 545                    -0.699091688843                     0.367398130743
 546                     0.621065484351                     0.367713118034
 547                    -0.385953691323                     0.370418685964
 548                    -0.073114676880                     0.373694221440
 549                     0.240834236074                     0.376557640466
 550                     0.553893471872                     0.379912481054
 551                    -0.768719329231                     0.381679010204
 552                    -0.453424686814                     0.382873029426
 553                    -0.140286689353                     0.385893584495
 554                    -0.841639640838                     0.388236157769
 555                     0.173662223568                     0.388757003509
 556                     0.486501238092                     0.392032539079
 557                     0.882467222084                     0.392501645419
 558                    -0.520596699290                     0.395072392464
 559                     0.813987805768                     0.397633649149
 560                    -0.207458701826                     0.398092947550
 561                     0.106131872598                     0.401262321653
 562                     0.419329225612                     0.404231902099
 563                    -0.587768711771                     0.407271755469
 564                     0.732388457358                     0.407586720730
 565                    -0.274630714298                     0.410292310606
 566                     0.038959860092                     0.413461684696
 567                     0.352157213133                     0.416431265119
 568                    -0.654940724250                     0.419471118488
 569                     0.665216448876                     0.419786105754
 570                    -0.341802726771                     0.422491673661
 571                    -0.028963712328                     0.425767209137
 572                     0.284985200626                     0.428630628163
 573                    -0.722112736729                     0.431670481508
 574                     0.598044436397                     0.431985468774
 575                    -0.408974739243                     0.434691036716
 576                    -0.096135724801                     0.437966572192
 577                     0.217813188120                     0.440829991206
 578                     0.530652202617                     0.444105526798
 579                    -0.476445734751                     0.447145380172
 580                    -0.163307737274                     0.450165935247
 581                     0.150641175613                     0.453029354249
 582                     0.852516359544                     0.453993690513
 583                    -0.851561539557                     0.455782139473
 584                     0.463480190138                     0.456304889819
 585                     0.779788272273                     0.456720835809
 586                    -0.543617747224                     0.459344743228
 587                    -0.783529333069                     0.461484998317
 588                    -0.230479749746                     0.462365298302
 589                     0.083110824644                     0.465534672393
 590                     0.396308177658                     0.468504252839
 591                    -0.610789759709                     0.471544106215
 592                     0.710039568492                     0.472136026565
 593                    -0.297651762219                     0.474564661358
 594                     0.015498560802                     0.477574640908
 595                     0.329136165179                     0.480703615859
 596                    -0.677961772188                     0.483743469234
 597                     0.642195400921                     0.484058456494
 598                    -0.364823774691                     0.486764024413
 599                    -0.051984760249                     0.490039559889
 600                     0.261964152672                     0.492902978903
 601                     0.574803167142                     0.496178514519
 602                    -0.431995787180                     0.498963387462
 603                    -0.119156772722                     0.502238922944
 604                     0.194792140165                     0.505102341946
 605                     0.507631154663                     0.508377877539
 606                    -0.499466782672                     0.511417730925
 607                     0.818316826049                     0.513080877172
 608                    -0.739378368535                     0.513557986029
 609                    -0.186328785194                     0.514438285999
 610                     0.127620127659                     0.517301704989
 611                     0.440459142183                     0.520577240559
 612                    -0.811313373907                     0.523930986439
 613                    -0.253500797667                     0.526637649055
 614                    -0.573878746507                     0.528976508419
 615                     0.059649525354                     0.529647628604
 616                     0.373287129704                     0.532776603579
 617                     0.686167574655                     0.536282508958
 618                     0.754432766406                     0.537158473440
 619                    -0.320672810139                     0.538837012110
 620                    -0.007522487119                     0.541846991660
 621                    -0.641487076395                     0.542620651578
 622                     0.306115117225                     0.544975966599
 623                     0.618954131667                     0.548251502239
 624                    -0.387844822628                     0.551036375159
 625                    -0.075005808170                     0.554311910641
 626                     0.238943104717                     0.557175329642
 627                     0.551782119188                     0.560450865259
 628                    -0.455016835101                     0.563235738214
 629                    -0.142177820642                     0.566511273696
 630                     0.171771092211                     0.569374692686
 631                    -0.704369722987                     0.572169405184
 632                     0.484610106709                     0.572650228278
 633                    -0.523682167907                     0.575249688724
 634                    -0.209349833115                     0.578710636752
 635                    -0.772262243114                     0.579932197530
 636                     0.104158828368                     0.581414661200
 637                     0.417438094229                     0.584849591299
 638                    -0.276521845587                     0.590909999807
 639                    -0.595341677720                     0.593785815639
 640                     0.036628477433                     0.593919979357
 641                     0.350266081750                     0.597048954320
 642                     0.667440875748                     0.601941913752
 643                    -0.343693858076                     0.603109362856
 644                     0.752582331217                     0.605404203036
 645                    -0.030543535040                     0.606119342412
 646                     0.283094069269                     0.609248317339
 647                     0.595933083712                     0.612523852979
 648                    -0.410865870549                     0.615308725911
 649                    -0.098026856090                     0.618584261393
 650                     0.215922056763                     0.621447680382
 651                    -0.657567252699                     0.621872850674
 652                     0.528761071233                     0.624723215999
 653                    -0.478037883021                     0.627508088967
 654                    -0.165198868563                     0.630783624448
 655                     0.148309792919                     0.633487648897
 656                    -0.726143833478                     0.636874828689
 657                     0.461589058754                     0.636922579018
 658                    -0.545145099121                     0.640058995943
 659                    -0.232370881035                     0.642982987504
 660                     0.081137780447                     0.645687011952
 661                     0.394417046275                     0.649121942039
 662                    -0.299542893524                     0.655182350553
 663                     0.707936883522                     0.657053866333
 664                     0.013607429512                     0.658192330109
 665                     0.327245033794                     0.661321305059
 666                     0.640084048237                     0.664596840699
 667                    -0.366714905996                     0.667381713608
 668                    -0.607370674100                     0.668146030978
 669                    -0.053564582960                     0.670391693164
 670                     0.260073021315                     0.673520668079
 671                     0.572912035758                     0.676796203719
 672                    -0.433886918469                     0.679581076664
 673                    -0.121047904010                     0.682856612145
 674                     0.192460757472                     0.685560636594
 675                    -0.679341363190                     0.686578274178
 676                    -0.500994134568                     0.692131983640
 677                     0.506928578893                     0.694320105644
 678                    -0.188219916483                     0.695055975201
 679                     0.125288744999                     0.697759999649
 680                     0.439021234580                     0.701355466821
 681                    -0.255391928972                     0.707255338250
 682                     0.058116732527                     0.709959362704
 683                     0.371395998320                     0.713394292778
 684                    -0.322563941444                     0.719454701305
 685                    -0.009413618408                     0.722464680861
 686                    -0.561476932675                     0.723797972520
 687                     0.304101128051                     0.725699681026
 688                     0.629997612357                     0.732118448572
 689                    -0.629144784591                     0.732851454483
 690                    -0.076585630881                     0.734664043916
 691                    -0.396026855390                     0.736392337362
 692                     0.236611722023                     0.737633624290
 693                     0.562825599878                     0.744317811592
 694                    -0.144068951944                     0.747128962909
 695                     0.169439709551                     0.749832987346
 696                     0.483457277409                     0.758429400798
 697                    -0.211240964420                     0.759328325947
 698                    -0.492939748372                     0.759926014215
 699                     0.102267697079                     0.762032350401
 700                     0.415549933095                     0.765464761975
 701                    -0.278412976892                     0.771527689002
 702                     0.035095684606                     0.774231713456
 703                     0.348378616596                     0.777667956570
 704                    -0.346507204199                     0.783389229435
 705                    -0.032434666329                     0.786737031613
 706                     0.278584738300                     0.791477561954
 707                    -0.553422546479                     0.791592003095
 708                    -0.433479612369                     0.793472935758
 709                    -0.099606678801                     0.798936394668
 710                     0.532787318439                     0.805625277424
 711                    -0.168078852782                     0.812223844070
 712                     0.146418661631                     0.814105338098
 713                     0.214675467321                     0.815488159646
 714                    -0.234488173063                     0.828057539105
 715                    -0.496122410092                     0.828708011618
 716                     0.079821084250                     0.829343612896
 717                     0.406756641892                     0.833166916655
 718                    -0.302356239647                     0.835462217132
 719                     0.012074636686                     0.838504064208
 720                     0.474547427616                     0.841248568057
 721                     0.324791931168                     0.841734890233
 722                    -0.369528252120                     0.847661580187
 723                    -0.054471194042                     0.854305757464
 724                    -0.436343559340                     0.861683649919
 725                    -0.122661955128                     0.863196475217
 726                     0.260882660190                     0.865745487926
 727                    -0.189071275408                     0.879030170251
 728                     0.127388944990                     0.879670371486
 729                     0.195436944299                     0.885181588105
 730                     0.371433511532                     0.891589345398
 731                    -0.267154084395                     0.893957618526
 732                    -0.004311982470                     0.904779115556
 733                     0.063958685322                     0.904919250214
 734                    -0.334326096868                     0.906156981581
 735                     0.307524240553                     0.915599943090
 736                    -0.089837254713                     0.923058339214
 737                     0.242078524663                     0.935036043269
 738                    -0.217690012051                     0.941013003613
 739                     0.173971081205                     0.949989931178
 740                    -0.150673544831                     0.954039777579
 741                     0.106303686632                     0.959078623808
 742                    -0.036116657180                     0.965189101363
 743                     0.032154010612                     0.965329236021
