   1                     0.013364812293                    -0.966589685358
   2                    -0.067693374981                    -0.964308998730
   3                     0.092221302877                    -0.962273074207
   4                    -0.133965315791                    -0.957354444401
   5                     0.159466112560                    -0.953400721045
   6                    -0.202151375386                    -0.945308975668
   7                     0.225040225514                    -0.940122936083
   8                    -0.266794922938                    -0.929136538482
   9                     0.298364379255                    -0.919485146830
  10                    -0.025676980846                    -0.912588996909
  11                     0.049859232087                    -0.910835821919
  12                    -0.330170742559                    -0.908549128450
  13                    -0.091881657380                    -0.902218234851
  14                     0.115586234664                    -0.899867818603
  15                    -0.158153598190                    -0.895263680521
  16                     0.181445766153                    -0.889725921513
  17                    -0.391977691725                    -0.883644570649
  18                     0.404946437073                    -0.877777090810
  19                     0.246888090726                    -0.877170519527
  20                     0.339214437212                    -0.866839076422
  21                    -0.218010399944                    -0.865980592429
  22                    -0.284388953430                    -0.860130498268
  23                     0.010817438948                    -0.856835133470
  24                    -0.451922082706                    -0.854541203928
  25                     0.464455796343                    -0.847794226975
  26                     0.076877974055                    -0.845627551963
  27                    -0.096450160068                    -0.835739179896
  28                     0.142722271616                    -0.835363585755
  29                    -0.162722100877                    -0.828784625567
  30                     0.208200164757                    -0.822915746939
  31                     0.274431547076                    -0.814617566018
  32                    -0.332833401441                    -0.814376029400
  33                    -0.399462833556                    -0.813451507615
  34                     0.525337792938                    -0.811476704139
  35                     0.405704484036                    -0.810825134382
  36                    -0.035461964462                    -0.808891908876
  37                    -0.495759551001                    -0.804355425684
  38                     0.339522355459                    -0.800203941914
  39                     0.034212926322                    -0.794441326605
  40                    -0.270897487205                    -0.789793952754
  41                    -0.560292632957                    -0.787747677561
  42                     0.099874021672                    -0.783085424093
  43                     0.465989621228                    -0.781176036173
  44                    -0.205387148611                    -0.777598400209
  45                     0.579993582394                    -0.773357409242
  46                     0.165535117023                    -0.771729521581
  47                    -0.139726053260                    -0.766242497697
  48                    -0.444884725640                    -0.761319532421
  49                     0.231196212374                    -0.760373619069
  50                    -0.074113216763                    -0.754611003760
  51                    -0.379223630289                    -0.749963629908
  52                     0.296857307725                    -0.749017716557
  53                    -0.615361671706                    -0.745522803839
  54                    -0.008452121412                    -0.743255101247
  55                    -0.313562534939                    -0.738607727396
  56                     0.362518403075                    -0.737661814044
  57                     0.057208973939                    -0.731899198735
  58                    -0.248052196345                    -0.726412174851
  59                     0.428179498426                    -0.726305911531
  60                     0.623043711465                    -0.722494629614
  61                    -0.553210868724                    -0.721489209575
  62                     0.494603481676                    -0.720996446985
  63                     0.122870069290                    -0.720543296223
  64                    -0.182391100994                    -0.715056272339
  65                    -0.487549773374                    -0.710133307063
  66                     0.188531164640                    -0.709187393711
  67                     0.559030786853                    -0.703982972556
  68                    -0.116778264496                    -0.703424778402
  69                    -0.421888678023                    -0.698777404550
  70                     0.254192259991                    -0.697831491199
  71                    -0.669498693942                    -0.697127305842
  72                    -0.051117169146                    -0.692068875889
  73                    -0.356227582672                    -0.687421502038
  74                     0.679683024488                    -0.687390154332
  75                     0.319853355341                    -0.686475588686
  76                     0.014543926205                    -0.680712973377
  77                    -0.605099973392                    -0.679681832459
  78                    -0.290717244079                    -0.675225949493
  79                     0.385514450692                    -0.675119686174
  80                     0.080205021556                    -0.669357070865
  81                    -0.225056148728                    -0.663870046981
  82                     0.451175546044                    -0.663763783662
  83                    -0.530214821107                    -0.658947081705
  84                     0.145866116907                    -0.658001168353
  85                     0.516836641394                    -0.652407881150
  86                    -0.159443312230                    -0.652238553044
  87                    -0.716738765996                    -0.648659987487
  88                    -0.464553725757                    -0.647591179193
  89                     0.211527212257                    -0.646645265841
  90                     0.585135534591                    -0.642348380463
  91                    -0.093782216879                    -0.640882650532
  92                     0.725423594866                    -0.638932583345
  93                    -0.398892630406                    -0.636235276680
  94                     0.277188307608                    -0.635289363329
  95                    -0.652104736414                    -0.632449553054
  96                    -0.028121121529                    -0.629526748019
  97                     0.650876898333                    -0.627302359727
  98                    -0.333382291812                    -0.624039724135
  99                     0.342849402958                    -0.623933460816
 100                     0.037539973822                    -0.618170845507
 101                    -0.582103925775                    -0.617139704589
 102                    -0.267721196462                    -0.612683821623
 103                     0.408510498310                    -0.612577558304
 104                     0.103201069173                    -0.606814942995
 105                     0.474171593660                    -0.601221655792
 106                    -0.202108359964                    -0.601052327686
 107                    -0.759723115233                    -0.597741604901
 108                    -0.507218773491                    -0.596404953835
 109                     0.168862164524                    -0.595459040483
 110                     0.539832689011                    -0.589865753279
 111                    -0.136447264613                    -0.589696425174
 112                    -0.441557678140                    -0.585049051322
 113                     0.234523259874                    -0.584103137971
 114                     0.605493784362                    -0.578509850767
 115                    -0.070786169262                    -0.578340522661
 116                     0.739881218924                    -0.573884039386
 117                    -0.376047339546                    -0.572853498777
 118                     0.300184355225                    -0.572747235458
 119                    -0.680407017805                    -0.572122802499
 120                    -0.005125073912                    -0.566984620149
 121                     0.673872945952                    -0.564760231858
 122                    -0.310386244196                    -0.561497596265
 123                     0.365845450576                    -0.561391332946
 124                    -0.615034393664                    -0.559209399487
 125                     0.060536021439                    -0.555628717637
 126                     0.431506545926                    -0.550035430434
 127                    -0.244773407698                    -0.549866102328
 128                    -0.549883821224                    -0.545218728477
 129                     0.126197116790                    -0.544272815125
 130                     0.799289320211                    -0.543701039768
 131                    -0.802597874237                    -0.538805057808
 132                     0.497167641277                    -0.538679527922
 133                    -0.179112312347                    -0.538510199816
 134                    -0.736046342781                    -0.535453994490
 135                    -0.484222725874                    -0.533862825964
 136                     0.191858212140                    -0.532916912613
 137                     0.562828736628                    -0.527323625409
 138                    -0.113451216996                    -0.527154297303
 139                    -0.418712387280                    -0.521667273419
 140                     0.257519307491                    -0.521561010100
 141                     0.628489831980                    -0.515967722897
 142                    -0.047790121645                    -0.515798394791
 143                    -0.353051291929                    -0.510311370907
 144                     0.323180402842                    -0.510205107588
 145                    -0.658904040792                    -0.509051747774
 146                     0.706223384905                    -0.506504029922
 147                     0.017870973705                    -0.504442492279
 148                     0.388841498193                    -0.498849205076
 149                    -0.287438455431                    -0.498679876971
 150                    -0.593753468352                    -0.495061076763
 151                     0.083532069056                    -0.493086589767
 152                     0.454502593543                    -0.487493302564
 153                    -0.221777360081                    -0.487323974458
 154                     0.836170214213                    -0.485001120877
 155                     0.769057363142                    -0.484317837292
 156                    -0.526887773607                    -0.482676600607
 157                    -0.837810155746                    -0.482232704176
 158                     0.149193164407                    -0.481730687255
 159                    -0.771258624290                    -0.478881640858
 160                     0.520163688894                    -0.476137400052
 161                    -0.156116264730                    -0.475968071946
 162                    -0.461377435014                    -0.470481048061
 163                     0.214854259757                    -0.470374784743
 164                     0.585824784246                    -0.464781497540
 165                    -0.090455169379                    -0.464612169433
 166                    -0.706650278738                    -0.462569141065
 167                    -0.395716339663                    -0.459125145549
 168                     0.280515355108                    -0.459018882231
 169                     0.652639588858                    -0.453837808431
 170                    -0.024794074028                    -0.453256266921
 171                     0.346176450459                    -0.447662979718
 172                    -0.330103503165                    -0.447493651613
 173                    -0.638445031083                    -0.445634361465
 174                     0.040867021322                    -0.441900364409
 175                     0.718408051569                    -0.440991665724
 176                     0.411837545810                    -0.436307077206
 177                    -0.264442407814                    -0.436137749100
 178                    -0.570757420735                    -0.432518948893
 179                     0.106528116673                    -0.430544461897
 180                     0.802853607596                    -0.426888316788
 181                     0.477498641160                    -0.424951174694
 182                    -0.198781312464                    -0.424781846588
 183                    -0.807436495981                    -0.422921855615
 184                     0.869358760123                    -0.422716907925
 185                    -0.504690125402                    -0.419830042986
 186                     0.172189212024                    -0.419188559385
 187                    -0.873488062759                    -0.414116942742
 188                     0.543159736512                    -0.413595272182
 189                    -0.133120217113                    -0.413425944075
 190                    -0.438381387397                    -0.407938920191
 191                     0.237850307374                    -0.407832656872
 192                    -0.742828150429                    -0.406609355822
 193                     0.608820831863                    -0.402239369669
 194                    -0.067459121762                    -0.402070041563
 195                     0.303511402725                    -0.396476754360
 196                    -0.372768550899                    -0.396307426255
 197                    -0.677838417496                    -0.391889621523
 198                     0.674481927214                    -0.390883467157
 199                    -0.001798026412                    -0.390714139051
 200                     0.369172498076                    -0.385120851848
 201                    -0.307107455548                    -0.384951523742
 202                     0.749972270053                    -0.382305755353
 203                    -0.612210060756                    -0.380346019133
 204                     0.063863068939                    -0.379358236539
 205                     0.434833593427                    -0.373764949336
 206                    -0.241446360197                    -0.373595621230
 207                    -0.546707530481                    -0.368108597346
 208                     0.129524164290                    -0.368002334027
 209                     0.500494688778                    -0.362409046824
 210                    -0.175785264847                    -0.362239718717
 211                     0.896414931978                    -0.361821099128
 212                     0.813126779313                    -0.361049134629
 213                    -0.481046435130                    -0.356752694833
 214                     0.195185259641                    -0.356646431515
 215                    -0.785493198162                    -0.355423130464
 216                     0.566155784129                    -0.351053144312
 217                    -0.851985119567                    -0.351045876487
 218                    -0.110124169496                    -0.350883816205
 219                     0.260846354991                    -0.345290529003
 220                    -0.415433598632                    -0.345121200896
 221                    -0.720503465229                    -0.340703396165
 222                     0.631816879480                    -0.339697241800
 223                    -0.044463074145                    -0.339527913693
 224                     0.326507450342                    -0.333934626490
 225                    -0.349772503281                    -0.333765298384
 226                    -0.654875108490                    -0.329159793775
 227                     0.697480028756                    -0.328342094462
 228                     0.021198021205                    -0.328172011181
 229                     0.392168545693                    -0.322578723978
 230                    -0.284111407931                    -0.322409395872
 231                    -0.911678055280                    -0.321430181485
 232                     0.763140751137                    -0.316984035608
 233                    -0.589372578214                    -0.316922371988
 234                     0.086859116556                    -0.316816108669
 235                     0.457829641044                    -0.311222821466
 236                    -0.218450312580                    -0.311053493359
 237                     0.855252976550                    -0.309418528678
 238                    -0.523711482864                    -0.305566469475
 239                     0.152520211907                    -0.305460206157
 240                     0.523490736395                    -0.299866918954
 241                    -0.152789217230                    -0.299697590847
 242                     0.920415276715                    -0.295482582292
 243                     0.218181307258                    -0.294104303644
 244                    -0.458098646366                    -0.293934975538
 245                    -0.765745995536                    -0.291780503609
 246                     0.589151831746                    -0.288511016442
 247                    -0.087128121879                    -0.288341688335
 248                    -0.854863602736                    -0.284092043774
 249                     0.283842402608                    -0.282748401132
 250                    -0.392437551015                    -0.282579073026
 251                    -0.697686339781                    -0.278095770824
 252                     0.654812927096                    -0.277155113929
 253                    -0.021467026528                    -0.276985785823
 254                     0.349503497959                    -0.271392498620
 255                    -0.326776455665                    -0.271223170514
 256                    -0.632165833881                    -0.265843000497
 257                     0.720474022447                    -0.265799211418
 258                     0.044194068823                    -0.265629883311
 259                     0.415164593310                    -0.260036596108
 260                    -0.261115360314                    -0.259867268001
 261                    -0.915326914803                    -0.254894313047
 262                     0.786469495145                    -0.254565243026
 263                    -0.566376530598                    -0.254380244117
 264                     0.109855164173                    -0.254273980799
 265                     0.480825688661                    -0.248680693596
 266                    -0.195454264963                    -0.248511365489
 267                     0.175516259524                    -0.242918078287
 268                     0.852068999868                    -0.242858794176
 269                    -0.500763694100                    -0.242748750181
 270                    -0.805799029211                    -0.238525546489
 271                     0.546486784012                    -0.237324791084
 272                    -0.129793169613                    -0.237155462977
 273                     0.241177354875                    -0.231562175775
 274                    -0.435102598749                    -0.231392847668
 275                     0.938584772447                    -0.231371698743
 276                    -0.740205089490                    -0.226787955750
 277                     0.612147879362                    -0.225968888572
 278                    -0.064132074262                    -0.225799560465
 279                     0.306838450225                    -0.220206273262
 280                    -0.369441503399                    -0.220036945156
 281                     0.677808974713                    -0.214612986060
 282                    -0.674702673682                    -0.214549921272
 283                     0.001529021089                    -0.214443657953
 284                    -0.866042327872                    -0.210046063856
 285                     0.372499545576                    -0.208850370750
 286                    -0.303780408048                    -0.208681042644
 287                     0.743470070064                    -0.203257083547
 288                    -0.609041578332                    -0.203194018759
 289                     0.067190116439                    -0.203087755441
 290                     0.438160640927                    -0.197494468238
 291                    -0.238119312697                    -0.197325140131
 292                    -0.946593337873                    -0.196049204900
 293                     0.809131165415                    -0.191901181035
 294                     0.132851211790                    -0.191731852929
 295                    -0.543428741833                    -0.191562524823
 296                     0.888698563861                    -0.187193625478
 297                     0.503821736278                    -0.186138565726
 298                    -0.172458217346                    -0.185969237619
 299                     0.198512307141                    -0.180375950416
 300                    -0.477767646483                    -0.180206622310
 301                    -0.783167111109                    -0.175850732986
 302                     0.569482831629                    -0.174782663214
 303                    -0.106797121996                    -0.174613335107
 304                     0.264173402492                    -0.169020047904
 305                    -0.412106551132                    -0.168850719798
 306                     0.952294400211                    -0.166161407599
 307                    -0.717657214890                    -0.163605428283
 308                     0.635143926979                    -0.163426760702
 309                    -0.041136026645                    -0.163257432595
 310                     0.329834497842                    -0.157664145392
 311                    -0.346445455782                    -0.157494817286
 312                     0.700805022330                    -0.152070858189
 313                    -0.651706626066                    -0.152007793402
 314                     0.024525068706                    -0.151901530083
 315                    -0.894042961639                    -0.149578713384
 316                     0.395495593193                    -0.146308242880
 317                    -0.280784360431                    -0.146138914773
 318                     0.766466117680                    -0.140714955677
 319                     0.090186164056                    -0.140545627571
 320                    -0.586093789567                    -0.140376299465
 321                     0.461156688544                    -0.134952340368
 322                    -0.215123265080                    -0.134783012261
 323                    -0.957850516122                    -0.130371111883
 324                     0.832127213031                    -0.129359053165
 325                     0.155847259407                    -0.129189725059
 326                    -0.520432694217                    -0.129020396952
 327                    -0.825534712096                    -0.124418035690
 328                     0.526817783895                    -0.123596437856
 329                    -0.149462169729                    -0.123427109749
 330                     0.898267622176                    -0.121248427870
 331                     0.221508354758                    -0.117833822546
 332                    -0.454771598866                    -0.117664494440
 333                     0.592478879245                    -0.112240535344
 334                    -0.760032769150                    -0.112177470556
 335                    -0.083801074379                    -0.112071207237
 336                     0.287169450109                    -0.106477920034
 337                    -0.389110503515                    -0.106308591928
 338                     0.658139974596                    -0.100884632832
 339                    -0.694371673799                    -0.100821568043
 340                    -0.018139979028                    -0.100715304725
 341                     0.961479016047                    -0.100161568232
 342                     0.352830545459                    -0.095122017522
 343                    -0.323449408165                    -0.094952689415
 344                     0.723801069947                    -0.089528730319
 345                     0.047521116323                    -0.089359402213
 346                    -0.628758837301                    -0.089190074107
 347                    -0.879010680393                    -0.084660561184
 348                     0.418491640810                    -0.083766115010
 349                    -0.257788312814                    -0.083596786903
 350                     0.789462165298                    -0.078172827807
 351                     0.113182211673                    -0.078003499701
 352                    -0.563097741950                    -0.077834171594
 353                     0.484152736161                    -0.072410212498
 354                    -0.192127217463                    -0.072240884391
 355                     0.178843307024                    -0.066647597188
 356                     0.856962346601                    -0.066483482851
 357                    -0.497436646600                    -0.066478269082
 358                    -0.964556281477                    -0.064073535189
 359                    -0.803376970688                    -0.061563354506
 360                     0.549813831512                    -0.061054309986
 361                    -0.126466122113                    -0.060884981879
 362                     0.244504402375                    -0.055291694676
 363                    -0.431775551249                    -0.055122366570
 364                     0.615474926862                    -0.049698407474
 365                    -0.737036721533                    -0.049635342686
 366                    -0.060805026762                    -0.049529079367
 367                     0.310165497726                    -0.043935792164
 368                    -0.366114455898                    -0.043766464058
 369                     0.933582690859                    -0.039646024728
 370                     0.681136022213                    -0.038342504961
 371                     0.004856068589                    -0.038173176855
 372                    -0.671423885035                    -0.038003848749
 373                     0.375826593076                    -0.032579889652
 374                    -0.300453360548                    -0.032410561545
 375                     0.746797117564                    -0.026986602449
 376                     0.070517163940                    -0.026817274343
 377                    -0.605762789684                    -0.026647946237
 378                    -0.910073319976                    -0.025707627528
 379                     0.441487688427                    -0.021223987140
 380                    -0.234792265197                    -0.021054659033
 381                     0.812458212915                    -0.015630699937
 382                     0.136178259290                    -0.015461371831
 383                    -0.540101694333                    -0.015292043724
 384                     0.507148783778                    -0.009868084628
 385                    -0.845362864615                    -0.009805019840
 386                    -0.169131169846                    -0.009698756521
 387                     0.201839354641                    -0.004105469318
 388                    -0.474440598983                    -0.003936141212
 389                     0.877895630857                    -0.003049750152
 390                     0.572809879129                     0.001487817884
 391                    -0.779701769264                     0.001550882674
 392                    -0.103470074496                     0.001657145991
 393                     0.267500449992                     0.007250433194
 394                    -0.408779503632                     0.007419761300
 395                    -0.966635184063                     0.009521500983
 396                     0.638470974479                     0.012843720396
 397                    -0.037808979145                     0.013013048503
 398                    -0.714088932768                     0.013182376610
 399                     0.966509099157                     0.018286587858
 400                     0.333161545343                     0.018606335706
 401                    -0.343118408281                     0.018775663813
 402                     0.704132069830                     0.024199622909
 403                     0.027852116206                     0.024368951015
 404                    -0.648427837417                     0.024538279122
 405                     0.398822640693                     0.029962238218
 406                    -0.277457312931                     0.030131566325
 407                     0.769793165181                     0.035555525421
 408                     0.093513211557                     0.035724853528
 409                    -0.582766742067                     0.035894181634
 410                     0.464483736044                     0.041318140730
 411                    -0.211796217580                     0.041487468837
 412                    -0.896112751061                     0.042624024180
 413                     0.159174306907                     0.047080756040
 414                    -0.517105646716                     0.047250084146
 415                     0.835230583124                     0.048136475206
 416                     0.530144831395                     0.052674043242
 417                    -0.822366817000                     0.052737108031
 418                    -0.146135122229                     0.052843371349
 419                     0.224835402258                     0.058436658552
 420                    -0.451444551366                     0.058605986659
 421                     0.901399348531                     0.059303367012
 422                     0.595805926746                     0.064029945755
 423                    -0.080474026879                     0.064199273861
 424                    -0.756753980502                     0.064368601968
 425                     0.290496497609                     0.069792561064
 426                    -0.385783456015                     0.069961889171
 427                     0.661467022096                     0.075385848267
 428                    -0.014812931528                     0.075555176373
 429                    -0.691092885151                     0.075724504481
 430                    -0.963682655347                     0.076091903856
 431                     0.356157592959                     0.081148463576
 432                    -0.320122360664                     0.081317791683
 433                     0.962953029321                     0.084827480036
 434                     0.727128117447                     0.086741750779
 435                     0.050848163823                     0.086911078885
 436                    -0.625431789801                     0.087080406993
 437                     0.421818688310                     0.092504366088
 438                    -0.254461265314                     0.092673694195
 439                     0.116509259174                     0.098266981397
 440                    -0.559770694450                     0.098436309505
 441                     0.487479783661                     0.103860268600
 442                    -0.865031864733                     0.103923333389
 443                    -0.188800169963                     0.104029596707
 444                     0.799163817447                     0.104167934032
 445                     0.182170354524                     0.109622883909
 446                    -0.494109599099                     0.109792212017
 447                     0.864904005663                     0.115056626231
 448                     0.553140879012                     0.115216171112
 449                    -0.123139074612                     0.115385499219
 450                    -0.799419028235                     0.115554827327
 451                     0.247831449875                     0.120978786422
 452                    -0.428448503748                     0.121148114529
 453                     0.618801974363                     0.126572073624
 454                    -0.057477979262                     0.126741401731
 455                    -0.733757932885                     0.126910729839
 456                    -0.925920702209                     0.130995190276
 457                     0.313492545226                     0.132334688934
 458                    -0.362787408398                     0.132504017041
 459                     0.684463069713                     0.137927976137
 460                     0.008183116089                     0.138097304243
 461                    -0.668096837534                     0.138266632351
 462                     0.379153640576                     0.143690591446
 463                    -0.297126313047                     0.143859919553
 464                     0.750124165064                     0.149283878649
 465                     0.073844211440                     0.149453206756
 466                    -0.602435742183                     0.149622534863
 467                     0.954821301009                     0.150965297956
 468                     0.444814735927                     0.155046493958
 469                    -0.231465217697                     0.155215822065
 470                     0.139505306791                     0.160809109268
 471                    -0.536774646833                     0.160978437375
 472                     0.510475831278                     0.166402396470
 473                    -0.165804122346                     0.166571724577
 474                    -0.842209743389                     0.166699241385
 475                     0.822159865064                     0.166710061902
 476                     0.205166402141                     0.172165011780
 477                    -0.471113551482                     0.172334339887
 478                     0.887993159046                     0.177564441427
 479                     0.576136926629                     0.177758298982
 480                    -0.100143026995                     0.177927627089
 481                    -0.776422980619                     0.178096955197
 482                     0.270827497492                     0.183520914292
 483                    -0.405452456132                     0.183690242399
 484                     0.641798021980                     0.189114201495
 485                    -0.034481931645                     0.189283529601
 486                    -0.710761885268                     0.189452857709
 487                    -0.946970565294                     0.194218913897
 488                     0.336488592843                     0.194876816804
 489                    -0.339791360781                     0.195046144911
 490                     0.707459117330                     0.200470104007
 491                     0.031179163706                     0.200639432113
 492                    -0.645100789917                     0.200808760221
 493                     0.402149688193                     0.206232719316
 494                    -0.274130265431                     0.206402047423
 495                     0.773120212681                     0.211826006519
 496                     0.096840259057                     0.211995334625
 497                    -0.579439694567                     0.212164662733
 498                     0.942152553709                     0.216385774921
 499                     0.467810783544                     0.217588621828
 500                    -0.208469170080                     0.217757949935
 501                    -0.884792766764                     0.218182580864
 502                     0.162501354407                     0.223351237138
 503                    -0.513778599216                     0.223520565245
 504                     0.533471878895                     0.228944524340
 505                     0.845692551864                     0.229052251601
 506                    -0.142808074729                     0.229113852447
 507                    -0.819088028345                     0.229283180561
 508                     0.228162449758                     0.234707139650
 509                    -0.448117503865                     0.234876467757
 510                     0.599132974246                     0.240300426852
 511                    -0.077146979378                     0.240469754959
 512                    -0.753427050717                     0.240639763736
 513                     0.293823545109                     0.246063042162
 514                    -0.382456408514                     0.246232370269
 515                     0.664794069597                     0.251656329365
 516                    -0.011485884028                     0.251825657471
 517                    -0.687765837651                     0.251994985579
 518                     0.359484640460                     0.257418944674
 519                    -0.316795313164                     0.257588272781
 520                     0.730455164947                     0.263012231877
 521                     0.054175211323                     0.263181559984
 522                    -0.622104742300                     0.263350888091
 523                    -0.928701241803                     0.268306245777
 524                     0.425145735810                     0.268774847186
 525                    -0.251134217813                     0.268944175293
 526                     0.796116260298                     0.274368134389
 527                     0.119836306674                     0.274537462495
 528                    -0.556443646950                     0.274706790603
 529                     0.490806831161                     0.280130749698
 530                    -0.185473122463                     0.280300077805
 531                     0.925006985435                     0.280778052820
 532                    -0.863338637138                     0.281270268144
 533                     0.185497402024                     0.285893365008
 534                    -0.490782551599                     0.286062693115
 535                     0.556467926512                     0.291486652210
 536                    -0.119812027112                     0.291655980317
 537                    -0.797636265494                     0.292384893371
 538                     0.859735158527                     0.294191649531
 539                     0.251158497375                     0.297249267520
 540                    -0.425121456248                     0.297418595627
 541                     0.622129021863                     0.302842554723
 542                    -0.054150931761                     0.303011882829
 543                    -0.730618336451                     0.303250453862
 544                     0.316819592726                     0.308605170032
 545                    -0.359460360898                     0.308774498139
 546                     0.687790117214                     0.314198457235
 547                     0.011510163589                     0.314367785341
 548                    -0.664769790035                     0.314537113449
 549                     0.382480688077                     0.319961072544
 550                    -0.293799265547                     0.320130400651
 551                     0.753451212564                     0.325554359747
 552                     0.077171258940                     0.325723687853
 553                    -0.599108694684                     0.325893015961
 554                     0.448141783427                     0.331316975056
 555                    -0.228138170197                     0.331486303163
 556                    -0.907809123001                     0.332061904786
 557                     0.142832354291                     0.337079590366
 558                    -0.533447599333                     0.337248918473
 559                     0.513802878778                     0.342672877568
 560                    -0.162477074846                     0.342842205675
 561                    -0.840519371243                     0.343877113366
 562                     0.901467775846                     0.346326840867
 563                     0.208493449641                     0.348435492878
 564                    -0.467786503983                     0.348604820985
 565                     0.579463974129                     0.354028780080
 566                    -0.096815979495                     0.354198108187
 567                    -0.773304437970                     0.354419548289
 568                     0.834846514894                     0.356005008787
 569                     0.274154544992                     0.359791395390
 570                    -0.402125408632                     0.359960723497
 571                     0.645125069480                     0.365384682592
 572                    -0.031154884144                     0.365554010700
 573                    -0.707434837769                     0.365723338807
 574                     0.339815640343                     0.371147297902
 575                    -0.336464313281                     0.371316626009
 576                     0.710786164830                     0.376740585105
 577                     0.034506211206                     0.376909913211
 578                    -0.641773742418                     0.377079241319
 579                     0.405476735694                     0.382503200414
 580                    -0.270803217930                     0.382672528521
 581                     0.776447260181                     0.388096487617
 582                     0.100167306557                     0.388265815724
 583                    -0.576112647067                     0.388435143831
 584                     0.471137831044                     0.393859102926
 585                    -0.205142122580                     0.394028431033
 586                    -0.881746836215                     0.396228160122
 587                     0.165828401908                     0.399621718236
 588                    -0.510451551716                     0.399791046343
 589                     0.536798926395                     0.405215005438
 590                    -0.139481027229                     0.405384333545
 591                    -0.815795767323                     0.405756668743
 592                     0.876267280297                     0.408203247818
 593                     0.231489497258                     0.410977620748
 594                    -0.444790456366                     0.411146948855
 595                     0.602460021746                     0.416570907950
 596                    -0.073819931878                     0.416740236057
 597                    -0.750099885502                     0.416909564165
 598                     0.297150592609                     0.422333523260
 599                    -0.379129361015                     0.422502851367
 600                     0.668121117096                     0.427926810463
 601                    -0.008158836528                     0.428096138569
 602                    -0.684438790152                     0.428265466677
 603                     0.362811687960                     0.433689425772
 604                    -0.313468265664                     0.433858753879
 605                     0.733782212447                     0.439282712975
 606                     0.057502258823                     0.439452041082
 607                    -0.618777694801                     0.439621369189
 608                     0.817868025584                     0.440294726648
 609                     0.428472783310                     0.445045328284
 610                    -0.247807170313                     0.445214656391
 611                     0.123163354174                     0.450807943594
 612                    -0.553116599450                     0.450977271702
 613                     0.494133878661                     0.456401230796
 614                    -0.182146074963                     0.456570558904
 615                     0.188824449525                     0.462163846106
 616                    -0.487455504099                     0.462333174213
 617                    -0.847989155347                     0.464099806575
 618                     0.559794974012                     0.467757133308
 619                    -0.116484979612                     0.467926461415
 620                     0.254485544875                     0.473519748618
 621                    -0.421794408749                     0.473689076725
 622                     0.625456069363                     0.479113035820
 623                    -0.050823884261                     0.479282363927
 624                    -0.727103837885                     0.479451692035
 625                     0.320146640226                     0.484875651130
 626                    -0.356133313398                     0.485044979237
 627                     0.691117164713                     0.490468938333
 628                     0.014837211089                     0.490638266439
 629                    -0.661442742535                     0.490807594547
 630                     0.385807735577                     0.496231553642
 631                    -0.290472218047                     0.496400881750
 632                    -0.790945955290                     0.498544099161
 633                     0.756778260064                     0.501824840845
 634                     0.080498306440                     0.501994168951
 635                    -0.595781647184                     0.502163497059
 636                     0.823234492478                     0.506714128916
 637                     0.451468830928                     0.507587456154
 638                    -0.224811122697                     0.507756784262
 639                     0.146159401791                     0.513350071464
 640                    -0.530120551833                     0.513519399571
 641                     0.517129926278                     0.518943358666
 642                    -0.159150027346                     0.519112686774
 643                     0.211820497142                     0.524705973976
 644                    -0.464459456482                     0.524875302084
 645                     0.582791021629                     0.530299261178
 646                    -0.093488931995                     0.530468589285
 647                     0.277481592492                     0.536061876488
 648                    -0.398798361132                     0.536231204595
 649                    -0.027827836644                     0.541824491797
 650                     0.652671106672                     0.544895371117
 651                    -0.720172084304                     0.547360507669
 652                     0.343142687843                     0.547417779000
 653                    -0.333137265781                     0.547587107108
 654                     0.037833258706                     0.553180394310
 655                    -0.638446694918                     0.553349722417
 656                     0.718332202023                     0.556251273629
 657                     0.408803783194                     0.558773681512
 658                    -0.267476170430                     0.558943009620
 659                     0.784831687169                     0.563287405476
 660                     0.103494354057                     0.564536296821
 661                    -0.572785599567                     0.564705624930
 662                    -0.784475439064                     0.564865048975
 663                     0.474464878544                     0.570129584024
 664                    -0.201815075080                     0.570298912132
 665                     0.169155449408                     0.575892199334
 666                    -0.507124504216                     0.576061527442
 667                     0.540324871277                     0.581651569337
 668                    -0.136153979729                     0.581654814644
 669                     0.234816544758                     0.587248101846
 670                    -0.441463408866                     0.587417429954
 671                     0.606226117287                     0.592678201983
 672                    -0.070492884378                     0.593010717155
 673                     0.300477640109                     0.598604004358
 674                    -0.375802313515                     0.598773332466
 675                    -0.004831789027                     0.604366619667
 676                    -0.677895932918                     0.607053480067
 677                     0.677324670613                     0.608774776294
 678                     0.366138735460                     0.609959906870
 679                    -0.310141218164                     0.610129234978
 680                     0.060829306323                     0.615722522179
 681                    -0.743697199950                     0.617566767916
 682                     0.743315123921                     0.618026588909
 683                     0.431799830811                     0.621315809382
 684                    -0.244480122813                     0.621485137490
 685                     0.126490401674                     0.627078424692
 686                    -0.549789551950                     0.627247752800
 687                    -0.616232697965                     0.632311774145
 688                     0.497460926162                     0.632671711894
 689                    -0.178819027463                     0.632841040002
 690                     0.192151497025                     0.638434327204
 691                    -0.484128456600                     0.638603655312
 692                     0.563748746873                     0.644035267806
 693                    -0.113157932112                     0.644196942514
 694                     0.257812592375                     0.649790229716
 695                    -0.418467361249                     0.649959557824
 696                     0.629457825956                     0.655133175179
 697                    -0.047496836761                     0.655552845025
 698                     0.323473687726                     0.661146132228
 699                    -0.352806265898                     0.661315460336
 700                     0.018164258589                     0.666908747537
 701                    -0.695579089707                     0.671300207070
 702                     0.389134783077                     0.672502034740
 703                    -0.287145170547                     0.672671362848
 704                     0.693538799397                     0.673407879208
 705                     0.083825353940                     0.678264650050
 706                    -0.221484075197                     0.684027265360
 707                     0.454863121971                     0.684090868330
 708                     0.149486449291                     0.689620552561
 709                    -0.586243840455                     0.691818113217
 710                     0.520884093786                     0.695055132631
 711                    -0.155822979846                     0.695383167872
 712                     0.215147544642                     0.700976455074
 713                    -0.461132408983                     0.701145783182
 714                    -0.090161884495                     0.706739070384
 715                     0.280808639992                     0.712332357586
 716                    -0.395471313632                     0.712501685694
 717                    -0.647679568592                     0.717624842433
 718                    -0.024500789145                     0.718094972895
 719                    -0.525359507707                     0.718900099671
 720                     0.645157362041                     0.719893197809
 721                    -0.329810218281                     0.723857588206
 722                     0.345666128744                     0.727624254699
 723                     0.578979608600                     0.727693256398
 724                     0.041160306206                     0.729450875408
 725                     0.411877130036                     0.735136862266
 726                    -0.264149122931                     0.735213490718
 727                     0.106821401557                     0.740806777920
 728                    -0.198488027580                     0.746569393230
 729                     0.172482496908                     0.752162680432
 730                     0.498412637211                     0.757787656922
 731                    -0.132826932229                     0.757925295742
 732                    -0.596702472126                     0.760539543881
 733                    -0.470444897602                     0.767127701313
 734                     0.243861829134                     0.767787466746
 735                    -0.067165836878                     0.769281198254
 736                    -0.372475266015                     0.775043813564
 737                    -0.001504741528                     0.780637100765
 738                     0.308719317886                     0.783079363858
 739                    -0.534671996326                     0.784882017802
 740                    -0.306933371836                     0.787068644410
 741                     0.556508152025                     0.790425780689
 742                     0.064102819249                     0.792298330634
 743                     0.442636778482                     0.794248451586
 744                    -0.241153075314                     0.797755618588
 745                     0.376177539593                     0.800723724580
 746                     0.129817449174                     0.803348905790
 747                    -0.175799912588                     0.810767161433
 748                     0.196255694031                     0.814413552417
 749                    -0.425084487070                     0.815941317454
 750                    -0.109830884612                     0.820467423612
 751                     0.500732293296                     0.826886575353
 752                     0.263047402139                     0.831601648187
 753                    -0.489311585794                     0.833695633943
 754                    -0.350219843366                     0.837853304306
 755                    -0.045569658097                     0.839095303278
 756                     0.021118455647                     0.843315062714
 757                     0.327904890891                     0.846893545300
 758                    -0.287381885157                     0.860028221951
 759                     0.439834048466                     0.860825329471
 760                    -0.220756220409                     0.861193022968
 761                     0.149770609215                     0.866927261925
 762                     0.083139045686                     0.867682712905
 763                     0.215441267035                     0.878227733859
 764                    -0.402829064421                     0.878750808196
 765                    -0.098962711375                     0.886211007139
 766                     0.379485453474                     0.889081002299
 767                    -0.164686231386                     0.897199859757
 768                    -0.341058823290                     0.904166214464
 769                    -0.035563820997                     0.906727260777
 770                     0.031025746571                     0.909210294341
 771                     0.317333659594                     0.913112033946
 772                    -0.277652507423                     0.925949957163
 773                     0.125019650948                     0.928795881026
 774                     0.253673993154                     0.932804236293
 775                    -0.213202692530                     0.942877961322
 776                     0.188808945432                     0.948064038013
 777                    -0.135554896661                     0.957130664037
 778                    -0.069294595834                     0.964195258771
 779                     0.068595553942                     0.964245242678
 780                    -0.002705028266                     0.966678292334
