   1                    -0.054451768782                    -0.964655657252
   2                     0.067152153593                    -0.963854823332
   3                    -0.121787114590                    -0.958484966451
   4                     0.134400387193                    -0.956797819874
   5                     0.200990368272                    -0.945054709556
   6                     0.006155382438                    -0.934674005511
   7                    -0.248879636382                    -0.933586878007
   8                     0.266595959208                    -0.928683006589
   9                    -0.181590552450                    -0.926930647567
  10                    -0.313565885586                    -0.913893849191
  11                     0.330895843622                    -0.907762894629
  12                    -0.073344236189                    -0.899731078737
  13                     0.100795445781                    -0.898122150872
  14                    -0.376716383750                    -0.889724844211
  15                     0.219614853067                    -0.880052749692
  16                    -0.136772282455                    -0.876300134092
  17                     0.037367399515                    -0.874691206226
  18                     0.423924005627                    -0.868224607832
  19                    -0.266691213894                    -0.865160991961
  20                    -0.438021838799                    -0.861198235557
  21                     0.155443047190                    -0.858155868608
  22                    -0.200200328721                    -0.852869189446
  23                     0.290573517829                    -0.852864317270
  24                    -0.026177892506                    -0.851280462192
  25                     0.359839647609                    -0.846653301022
  26                     0.483610114798                    -0.836448915988
  27                     0.089373215946                    -0.831476379171
  28                    -0.497181995123                    -0.828453737946
  29                    -0.089605938772                    -0.827849517546
  30                    -0.380766824872                    -0.822228769164
  31                    -0.313411501170                    -0.816280106363
  32                     0.206436262530                    -0.813731931154
  33                     0.025827923924                    -0.808065635136
  34                    -0.153033985038                    -0.804418572900
  35                     0.414713877453                    -0.801237297399
  36                     0.537017763277                    -0.794979055800
  37                     0.320123695583                    -0.791928814961
  38                    -0.553907104137                    -0.791651724042
  39                    -0.440804194884                    -0.791121849965
  40                     0.143008216264                    -0.790300986508
  41                    -0.218532087727                    -0.786937760628
  42                    -0.037600122342                    -0.784634690490
  43                     0.474399986623                    -0.769461605555
  44                     0.256695649317                    -0.768497870315
  45                     0.077833740355                    -0.764850808080
  46                    -0.101028168608                    -0.761203745844
  47                     0.595427902077                    -0.760914676965
  48                    -0.350785131111                    -0.758178458921
  49                    -0.279890077570                    -0.757556683609
  50                    -0.497529303898                    -0.754319836060
  51                     0.372129512013                    -0.748713987905
  52                     0.193267603051                    -0.745066925670
  53                     0.014405694089                    -0.741419863434
  54                    -0.164456214873                    -0.737772801199
  55                    -0.629363897176                    -0.733093866516
  56                    -0.412788819652                    -0.729581091351
  57                     0.308701465748                    -0.725283043259
  58                    -0.562287643160                    -0.724555578208
  59                     0.129839556785                    -0.721635981024
  60                    -0.049022352177                    -0.717988918789
  61                     0.647188692630                    -0.717406668720
  62                     0.516491652231                    -0.716542630636
  63                    -0.227884261139                    -0.714341856553
  64                     0.430609252527                    -0.712352831216
  65                     0.245273419482                    -0.701852098614
  66                     0.066411510520                    -0.698205036378
  67                     0.580568839102                    -0.694950031377
  68                    -0.112450398443                    -0.694557974143
  69                    -0.469513928666                    -0.692779077447
  70                    -0.291312307405                    -0.690910911908
  71                    -0.358895105875                    -0.688744908433
  72                    -0.679095776699                    -0.687280480053
  73                     0.360707282178                    -0.682068216204
  74                     0.181845373216                    -0.678421153968
  75                     0.002983464254                    -0.674774091733
  76                    -0.175878444709                    -0.671127029497
  77                     0.695779748356                    -0.670385019201
  78                    -0.605520976921                    -0.668991923973
  79                    -0.532918951358                    -0.663649041926
  80                     0.476141144875                    -0.662284333794
  81                     0.297279235913                    -0.658637271558
  82                     0.118417326950                    -0.654990209323
  83                    -0.060444582012                    -0.651343147087
  84                    -0.413607396046                    -0.649012157152
  85                    -0.239306490974                    -0.647696084852
  86                     0.412713098609                    -0.638853389148
  87                    -0.725501650130                    -0.638101001293
  88                     0.543197017582                    -0.637086776334
  89                     0.612383259135                    -0.635284556452
  90                     0.233851189647                    -0.635206326912
  91                     0.054989280684                    -0.631559264677
  92                    -0.123872628278                    -0.627912202442
  93                    -0.477035442312                    -0.625581212506
  94                    -0.302734537240                    -0.624265140206
  95                    -0.656004458707                    -0.623728003678
  96                     0.741160641108                    -0.619695203436
  97                     0.349285052343                    -0.615422444502
  98                     0.170423143381                    -0.611775382267
  99                    -0.008438765581                    -0.608128320031
 100                     0.673576029686                    -0.606517021759
 101                    -0.187300674544                    -0.604481257796
 102                    -0.366162583506                    -0.600834195561
 103                    -0.546730418310                    -0.597457127006
 104                     0.464718915040                    -0.595638562092
 105                     0.285857006077                    -0.591991499857
 106                     0.106995097115                    -0.588344437621
 107                    -0.768354235512                    -0.585796296474
 108                    -0.071866811847                    -0.584697375386
 109                    -0.250728720809                    -0.581050313150
 110                    -0.429590629772                    -0.577403250915
 111                     0.580158262299                    -0.575839827510
 112                    -0.610158464575                    -0.574026182361
 113                     0.401290868774                    -0.572207617447
 114                     0.222428959812                    -0.568560555211
 115                     0.043567050849                    -0.564913492976
 116                     0.785677157186                    -0.562349479300
 117                    -0.135294858113                    -0.561266430740
 118                    -0.676124501516                    -0.559173297440
 119                    -0.314156767075                    -0.557619368505
 120                     0.718371201723                    -0.555866071301
 121                    -0.493170511591                    -0.554379306503
 122                     0.516724731470                    -0.552423735036
 123                     0.337862822508                    -0.548776672801
 124                     0.159000913546                    -0.545129610565
 125                     0.642276690861                    -0.542824780538
 126                    -0.019860995417                    -0.541482548330
 127                    -0.198722904379                    -0.537835486095
 128                    -0.377584813341                    -0.534188423859
 129                    -0.807443653819                    -0.530622538251
 130                    -0.556446722304                    -0.530541361623
 131                     0.453296685205                    -0.528992790391
 132                    -0.735448118627                    -0.526725883477
 133                     0.274434776242                    -0.525345728155
 134                     0.095572867280                    -0.521698665920
 135                    -0.083289041682                    -0.518051603684
 136                    -0.262150950645                    -0.514404541449
 137                    -0.441012859607                    -0.510757479213
 138                     0.569682317016                    -0.509038773697
 139                    -0.619874768570                    -0.507110416978
 140                     0.389868638939                    -0.505561845745
 141                     0.825235436437                    -0.502505727968
 142                     0.211006729976                    -0.501914783510
 143                     0.757638975484                    -0.500819108043
 144                     0.032144821014                    -0.498267721274
 145                    -0.146717087948                    -0.494620659039
 146                     0.690333020021                    -0.494335700044
 147                    -0.325578996910                    -0.490973596803
 148                    -0.504440905873                    -0.487326534568
 149                     0.505302501636                    -0.485777963335
 150                    -0.683302814835                    -0.483679472332
 151                     0.326440592673                    -0.482130901100
 152                     0.147578683711                    -0.478483838864
 153                    -0.031283225252                    -0.474836776629
 154                     0.626421298991                    -0.472258151834
 155                    -0.210145134214                    -0.471189714393
 156                    -0.389007043176                    -0.467542652158
 157                    -0.567868952139                    -0.463895589922
 158                    -0.814408027118                    -0.463364648567
 159                     0.441874455370                    -0.462347018689
 160                    -0.746870348463                    -0.460080111776
 161                     0.263012546407                    -0.458699956454
 162                     0.084150637445                    -0.455052894218
 163                    -0.094711271517                    -0.451405831983
 164                    -0.273573180480                    -0.447758769747
 165                    -0.452435089442                    -0.444111707512
 166                     0.858360160773                    -0.443557624880
 167                     0.557308318066                    -0.442563136279
 168                    -0.631296998404                    -0.440464645276
 169                     0.378446409104                    -0.438916074044
 170                     0.199584500141                    -0.435269011808
 171                     0.765331851307                    -0.433640645113
 172                     0.020722591179                    -0.431621949573
 173                    -0.158139317783                    -0.427974887337
 174                     0.677496877110                    -0.427947751927
 175                    -0.337001226745                    -0.424327825102
 176                    -0.868667501748                    -0.423015725002
 177                    -0.515863135708                    -0.420680762866
 178                     0.493880271800                    -0.419132191634
 179                    -0.694725044670                    -0.417033700630
 180                     0.315018362838                    -0.415485129398
 181                     0.136156453876                    -0.411838067162
 182                    -0.042705455087                    -0.408191004927
 183                     0.613766301070                    -0.405352621970
 184                    -0.221567364049                    -0.404543942692
 185                    -0.400429273011                    -0.400896880456
 186                    -0.579291181974                    -0.397249818221
 187                     0.430452225534                    -0.395701246988
 188                    -0.758292578298                    -0.393434340074
 189                     0.251590316572                    -0.392054184752
 190                     0.817021612361                    -0.390048273966
 191                     0.072728407610                    -0.388407122517
 192                    -0.106133501353                    -0.384760060282
 193                     0.887280896186                    -0.382437110458
 194                    -0.284995410315                    -0.381112998046
 195                     0.724734596887                    -0.379566722067
 196                    -0.463857319277                    -0.377465935810
 197                     0.545886088231                    -0.375917364578
 198                    -0.642719228239                    -0.373818873575
 199                    -0.822841432792                    -0.373295531679
 200                     0.367024179269                    -0.372270302342
 201                     0.188162270306                    -0.368623240107
 202                     0.009300361344                    -0.364976177871
 203                    -0.169561547618                    -0.361329115636
 204                    -0.896126281224                    -0.361224611969
 205                    -0.348423456581                    -0.357682053400
 206                     0.661004020848                    -0.356971592110
 207                    -0.527285365543                    -0.354034991165
 208                     0.482458041965                    -0.352486419932
 209                    -0.706147274506                    -0.350387928929
 210                     0.303596133003                    -0.348839357697
 211                     0.124734224040                    -0.345192295461
 212                    -0.054127684922                    -0.341545233226
 213                    -0.232989593884                    -0.337898170990
 214                     0.777060263179                    -0.335502726104
 215                    -0.411851502846                    -0.334251108755
 216                     0.597891904662                    -0.332702537522
 217                    -0.590713411809                    -0.330604046519
 218                     0.419029995699                    -0.329055475287
 219                     0.845942347774                    -0.328927759543
 220                    -0.774944547576                    -0.325566980405
 221                     0.240168086737                    -0.325408413051
 222                     0.061306177775                    -0.321761350816
 223                    -0.117555731188                    -0.318114288580
 224                     0.912562786545                    -0.317358655678
 225                    -0.296417640150                    -0.314467226345
 226                     0.713325767358                    -0.312918655112
 227                    -0.850300212267                    -0.311504418646
 228                    -0.475279549112                    -0.310820164109
 229                     0.534463858396                    -0.309271592877
 230                    -0.654141458075                    -0.307173101873
 231                     0.355601949434                    -0.305624530641
 232                     0.176740040471                    -0.301977468405
 233                    -0.002121868491                    -0.298330406170
 234                    -0.919196104719                    -0.297664329843
 235                    -0.180983777453                    -0.294683343935
 236                    -0.359845686416                    -0.291036281699
 237                     0.649897721092                    -0.289487710466
 238                    -0.538707595378                    -0.287389219463
 239                     0.471035812130                    -0.285840648231
 240                    -0.721243896832                    -0.284477245315
 241                     0.292173903168                    -0.282193585995
 242                     0.113311994205                    -0.278546523760
 243                    -0.065549914757                    -0.274899461524
 244                    -0.244411823719                    -0.271252399289
 245                     0.772638400062                    -0.268029966069
 246                    -0.423273732681                    -0.267605337053
 247                     0.586469674827                    -0.266056765821
 248                     0.869048145326                    -0.265380546075
 249                    -0.602135641644                    -0.263958274818
 250                     0.407607765864                    -0.262409703585
 251                    -0.801844978563                    -0.262373964149
 252                     0.228745856902                    -0.258762641350
 253                     0.049883947940                    -0.255115579114
 254                    -0.128977961023                    -0.251468516879
 255                    -0.307839869985                    -0.247821454643
 256                    -0.871772795044                    -0.247386913946
 257                     0.934102149312                    -0.246938670207
 258                     0.701903537523                    -0.246272883410
 259                    -0.486701778947                    -0.244174392408
 260                     0.523041628561                    -0.242625821175
 261                    -0.665563687910                    -0.240527330172
 262                     0.344179719598                    -0.238978758940
 263                     0.165317810636                    -0.235331696704
 264                    -0.937763983205                    -0.232646177696
 265                    -0.013544098326                    -0.231684634469
 266                    -0.192406007288                    -0.228037572233
 267                    -0.371267916251                    -0.224390509998
 268                     0.638475491257                    -0.222841938765
 269                    -0.550129825213                    -0.220743447762
 270                     0.819541201353                    -0.219324181493
 271                     0.459613582295                    -0.219194876529
 272                    -0.729071840915                    -0.217314387190
 273                     0.280751673333                    -0.215547814294
 274                     0.101889764370                    -0.211900752058
 275                    -0.076972144592                    -0.208253689823
 276                    -0.255834053554                    -0.204606627587
 277                     0.753909353954                    -0.203058056355
 278                    -0.434695962516                    -0.200959565352
 279                     0.575047444991                    -0.199410994119
 280                    -0.613557871479                    -0.197312503116
 281                     0.883437489756                    -0.197202008265
 282                     0.396185536029                    -0.195763931884
 283                    -0.792419192882                    -0.193666147955
 284                     0.217323627067                    -0.192116869648
 285                     0.038461718105                    -0.188469807413
 286                    -0.140400190858                    -0.184822745177
 287                    -0.319262099820                    -0.181175682942
 288                    -0.858843048759                    -0.181017132561
 289                     0.949085737104                    -0.181002198381
 290                     0.690481307688                    -0.179627111709
 291                    -0.498124008782                    -0.177528620706
 292                     0.511619398726                    -0.175980049474
 293                    -0.676985917745                    -0.173881558471
 294                     0.332757489763                    -0.172332987238
 295                     0.153895580801                    -0.168685925003
 296                    -0.951738976816                    -0.166488594807
 297                    -0.024966328161                    -0.165038862767
 298                    -0.203828237124                    -0.161391800532
 299                    -0.382690146086                    -0.157744738296
 300                     0.627053261422                    -0.156196167063
 301                    -0.561552055048                    -0.154097676061
 302                     0.448191352460                    -0.152549104828
 303                     0.827551299654                    -0.152182804196
 304                    -0.740413964011                    -0.150450613825
 305                     0.269329443497                    -0.148902042593
 306                     0.090467534535                    -0.145254980357
 307                    -0.088394374427                    -0.141607918122
 308                    -0.267256283389                    -0.137960855886
 309                     0.742487124119                    -0.136412284653
 310                    -0.446118192352                    -0.134313793650
 311                     0.563625215156                    -0.132765222418
 312                    -0.624980101314                    -0.130666731415
 313                     0.891447588057                    -0.130060630968
 314                     0.384763306194                    -0.129118160182
 315                    -0.808718527370                    -0.127994523084
 316                    -0.897781486761                    -0.125736717710
 317                     0.205901397232                    -0.125471097947
 318                     0.027039488269                    -0.121824035711
 319                    -0.151822420693                    -0.118176973476
 320                    -0.330684329655                    -0.114529911240
 321                     0.959420989490                    -0.114179232432
 322                     0.679059077853                    -0.112981340008
 323                    -0.509546238618                    -0.110882849005
 324                     0.500197168890                    -0.109334277772
 325                    -0.688408147580                    -0.107235786769
 326                     0.321335259928                    -0.105687215537
 327                     0.142473350966                    -0.102040153301
 328                    -0.961052640255                    -0.099515601045
 329                    -0.036388557996                    -0.098393091066
 330                    -0.215250466959                    -0.094746028830
 331                     0.794492940549                    -0.093197457598
 332                    -0.394112375921                    -0.091098966595
 333                     0.615631031587                    -0.089550395362
 334                    -0.572974284883                    -0.087451904359
 335                     0.436769122625                    -0.085903333127
 336                    -0.751836193846                    -0.083804842124
 337                     0.257907213662                    -0.082256270891
 338                     0.079045304700                    -0.078609208655
 339                    -0.099816604262                    -0.074962146420
 340                    -0.278678513225                    -0.071315084185
 341                     0.731064894289                    -0.069766512936
 342                    -0.457540422187                    -0.067668021949
 343                     0.552202985321                    -0.066119450716
 344                     0.912258148050                    -0.065725206722
 345                    -0.636402331149                    -0.064020959714
 346                     0.373341076359                    -0.062472388481
 347                    -0.815264240111                    -0.060373897478
 348                    -0.882879147363                    -0.059781835400
 349                     0.194479167397                    -0.058825326245
 350                     0.015617258434                    -0.055178264010
 351                    -0.163244650528                    -0.051531201774
 352                     0.846498756972                    -0.049982630532
 353                    -0.342106559490                    -0.047884139539
 354                     0.667636848018                    -0.046335568306
 355                    -0.520968468453                    -0.044237077303
 356                     0.488774939055                    -0.042688506071
 357                    -0.699830377415                    -0.040590015068
 358                     0.309913030093                    -0.039041443835
 359                     0.131051121131                    -0.035394381600
 360                    -0.965659358009                    -0.032055209914
 361                    -0.047810787832                    -0.031747319364
 362                    -0.226672696794                    -0.028100257129
 363                     0.783070995685                    -0.026550914460
 364                     0.965879751849                    -0.024532369649
 365                    -0.405534605756                    -0.024453194893
 366                     0.604208801752                    -0.022904623661
 367                    -0.584396514718                    -0.020806132658
 368                     0.425346892790                    -0.019257561425
 369                    -0.763258423681                    -0.017159070422
 370                     0.246484983827                    -0.015610499190
 371                     0.067623074865                    -0.011963436954
 372                    -0.111238834097                    -0.008316374719
 373                    -0.290100743060                    -0.004669312483
 374                     0.719642664454                    -0.003120741235
 375                    -0.468962652022                    -0.001022250248
 376                     0.540780755486                     0.000526320985
 377                     0.900843373238                     0.000921842245
 378                    -0.647824560984                     0.002624811988
 379                    -0.907868023706                     0.003048748547
 380                    -0.838278971440                     0.004166778985
 381                     0.361918846524                     0.004173383221
 382                     0.183056937561                     0.007820445456
 383                     0.004195028599                     0.011467507692
 384                    -0.174666880363                     0.015114569927
 385                     0.835083985731                     0.016664433355
 386                    -0.353528789325                     0.018761632163
 387                     0.656214618182                     0.020310203395
 388                    -0.532390698288                     0.022408694398
 389                     0.477352709220                     0.023957265631
 390                    -0.711252607250                     0.026055756633
 391                     0.298490800258                     0.027604327866
 392                     0.119628891296                     0.031251390102
 393                    -0.059233017667                     0.034898452337
 394                    -0.238094926629                     0.038545514573
 395                    -0.965345004155                     0.038734084591
 396                     0.771656218801                     0.040096134153
 397                    -0.416956835591                     0.042192576808
 398                     0.965230269195                     0.043082010422
 399                     0.592786572002                     0.043741148272
 400                    -0.595818744553                     0.045839639044
 401                     0.413924662954                     0.047388210276
 402                    -0.774680653516                     0.049486701279
 403                     0.235062753992                     0.051035272512
 404                     0.056200845030                     0.054682334747
 405                    -0.122661063932                     0.058329396983
 406                    -0.301522972895                     0.061976459218
 407                     0.708227887571                     0.063526307382
 408                    -0.480384881857                     0.065623521454
 409                     0.529358525651                     0.067172092687
 410                     0.902578977828                     0.068517063206
 411                    -0.659246790819                     0.069270583689
 412                    -0.905685488546                     0.070631015159
 413                     0.350496616689                     0.070819154922
 414                    -0.838106834890                     0.072922693606
 415                     0.171634707726                     0.074466217157
 416                    -0.007227201236                     0.078113279393
 417                    -0.186089110198                     0.081760341628
 418                     0.825601868975                     0.083616091319
 419                    -0.364951019160                     0.085407403864
 420                     0.644799621321                     0.086957214331
 421                    -0.543812928123                     0.089054466100
 422                     0.465930479385                     0.090603037332
 423                    -0.722674837085                     0.092701528335
 424                     0.287068570423                     0.094250099568
 425                     0.108206661461                     0.097897161803
 426                    -0.070655247502                     0.101544224038
 427                    -0.249517156464                     0.105191286274
 428                     0.760233776865                     0.106741869503
 429                    -0.428379065426                     0.108838348509
 430                     0.581370763964                     0.110388020270
 431                     0.959853380091                     0.110485387812
 432                    -0.959769069304                     0.111215402704
 433                    -0.607240974389                     0.112485410745
 434                     0.402502433119                     0.114033981978
 435                    -0.786101018459                     0.116137520662
 436                     0.223640524157                     0.117681044213
 437                     0.044778615195                     0.121328106449
 438                    -0.134083293767                     0.124975168684
 439                    -0.312945202730                     0.128622230920
 440                     0.696805437756                     0.130172041381
 441                     0.877200269295                     0.131191199604
 442                    -0.491807111692                     0.132269293155
 443                     0.517936295826                     0.133817864389
 444                    -0.670669020654                     0.135916355391
 445                     0.339074386854                     0.137464926623
 446                    -0.849529064725                     0.139568465308
 447                     0.160212477891                     0.141111988859
 448                    -0.018649431071                     0.144759051094
 449                    -0.197511340033                     0.148406113330
 450                     0.812239062619                     0.149957335258
 451                    -0.376373248996                     0.152053175565
 452                     0.633376580935                     0.153602847110
 453                    -0.555235157958                     0.155700237801
 454                     0.454508249550                     0.157248809033
 455                    -0.734454888016                     0.159781574441
 456                    -0.913743104814                     0.160750610514
 457                     0.275646340588                     0.160895871269
 458                     0.096784431625                     0.164542933505
 459                    -0.082077477337                     0.168189995740
 460                    -0.260939386299                     0.171837057975
 461                     0.748810728600                     0.173387500934
 462                    -0.439801295261                     0.175484120211
 463                     0.569942112561                     0.177032691079
 464                     0.949775418916                     0.177347641129
 465                    -0.618663204224                     0.179131182446
 466                     0.391080203284                     0.180679753679
 467                    -0.797882934281                     0.183212519087
 468                     0.212218294322                     0.184326815915
 469                     0.033356385360                     0.187973878150
 470                    -0.145505523603                     0.191620940386
 471                    -0.324367432565                     0.195268002621
 472                     0.685382397370                     0.196817674160
 473                     0.884513706489                     0.198412028642
 474                    -0.503229341527                     0.198915064857
 475                     0.506514065981                     0.200463636089
 476                    -0.682091250489                     0.202562127092
 477                     0.327652157018                     0.204110698325
 478                     0.148790248056                     0.207757760560
 479                    -0.030071660906                     0.211404822796
 480                    -0.208933569868                     0.215051885031
 481                    -0.869516496753                     0.216131245369
 482                     0.815281019431                     0.217507889818
 483                    -0.387795478831                     0.218698947267
 484                     0.621947929217                     0.220247517864
 485                    -0.566657387793                     0.222346009502
 486                    -0.940099842008                     0.223019773223
 487                     0.443086019715                     0.223894580735
 488                    -0.745877117851                     0.226427346143
 489                     0.264224110753                     0.227541642970
 490                     0.085362201790                     0.231188705206
 491                    -0.093499707172                     0.234835767441
 492                    -0.272361616134                     0.238482829677
 493                     0.737601461769                     0.240069421701
 494                    -0.451223525097                     0.242129891912
 495                     0.935045744483                     0.243341299242
 496                     0.558519882702                     0.243678462796
 497                    -0.630085434059                     0.245776954148
 498                     0.379657973449                     0.247325525381
 499                    -0.809305164117                     0.249858290789
 500                     0.200796064487                     0.250972587616
 501                     0.021934155524                     0.254619649852
 502                    -0.156927753438                     0.258266712087
 503                    -0.335789662400                     0.261913774322
 504                     0.865204460176                     0.263213874502
 505                     0.673953745672                     0.263462344919
 506                    -0.514651571362                     0.265560836558
 507                     0.495091836146                     0.267109407790
 508                    -0.693513480324                     0.269207898794
 509                     0.316229927183                     0.270756470026
 510                     0.137368018221                     0.274403532262
 511                    -0.041493890741                     0.278050594497
 512                     0.791554952581                     0.280826601943
 513                    -0.220355799704                     0.281697656733
 514                    -0.399217708666                     0.285344718968
 515                     0.610525699372                     0.286893289564
 516                    -0.922199520805                     0.288224870577
 517                    -0.578079617628                     0.288991781204
 518                     0.431663789880                     0.290540352436
 519                     0.252801880918                     0.294187414672
 520                    -0.758394886495                     0.294450251235
 521                     0.073939971955                     0.297834476907
 522                    -0.855486664076                     0.299248525467
 523                    -0.104921937007                     0.301481539143
 524                    -0.283783845969                     0.305128601378
 525                     0.725959571051                     0.306677173506
 526                     0.915736498288                     0.308143145138
 527                    -0.462645754932                     0.308775663614
 528                     0.547097652846                     0.310324234522
 529                    -0.641507663893                     0.312422725850
 530                     0.368235743614                     0.313971297082
 531                     0.189373834652                     0.317618359317
 532                     0.010511925689                     0.321265421553
 533                    -0.168349983273                     0.324912483788
 534                     0.841410213183                     0.326506528342
 535                    -0.347211892235                     0.328559546024
 536                     0.662531515806                     0.330108116615
 537                    -0.526073801197                     0.332206608260
 538                     0.483669606311                     0.333755179492
 539                    -0.704935710159                     0.335853670495
 540                     0.304807697348                     0.337402241728
 541                     0.125945788386                     0.341049303963
 542                    -0.052916120576                     0.344696366199
 543                    -0.231778029539                     0.348343428434
 544                     0.777965387477                     0.349892000567
 545                    -0.410639938501                     0.351990490670
 546                    -0.899782544766                     0.352018329531
 547                     0.599103469537                     0.353539061265
 548                    -0.589501847463                     0.355637552907
 549                     0.420241560045                     0.357186124138
 550                     0.241379651082                     0.360833186373
 551                    -0.833069688037                     0.363041984421
 552                     0.062517742120                     0.364480248609
 553                    -0.765512475269                     0.365896668828
 554                    -0.116344166842                     0.368127310844
 555                     0.891942251191                     0.371435798939
 556                    -0.295206075804                     0.371774373080
 557                     0.714537332238                     0.373322943669
 558                    -0.474067984767                     0.375421435316
 559                     0.535675422995                     0.376970006242
 560                    -0.652929893729                     0.379068497552
 561                     0.356813513779                     0.380617068783
 562                     0.177951604817                     0.384264131019
 563                    -0.000910304146                     0.387911193254
 564                    -0.179772213108                     0.391558255490
 565                    -0.358634122070                     0.395205317725
 566                     0.651109285971                     0.396753888316
 567                    -0.537496031032                     0.398852379963
 568                     0.472247376476                     0.400400951193
 569                     0.293385467513                     0.404048013429
 570                     0.833136193009                     0.404812044103
 571                     0.114523558551                     0.407695075665
 572                    -0.064338350412                     0.411342137900
 573                    -0.243200259374                     0.414989200136
 574                     0.766543148664                     0.416537770731
 575                    -0.422062168336                     0.418636262371
 576                    -0.870413111998                     0.419412144143
 577                     0.587681239702                     0.420184832966
 578                    -0.727642741660                     0.421914607887
 579                    -0.600924064280                     0.422283359847
 580                     0.408819330210                     0.423831895839
 581                    -0.799446346870                     0.424382723390
 582                     0.229957421247                     0.427478958075
 583                     0.051095512285                     0.431126020310
 584                    -0.127766396677                     0.434773082546
 585                    -0.306628309259                     0.438420149137
 586                     0.703115102398                     0.439968715376
 587                    -0.485490214601                     0.442067207018
 588                     0.524253193151                     0.443615777955
 589                    -0.664352123564                     0.445714269253
 590                     0.345391283944                     0.447262840485
 591                     0.166529374981                     0.450909902720
 592                    -0.012332533981                     0.454556964956
 593                    -0.191194442943                     0.458204027191
 594                    -0.370059282395                     0.461854615810
 595                     0.639687056132                     0.463399660022
 596                    -0.548918247849                     0.465498186902
 597                     0.460825146641                     0.467046722895
 598                     0.281963237678                     0.470693785130
 599                     0.843239269085                     0.471670507096
 600                     0.103101328715                     0.474340847366
 601                    -0.075760580247                     0.477987909601
 602                    -0.838947623579                     0.479262367689
 603                    -0.761576613260                     0.480400662449
 604                    -0.254622489209                     0.481634971837
 605                     0.758320404037                     0.483732785277
 606                    -0.433487343666                     0.485285578512
 607                     0.576259009867                     0.486830604667
 608                    -0.612345954526                     0.488930050802
 609                     0.397397100375                     0.490477667541
 610                     0.218535191412                     0.494124729776
 611                     0.039673282450                     0.497771792012
 612                    -0.139188626513                     0.501418854247
 613                    -0.318050539447                     0.505065920778
 614                     0.691692872563                     0.506614487077
 615                    -0.497015002469                     0.508836680849
 616                     0.512830963316                     0.510261549656
 617                    -0.675774353381                     0.512360040958
 618                     0.333969054109                     0.513908612186
 619                     0.155107145146                     0.517555674422
 620                    -0.023754763816                     0.521202736657
 621                    -0.202616672779                     0.524849798893
 622                    -0.381481512281                     0.528500387571
 623                     0.808185338926                     0.529492200261
 624                     0.628264826298                     0.530045431723
 625                    -0.560442844243                     0.532268179085
 626                     0.449402917182                     0.533692494661
 627                    -0.803373222983                     0.536765308852
 628                     0.270541007843                     0.537339556832
 629                     0.091679098880                     0.540986619067
 630                    -0.736044944867                     0.543012643165
 631                    -0.087182810082                     0.544633681303
 632                    -0.266044719397                     0.548280743478
 633                     0.743698688994                     0.549829314133
 634                    -0.444909573761                     0.551931350182
 635                     0.564836780032                     0.553476376369
 636                    -0.623870226131                     0.555700922140
 637                     0.385974870539                     0.557123439242
 638                     0.207112961577                     0.560770501477
 639                     0.028251052615                     0.564417563713
 640                    -0.150610856348                     0.568064625948
 641                    -0.329472769283                     0.571711692480
 642                     0.680270642728                     0.573260258779
 643                    -0.508513731127                     0.575575146550
 644                     0.501408733977                     0.576907321585
 645                     0.322546824274                     0.580554383888
 646                     0.143684915311                     0.584201446123
 647                    -0.684142072635                     0.586351056544
 648                    -0.035176993651                     0.587848508359
 649                    -0.214038902966                     0.591495570534
 650                    -0.392903742125                     0.595146159282
 651                     0.617299263731                     0.597892182115
 652                     0.437980686970                     0.600338266297
 653                    -0.574254013901                     0.602165189262
 654                     0.259118778008                     0.603985328533
 655                     0.080256869045                     0.607632390769
 656                    -0.749945347650                     0.609185938553
 657                    -0.098605039918                     0.611279453004
 658                    -0.277466949233                     0.614926515179
 659                     0.743160554058                     0.617444672084
 660                    -0.456331780282                     0.618577125879
 661                     0.553442035172                     0.620126852809
 662                     0.374552640704                     0.623769210943
 663                     0.195690731742                     0.627416273179
 664                     0.016828822779                     0.631063335414
 665                    -0.162033086536                     0.634710397589
 666                    -0.340895011600                     0.638357479201
 667                    -0.641368642558                     0.638720512332
 668                     0.679732507792                     0.640875616730
 669                    -0.519663562200                     0.642267031307
 670                     0.489986503542                     0.643553093184
 671                     0.311124594438                     0.647200155589
 672                     0.132262685476                     0.650847217825
 673                    -0.046599223487                     0.654494280060
 674                    -0.225461132802                     0.658141342235
 675                    -0.705501954963                     0.660145835203
 676                    -0.404348212913                     0.661818714005
 677                     0.606064516445                     0.664569814598
 678                     0.426558457352                     0.666984038036
 679                    -0.581373250163                     0.669908316220
 680                     0.247696548172                     0.670631100235
 681                     0.068834639210                     0.674278162471
 682                    -0.110027270105                     0.677925224645
 683                    -0.288889179068                     0.681572286881
 684                     0.541992328846                     0.686767909561
 685                     0.363130410869                     0.690414982645
 686                     0.184268501907                     0.694062044880
 687                    -0.477100376985                     0.695416144254
 688                     0.005406592944                     0.697709107116
 689                    -0.173455316371                     0.701356169291
 690                    -0.352317241436                     0.705003250904
 691                     0.660071417820                     0.705571580755
 692                    -0.657603226695                     0.707872536854
 693                     0.299702364603                     0.713845927291
 694                     0.120840455641                     0.717492989526
 695                     0.481574857967                     0.720955487297
 696                    -0.058021453675                     0.721140051701
 697                    -0.236883362637                     0.724787113937
 698                    -0.543198692546                     0.725718972648
 699                    -0.417888363155                     0.728066871664
 700                     0.415136227299                     0.733629809700
 701                     0.057412409175                     0.740923934412
 702                    -0.121449499940                     0.744570996347
 703                     0.239900016504                     0.745402311463
 704                    -0.300311408903                     0.748218058582
 705                     0.609106833730                     0.750009598135
 706                    -0.606483756358                     0.752132292530
 707                     0.541631008817                     0.754384443544
 708                     0.351708181034                     0.757060754346
 709                     0.174084417025                     0.760908216313
 710                    -0.486403387378                     0.762412562427
 711                    -0.006015637244                     0.764354878757
 712                    -0.184877546206                     0.768001940992
 713                    -0.363739471271                     0.771649022606
 714                     0.109418225805                     0.784138761227
 715                    -0.069443683510                     0.787785823403
 716                     0.454512988324                     0.788598863824
 717                     0.292084622409                     0.791077587508
 718                    -0.248305592472                     0.791432885638
 719                    -0.552393911683                     0.792708331310
 720                    -0.427180793383                     0.795043997895
 721                     0.044792123967                     0.808972113328
 722                    -0.132871729775                     0.811216768048
 723                     0.227256624354                     0.811827237921
 724                     0.391084942058                     0.812029808471
 725                    -0.311733638738                     0.814863830284
 726                     0.515913489413                     0.816920316575
 727                     0.161441024875                     0.827333142772
 728                    -0.495598608399                     0.829401924006
 729                    -0.018635922298                     0.832403057974
 730                    -0.196299776041                     0.834647712694
 731                     0.332417935570                     0.845649870484
 732                    -0.369989041964                     0.849192159910
 733                     0.097939631638                     0.850774848268
 734                     0.448239285633                     0.855924690033
 735                    -0.261668530564                     0.860526968805
 736                    -0.436376012755                     0.862033356480
 737                    -0.077929552584                     0.864905236788
 738                     0.267894669501                     0.865870512311
 739                    -0.144293959611                     0.877862539750
 740                     0.202079070022                     0.881376417161
 741                     0.387277645054                     0.885178828166
 742                     0.051427170926                     0.900974486405
 743                    -0.207722005876                     0.901293484395
 744                    -0.016273824301                     0.902553152254
 745                    -0.334189816356                     0.906555403071
 746                     0.133539598489                     0.908261964914
 747                     0.319038425505                     0.911962376589
 748                    -0.269966318302                     0.927708854746
 749                    -0.099890402568                     0.928857150661
 750                     0.254337088962                     0.932114894941
 751                     0.188521489483                     0.947620799790
 752                    -0.163318448834                     0.952288095307
 753                     0.092213285637                     0.961780766154
 754                    -0.042894653725                     0.965238613439
 755                     0.024719851140                     0.965874971801
