   1                     0.042099807892                    -0.964642795567
   2                    -0.070293663248                    -0.962998918884
   3                     0.110761331607                    -0.959187178962
   4                    -0.144115582711                    -0.954745419305
   5                     0.183306447472                    -0.947878109443
   6                    -0.215281993408                    -0.941255427702
   7                     0.253264134805                    -0.931753934730
   8                    -0.013514618200                    -0.924007783546
   9                    -0.281835619952                    -0.923513291832
  10                     0.319043768782                    -0.911328256155
  11                    -0.100759521657                    -0.901225137529
  12                     0.068944732222                    -0.901211583777
  13                    -0.346955090050                    -0.901071740958
  14                     0.137606255937                    -0.895755967172
  15                    -0.168787475819                    -0.890437828137
  16                     0.205183619597                    -0.882434236345
  17                    -0.410309034984                    -0.874044971769
  18                     0.421515835202                    -0.868695871717
  19                    -0.043980476609                    -0.862234002192
  20                     0.270963253574                    -0.862008557769
  21                    -0.294960401844                    -0.855897401009
  22                     0.354607558311                    -0.852341940235
  23                     0.023672560074                    -0.849302056516
  24                    -0.224279331989                    -0.847261320920
  25                    -0.476600014154                    -0.839738377932
  26                     0.091263615454                    -0.836049968982
  27                     0.488334810971                    -0.832968924545
  28                     0.159919037062                    -0.830518090886
  29                    -0.160018840600                    -0.822120336761
  30                    -0.090968475540                    -0.811317309676
  31                     0.225649712755                    -0.809935407281
  32                    -0.345600443978                    -0.805510966414
  33                    -0.416847195183                    -0.805478062457
  34                    -0.537906337834                    -0.801850914187
  35                     0.427802502140                    -0.800105446654
  36                    -0.022065705891                    -0.796935369620
  37                     0.293271969002                    -0.796843461227
  38                     0.548154153601                    -0.794880582700
  39                    -0.278687711789                    -0.788969319087
  40                     0.045586315873                    -0.783998087070
  41                     0.360894225249                    -0.783751515173
  42                    -0.211065455542                    -0.775877373033
  43                    -0.476393908212                    -0.770860761018
  44                     0.113178806603                    -0.770751477512
  45                     0.486529263265                    -0.764114668403
  46                    -0.134837048130                    -0.758010696930
  47                     0.180801062850                    -0.757659531458
  48                     0.603425899462                    -0.753780671497
  49                    -0.067214791883                    -0.744918750876
  50                    -0.384439879068                    -0.744700316088
  51                     0.248423319097                    -0.744567585403
  52                    -0.559568464226                    -0.736468035146
  53                    -0.628364990928                    -0.733120423287
  54                     0.000407464364                    -0.731826804822
  55                    -0.316817622821                    -0.731608370035
  56                     0.316045575344                    -0.731475639349
  57                     0.384807951922                    -0.718849406716
  58                     0.068029720611                    -0.718734858768
  59                    -0.249195366574                    -0.718516423981
  60                     0.655627035781                    -0.708845051345
  61                    -0.181027473181                    -0.706879972467
  62                     0.135651976859                    -0.705642912713
  63                    -0.498056034604                    -0.705477881978
  64                     0.522456099206                    -0.705014641339
  65                     0.452460145589                    -0.704252628577
  66                    -0.430067351055                    -0.693102806844
  67                    -0.112363877874                    -0.692902132131
  68                     0.203274233106                    -0.692550966659
  69                    -0.679029821260                    -0.686459480744
  70                     0.590611079036                    -0.686105351262
  71                    -0.044741621627                    -0.679810186078
  72                    -0.361966708813                    -0.679591751290
  73                     0.270896489353                    -0.679459020605
  74                     0.022880634620                    -0.666718240023
  75                    -0.294344452565                    -0.666499805236
  76                    -0.611271307166                    -0.666397304603
  77                     0.338518745600                    -0.666367074551
  78                     0.704491930428                    -0.660302382871
  79                    -0.225135220113                    -0.653977459442
  80                    -0.543521020141                    -0.653729359421
  81                     0.090502890867                    -0.653626293969
  82                     0.406141001847                    -0.653275128497
  83                     0.483498329890                    -0.642764420710
  84                    -0.157512963866                    -0.640885513388
  85                    -0.474738051052                    -0.640667078600
  86                     0.158125147114                    -0.640534347915
  87                    -0.729639164050                    -0.632403989585
  88                     0.551120586137                    -0.629672474656
  89                    -0.089890707619                    -0.627793567333
  90                    -0.407115794804                    -0.627575132546
  91                     0.225747403361                    -0.627442401861
  92                     0.619854424417                    -0.623648734951
  93                    -0.661936137498                    -0.619736362061
  94                    -0.022268451371                    -0.614701621279
  95                    -0.339493538557                    -0.614483186492
  96                     0.293369659608                    -0.614350455807
  97                     0.750381515113                    -0.607616283175
  98                    -0.270284306105                    -0.601960840698
  99                     0.045353804876                    -0.601609675225
 100                    -0.588464374075                    -0.601404902013
 101                     0.360991915856                    -0.601258509753
 102                     0.682674240221                    -0.594971249516
 103                    -0.520186371112                    -0.588911695293
 104                    -0.202662049858                    -0.588868894643
 105                     0.112976061123                    -0.588517729171
 106                     0.428614172103                    -0.588166563698
 107                    -0.775069290244                    -0.575826112802
 108                    -0.135039793610                    -0.575776948589
 109                    -0.452264880796                    -0.575558513802
 110                     0.180598317370                    -0.575425783117
 111                     0.496236428350                    -0.575074617644
 112                    -0.706709230784                    -0.567395759189
 113                    -0.067417537363                    -0.562685002535
 114                    -0.384642624548                    -0.562466567748
 115                     0.248220573617                    -0.562333837063
 116                     0.563858684597                    -0.561982671590
 117                    -0.639024532952                    -0.554630561549
 118                    -0.315433392096                    -0.549944221953
 119                     0.000204718884                    -0.549593056481
 120                     0.315842829864                    -0.549241891008
 121                     0.631480940844                    -0.548890725536
 122                     0.796253980301                    -0.546157226189
 123                     0.727465596049                    -0.542646274270
 124                    -0.247811135849                    -0.536852275899
 125                    -0.565036223034                    -0.536633841112
 126                     0.067826975131                    -0.536501110427
 127                     0.383465086111                    -0.536149944954
 128                    -0.180188879602                    -0.523760329845
 129                    -0.497413966787                    -0.523541895058
 130                     0.135449231378                    -0.523409164373
 131                     0.451087342358                    -0.523057998900
 132                    -0.814147469078                    -0.519106940290
 133                    -0.745787409618                    -0.510676586677
 134                    -0.112566623355                    -0.510668383791
 135                    -0.429791710540                    -0.510449949004
 136                     0.203071487625                    -0.510317218318
 137                     0.518709598605                    -0.509966052846
 138                    -0.360582478088                    -0.497927603210
 139                    -0.677807565274                    -0.497709168424
 140                    -0.044944367107                    -0.497576437737
 141                     0.270693743873                    -0.497225272264
 142                     0.586331854852                    -0.496874106792
 143                    -0.292960221840                    -0.484835657155
 144                    -0.610185309027                    -0.484617222369
 145                     0.022677889140                    -0.484484491683
 146                     0.338316000120                    -0.484133326210
 147                     0.653954111100                    -0.483782160737
 148                     0.790918693460                    -0.477486247561
 149                     0.722130309207                    -0.473975295642
 150                    -0.225337965593                    -0.471743711101
 151                    -0.542563052779                    -0.471525276314
 152                     0.090300145387                    -0.471392545629
 153                     0.405938256367                    -0.471041380156
 154                    -0.157715709346                    -0.458651765047
 155                    -0.474940796532                    -0.458433330260
 156                     0.157922401634                    -0.458300599574
 157                     0.473560512614                    -0.457949434102
 158                    -0.806862261272                    -0.450615376294
 159                     0.854170936635                    -0.450222309389
 160                    -0.405731564079                    -0.445910984465
 161                    -0.722956651266                    -0.445692549680
 162                    -0.090093453099                    -0.445559818993
 163                     0.225544657881                    -0.445208653520
 164                     0.541182768861                    -0.444857488047
 165                    -0.338109307832                    -0.432819038411
 166                    -0.655334395019                    -0.432600603625
 167                    -0.022471196852                    -0.432467872939
 168                     0.293166914128                    -0.432116707466
 169                     0.608805025108                    -0.431765541993
 170                    -0.868997497941                    -0.420893650981
 171                    -0.270487051585                    -0.419727092357
 172                    -0.587712138771                    -0.419508657571
 173                     0.045151059396                    -0.419375926884
 174                     0.678404217998                    -0.419365912086
 175                     0.360789170375                    -0.419024761412
 176                     0.747049155441                    -0.409762993909
 177                    -0.202864795338                    -0.406635146303
 178                    -0.520089882523                    -0.406416711516
 179                     0.112773315643                    -0.406283980830
 180                     0.428411426622                    -0.405932815357
 181                     0.814139313734                    -0.394171994855
 182                    -0.450880650071                    -0.393894365721
 183                    -0.768105737257                    -0.393675930936
 184                    -0.135242539090                    -0.393543200249
 185                     0.180395571890                    -0.393192034776
 186                     0.496033682869                    -0.392840869303
 187                     0.884093658067                    -0.388183617159
 188                    -0.383258393824                    -0.380802419667
 189                    -0.700483481010                    -0.380583984881
 190                    -0.067620282843                    -0.380451254195
 191                     0.248017828137                    -0.380100088722
 192                     0.563655939117                    -0.379748923249
 193                    -0.315636137576                    -0.367710473613
 194                    -0.632861224763                    -0.367492038827
 195                     0.000001973404                    -0.367359308140
 196                     0.315640084384                    -0.367008142668
 197                     0.631278195364                    -0.366656977195
 198                    -0.830240973926                    -0.363954205623
 199                    -0.248013881329                    -0.354618527559
 200                    -0.565238968515                    -0.354400092773
 201                     0.067624229651                    -0.354267362086
 202                     0.383262340631                    -0.353916196613
 203                    -0.898377224744                    -0.353873535215
 204                     0.698900451611                    -0.353565031141
 205                     0.767092033336                    -0.343865712956
 206                    -0.496029736063                    -0.341877746977
 207                    -0.180391625082                    -0.341526581505
 208                     0.135246485898                    -0.341175416032
 209                     0.450884596878                    -0.340824250559
 210                     0.844062035166                    -0.332133302625
 211                    -0.428407479815                    -0.328785800923
 212                    -0.745632567002                    -0.328567366137
 213                    -0.112769368834                    -0.328434635450
 214                     0.202868742145                    -0.328083469978
 215                     0.518506853125                    -0.327732304505
 216                     0.911555640961                    -0.318393514847
 217                    -0.360785223568                    -0.315693854869
 218                    -0.678010310754                    -0.315475420083
 219                    -0.045147112587                    -0.315342689396
 220                     0.270490998393                    -0.314991523923
 221                     0.586129109372                    -0.314640358451
 222                    -0.293162967321                    -0.302601908815
 223                    -0.610388054507                    -0.302383474028
 224                     0.022475143660                    -0.302250743342
 225                     0.338113254640                    -0.301899577869
 226                     0.653751365619                    -0.301548412397
 227                    -0.855578982674                    -0.299906146292
 228                    -0.541178822055                    -0.289861128234
 229                    -0.225540711073                    -0.289509962761
 230                     0.723521738743                    -0.289210927838
 231                     0.090097399907                    -0.289158797288
 232                     0.405735510887                    -0.288807631815
 233                    -0.922705061904                    -0.284470535559
 234                     0.797014754767                    -0.281827020726
 235                    -0.473556565807                    -0.276769182179
 236                    -0.790781652994                    -0.276550747393
 237                    -0.157918454826                    -0.276418016706
 238                     0.157719656154                    -0.276066851234
 239                     0.473357767134                    -0.275715685761
 240                     0.865909832805                    -0.266812231524
 241                    -0.405934309560                    -0.263677236125
 242                    -0.723159396746                    -0.263458801339
 243                    -0.090296198579                    -0.263326070652
 244                     0.225341912401                    -0.262974905179
 245                     0.540980023381                    -0.262623739707
 246                    -0.338312053312                    -0.250585290070
 247                    -0.655537140499                    -0.250366855285
 248                    -0.022673942332                    -0.250234124598
 249                     0.292964168648                    -0.249882959125
 250                     0.608602279628                    -0.249531793653
 251                     0.932744333989                    -0.249284916416
 252                    -0.586327908046                    -0.237844509490
 253                    -0.270689797065                    -0.237493344016
 254                     0.044948313915                    -0.237142178544
 255                     0.360586424895                    -0.236791013071
 256                     0.676224535875                    -0.236439847598
 257                    -0.845084126433                    -0.231679166039
 258                    -0.518705651799                    -0.224752563436
 259                    -0.203067540817                    -0.224401397962
 260                     0.112570570163                    -0.224050232489
 261                     0.428208681142                    -0.223699067017
 262                     0.743846792122                    -0.223347901545
 263                    -0.940637095260                    -0.217967823049
 264                     0.812171729787                    -0.214637477643
 265                    -0.451083395551                    -0.211660617381
 266                    -0.768308482738                    -0.211442182595
 267                    -0.135445284570                    -0.211309451908
 268                     0.180192826410                    -0.210958286435
 269                     0.495830937389                    -0.210607120963
 270                     0.881750505540                    -0.199780584679
 271                    -0.383461139304                    -0.198568671327
 272                    -0.700686226490                    -0.198350236541
 273                    -0.067823028323                    -0.198217505854
 274                     0.247815082657                    -0.197866340381
 275                     0.563453193636                    -0.197515174908
 276                    -0.631476994038                    -0.185827890746
 277                    -0.315838883056                    -0.185476725273
 278                    -0.000200772076                    -0.185125559800
 279                     0.315437338904                    -0.184774394327
 280                     0.631075449884                    -0.184423228854
 281                     0.948270168129                    -0.181911530970
 282                    -0.888656239492                    -0.172777567186
 283                    -0.563854737791                    -0.172735944692
 284                    -0.248216626809                    -0.172384779218
 285                     0.067421484171                    -0.172033613745
 286                     0.383059595151                    -0.171682448273
 287                     0.698697706131                    -0.171331282800
 288                    -0.820108203615                    -0.166044412733
 289                    -0.496232481543                    -0.159643998637
 290                    -0.180594370562                    -0.159292833164
 291                     0.135043740418                    -0.158941667691
 292                     0.450681851398                    -0.158590502219
 293                     0.766319962378                    -0.158239336746
 294                    -0.953782576957                    -0.150355953512
 295                     0.834644900043                    -0.149528912845
 296                    -0.428610225295                    -0.146552052582
 297                    -0.745835312482                    -0.146333617797
 298                    -0.112972114315                    -0.146200887110
 299                     0.202665996665                    -0.145849721637
 300                     0.518304107645                    -0.145498556164
 301                    -0.676626080030                    -0.133811272002
 302                    -0.360987969047                    -0.133460106528
 303                    -0.045349858068                    -0.133108941055
 304                     0.270288252912                    -0.132757775583
 305                     0.585926363892                    -0.132406610110
 306                     0.915151756625                    -0.121518324309
 307                    -0.609003823782                    -0.120719325948
 308                    -0.293365712800                    -0.120368160474
 309                     0.022272398180                    -0.120016995001
 310                     0.337910509159                    -0.119665829529
 311                     0.653548620139                    -0.119314664056
 312                    -0.541381567535                    -0.107627379893
 313                    -0.225743456553                    -0.107276214420
 314                     0.089894654427                    -0.106925048947
 315                     0.405532765406                    -0.106573883474
 316                     0.721170876386                    -0.106222718002
 317                    -0.869082566263                    -0.105985183046
 318                    -0.797635033359                    -0.100935847934
 319                    -0.473759311288                    -0.094535433839
 320                    -0.158121200306                    -0.094184268366
 321                     0.157516910674                    -0.093833102893
 322                     0.473155021654                    -0.093481937420
 323                     0.788793132633                    -0.093130771948
 324                     0.857118070298                    -0.084420348046
 325                    -0.962074614538                    -0.081978978555
 326                    -0.721775166022                    -0.081794653258
 327                    -0.406137055039                    -0.081443487785
 328                    -0.090498944059                    -0.081092322311
 329                     0.225139166921                    -0.080741156839
 330                     0.540777277901                    -0.080389991366
 331                     0.962883247138                    -0.071860762903
 332                    -0.654152909774                    -0.068702707204
 333                    -0.338514798792                    -0.068351541730
 334                    -0.022876687812                    -0.068000376257
 335                     0.292761423168                    -0.067649210784
 336                     0.608399534148                    -0.067298045312
 337                    -0.586530653527                    -0.055610761149
 338                    -0.270892542545                    -0.055259595676
 339                     0.044745568435                    -0.054908430203
 340                     0.360383679415                    -0.054557264730
 341                     0.676021790395                    -0.054206099258
 342                    -0.903448061018                    -0.045825198480
 343                    -0.834634875706                    -0.042839546350
 344                    -0.518908397279                    -0.042518815095
 345                    -0.203270286298                    -0.042167649621
 346                     0.112367824682                    -0.041816484149
 347                     0.428005935662                    -0.041465318676
 348                     0.743644046642                    -0.041114153203
 349                     0.904849560811                    -0.034762786641
 350                    -0.766994851459                    -0.029839397120
 351                    -0.451286141031                    -0.029426869041
 352                    -0.135648030050                    -0.029075703567
 353                     0.813271632567                    -0.028727184655
 354                     0.179990080929                    -0.028724538094
 355                     0.495628191909                    -0.028373372622
 356                    -0.699301995766                    -0.016686088460
 357                    -0.383663884783                    -0.016334922986
 358                    -0.068025773803                    -0.015983757513
 359                     0.247612337176                    -0.015632592040
 360                     0.563250448156                    -0.015281426568
 361                    -0.965471012913                    -0.013184843126
 362                    -0.631679739518                    -0.003594142406
 363                    -0.316041628536                    -0.003242976932
 364                    -0.000403517556                    -0.002891811459
 365                     0.315234593423                    -0.002540645986
 366                     0.965558469836                    -0.002226699654
 367                     0.630872704403                    -0.002189480513
 368                    -0.564057483271                     0.009497803649
 369                    -0.248419372289                     0.009848969123
 370                     0.067218738691                     0.010200134595
 371                     0.382856849671                     0.010551300068
 372                     0.698494960650                     0.010902465541
 373                    -0.812073310145                     0.022238440334
 374                    -0.496435227022                     0.022589749703
 375                    -0.180797116042                     0.022940915177
 376                    -0.903292688251                     0.023052551561
 377                     0.134840994938                     0.023292080650
 378                     0.450479105918                     0.023643246122
 379                     0.766117216897                     0.023994411595
 380                     0.902551616884                     0.034076795325
 381                    -0.744451081757                     0.035330530284
 382                    -0.428812970775                     0.035681695757
 383                    -0.113174859795                     0.036032861231
 384                     0.202463251185                     0.036384026704
 385                     0.518101362165                     0.036735192177
 386                     0.833739473144                     0.037086357649
 387                    -0.676828825510                     0.048422476338
 388                    -0.361190714528                     0.048773641812
 389                    -0.045552603548                     0.049124807285
 390                     0.270085507432                     0.049475972758
 391                     0.585723618412                     0.049827138231
 392                    -0.963954489077                     0.055676385057
 393                    -0.609206569263                     0.061514422393
 394                    -0.293568458281                     0.061865587867
 395                     0.022069652699                     0.062216753339
 396                     0.337707763679                     0.062567918812
 397                     0.653345874659                     0.062919084285
 398                     0.963260525909                     0.066612882311
 399                    -0.857222396137                     0.074255059078
 400                    -0.541584313014                     0.074606368447
 401                    -0.225946202033                     0.074957533921
 402                     0.089691908946                     0.075308699394
 403                     0.405330019926                     0.075659864866
 404                     0.720968130906                     0.076011030339
 405                    -0.789600167749                     0.087347149028
 406                    -0.473962056766                     0.087698314501
 407                    -0.158323945786                     0.088049479975
 408                     0.157314165193                     0.088400645448
 409                     0.472952276173                     0.088751810921
 410                     0.788590387153                     0.089102976394
 411                     0.871371368404                     0.097745407873
 412                    -0.721977911502                     0.100439095082
 413                    -0.406339800519                     0.100790260556
 414                    -0.090701689539                     0.101141426029
 415                     0.224936421441                     0.101492591502
 416                     0.540574532420                     0.101843756975
 417                    -0.917884196963                     0.106878892574
 418                    -0.654355655254                     0.113531041137
 419                    -0.338717544272                     0.113882206611
 420                    -0.023079433292                     0.114233372084
 421                     0.292558677688                     0.114584537556
 422                     0.608196788667                     0.114935703029
 423                    -0.586733399005                     0.126622987190
 424                    -0.271095288025                     0.126974152665
 425                     0.044542822955                     0.127325318138
 426                     0.360180933935                     0.127676483611
 427                     0.675819044915                     0.128027649083
 428                     0.936418674257                     0.130045394411
 429                    -0.834749253740                     0.139363767772
 430                    -0.519111142758                     0.139714933245
 431                    -0.203473031778                     0.140066098719
 432                     0.112165079202                     0.140417264192
 433                     0.427803190182                     0.140768429665
 434                     0.743441301162                     0.141119595138
 435                    -0.767126997493                     0.152455713826
 436                    -0.451488886511                     0.152806879300
 437                    -0.135850775531                     0.153158044774
 438                     0.179787335449                     0.153509210246
 439                     0.495425446429                     0.153860375719
 440                     0.811063557409                     0.154211541192
 441                    -0.699504741246                     0.165547659881
 442                    -0.383866630264                     0.165898825355
 443                    -0.068228519284                     0.166249990828
 444                     0.247409591696                     0.166601156300
 445                     0.563047702676                     0.166952321773
 446                    -0.950957340650                     0.167296901132
 447                     0.878639793951                     0.167538988291
 448                    -0.631882484997                     0.178639605934
 449                    -0.316244374016                     0.178990771409
 450                    -0.000606263037                     0.179341936882
 451                     0.315031847943                     0.179693102355
 452                     0.630669958923                     0.180044267827
 453                    -0.884848702863                     0.186631238500
 454                    -0.564260228749                     0.191731551989
 455                    -0.248622117769                     0.192082717463
 456                     0.067015993211                     0.192433882936
 457                     0.382654104190                     0.192785048409
 458                     0.698292215170                     0.193136213882
 459                     0.944959705355                     0.198391713838
 460                    -0.496637972502                     0.204823498044
 461                    -0.180999861522                     0.205174663518
 462                     0.134638249458                     0.205525828990
 463                     0.450276360437                     0.205876994463
 464                     0.765914471417                     0.206228159936
 465                    -0.819104940162                     0.207172082136
 466                    -0.429015716255                     0.217915444099
 467                    -0.113377605275                     0.218266609572
 468                     0.202260505705                     0.218617775045
 469                     0.517898616684                     0.218968940517
 470                    -0.751339203182                     0.219499834689
 471                     0.833490707960                     0.219555607035
 472                    -0.677031570988                     0.230656224678
 473                    -0.361393460008                     0.231007390153
 474                    -0.045755349028                     0.231358555626
 475                     0.269882761952                     0.231709721099
 476                     0.585520872932                     0.232060886571
 477                    -0.936611340186                     0.234664258674
 478                    -0.609409314740                     0.243748170732
 479                    -0.293771203761                     0.244099336207
 480                     0.021866907219                     0.244450501680
 481                     0.337505018199                     0.244801667153
 482                     0.653143129179                     0.245152832626
 483                    -0.870502702399                     0.253998596041
 484                    -0.541787058494                     0.256840116788
 485                    -0.226148947514                     0.257191282262
 486                     0.089489163466                     0.257542447734
 487                     0.405127274446                     0.257893613207
 488                     0.720765385426                     0.258244778680
 489                     0.928412239608                     0.265252389640
 490                    -0.474164802247                     0.269932062843
 491                    -0.158526691267                     0.270283228316
 492                     0.157111419713                     0.270634393789
 493                     0.472749530693                     0.270985559261
 494                     0.788341621968                     0.271572225779
 495                    -0.796056255590                     0.272079144394
 496                    -0.722756642342                     0.282167256905
 497                    -0.406542545999                     0.283024008897
 498                    -0.090904435020                     0.283375174370
 499                     0.224733675960                     0.283726339843
 500                     0.540371786940                     0.284077505316
 501                     0.855963878216                     0.284664171833
 502                    -0.654558400732                     0.295764789477
 503                    -0.338920289752                     0.296115954951
 504                    -0.023282178772                     0.296467120424
 505                     0.292355932207                     0.296818285897
 506                     0.607994043187                     0.297169451370
 507                    -0.915586455402                     0.306368948907
 508                    -0.586936144485                     0.308856735532
 509                    -0.271298033505                     0.309207901006
 510                     0.044340077475                     0.309559066478
 511                     0.359978188454                     0.309910231951
 512                     0.675616299434                     0.310261397424
 513                    -0.846789397992                     0.318665804003
 514                    -0.519313888238                     0.321948681587
 515                    -0.203675777258                     0.322299847060
 516                     0.111962333722                     0.322651012533
 517                     0.427600444701                     0.323002178005
 518                     0.743192535977                     0.323588844523
 519                     0.907140429937                     0.330763294876
 520                    -0.767327882598                     0.334679856664
 521                    -0.451691631991                     0.335040627641
 522                    -0.136053521011                     0.335391793114
 523                     0.179584589969                     0.335742958587
 524                     0.495222700949                     0.336094124060
 525                     0.810814792224                     0.336680790577
 526                    -0.699707486723                     0.347781408220
 527                    -0.384069375744                     0.348132573695
 528                    -0.068431264764                     0.348483739168
 529                     0.247206846216                     0.348834904641
 530                     0.562844957196                     0.349186070114
 531                    -0.632085230477                     0.360873354277
 532                    -0.316447119497                     0.361224519750
 533                    -0.000809008517                     0.361575685223
 534                     0.314829102463                     0.361926850695
 535                     0.630467213443                     0.362278016168
 536                    -0.891370114811                     0.371170358847
 537                    -0.564462974229                     0.373965300331
 538                    -0.248824863250                     0.374316465804
 539                     0.066813247730                     0.374667631277
 540                     0.382451358710                     0.375018796750
 541                     0.698043449985                     0.375605463267
 542                    -0.818061025000                     0.381266516272
 543                     0.861991343946                     0.382779913620
 544                    -0.496840717982                     0.387057246385
 545                    -0.181202607002                     0.387408411858
 546                     0.134435503977                     0.387759577331
 547                     0.450073614957                     0.388110742804
 548                     0.768354466512                     0.390943780155
 549                    -0.744856572715                     0.399798026964
 550                    -0.429218461735                     0.400149192440
 551                    -0.113580350755                     0.400500357913
 552                     0.202057760224                     0.400851523385
 553                     0.517695871204                     0.401202688858
 554                    -0.677234316468                     0.412889973021
 555                    -0.361596205488                     0.413241138494
 556                    -0.045958094508                     0.413592303967
 557                     0.269680016471                     0.413943469440
 558                     0.585318127451                     0.414294634912
 559                    -0.609612060221                     0.425981919075
 560                    -0.293973949241                     0.426333084548
 561                     0.021664161739                     0.426684250021
 562                     0.337302272718                     0.427035415494
 563                     0.652758276298                     0.428294453300
 564                    -0.862641741818                     0.433771071116
 565                    -0.541989803974                     0.439073865129
 566                    -0.226351692994                     0.439425030602
 567                     0.089286417986                     0.439776196075
 568                     0.404924528966                     0.440127361548
 569                     0.720506611737                     0.440717481786
 570                    -0.795041259999                     0.446974989069
 571                     0.853678982639                     0.451154420864
 572                    -0.474367547727                     0.452165811184
 573                    -0.158729436747                     0.452516976657
 574                     0.156908674233                     0.452868142129
 575                     0.472546785213                     0.453219307602
 576                     0.785777910581                     0.462713530035
 577                    -0.406745291479                     0.465257757238
 578                    -0.091107180500                     0.465608922711
 579                    -0.725235025613                     0.465907888346
 580                     0.224530930480                     0.465960088184
 581                     0.540169041460                     0.466311253657
 582                    -0.654761146212                     0.477998537819
 583                    -0.339123035232                     0.478349703292
 584                    -0.023484924253                     0.478700868765
 585                     0.292153186727                     0.479052034238
 586                     0.607609190307                     0.480311072045
 587                    -0.587138889965                     0.491090483873
 588                    -0.271500778985                     0.491441649346
 589                     0.044137331994                     0.491792814819
 590                     0.359775442974                     0.492143980292
 591                     0.675231446554                     0.493403018098
 592                    -0.519516633718                     0.504182429928
 593                    -0.203878522738                     0.504533595401
 594                     0.111759588242                     0.504884760873
 595                     0.427397699221                     0.505235926346
 596                    -0.818890420236                     0.511592217015
 597                     0.740703306086                     0.514794703419
 598                    -0.451894377471                     0.517274375982
 599                    -0.136256266491                     0.517625541455
 600                     0.179381844488                     0.517976706928
 601                     0.495019955468                     0.518327872400
 602                     0.808604990615                     0.527698859214
 603                    -0.699901128208                     0.530023057200
 604                    -0.384272121224                     0.530366322036
 605                    -0.068634010244                     0.530717487509
 606                     0.247004100736                     0.531068652982
 607                     0.568147368470                     0.536764001186
 608                    -0.632278871961                     0.543115003254
 609                    -0.316649864977                     0.543458268091
 610                    -0.001011753997                     0.543809433563
 611                     0.314626356983                     0.544160599036
 612                     0.635769624717                     0.549855947240
 613                    -0.764517619717                     0.553874212654
 614                    -0.564656615714                     0.556206949309
 615                    -0.249027608730                     0.556550214145
 616                     0.066610502250                     0.556901379618
 617                     0.382248613230                     0.557252545090
 618                    -0.497034359467                     0.569298895363
 619                    -0.181405352483                     0.569642160199
 620                     0.134232758497                     0.569993325672
 621                     0.449870869477                     0.570344491145
 622                     0.701241484249                     0.571247632561
 623                    -0.429412103220                     0.582390841418
 624                    -0.113783096235                     0.582734106253
 625                     0.201855014744                     0.583085271726
 626                     0.517493125724                     0.583436437199
 627                     0.768928402330                     0.584001052186
 628                    -0.361789846973                     0.595482787472
 629                    -0.046160839989                     0.595826052308
 630                    -0.676197262244                     0.596174814660
 631                     0.269477270991                     0.596177217780
 632                     0.590750860489                     0.601985399585
 633                     0.021461416259                     0.608917998362
 634                    -0.608575005997                     0.609266760715
 635                     0.337099527238                     0.609269163834
 636                    -0.294333281417                     0.609403288716
 637                    -0.741282710877                     0.618714844996
 638                    -0.226554438474                     0.621658778943
 639                     0.089083672506                     0.622009944416
 640                    -0.540952749750                     0.622358706769
 641                     0.404721783485                     0.622361109889
 642                     0.656323342190                     0.623463809224
 643                    -0.158932182227                     0.634750724998
 644                     0.156705928753                     0.635101890470
 645                    -0.473330493503                     0.635450652823
 646                     0.472344039733                     0.635453055943
 647                     0.725261096437                     0.637267695265
 648                    -0.091309925980                     0.647842671052
 649                     0.224328185000                     0.648193836524
 650                    -0.405708237256                     0.648542598877
 651                     0.539966295980                     0.648545001997
 652                    -0.023687669733                     0.660934617106
 653                     0.291950441247                     0.661285782579
 654                    -0.338251671700                     0.662463100121
 655                    -0.689219747686                     0.663810481762
 656                     0.605450738554                     0.669898136944
 657                     0.043934586514                     0.674026563160
 658                    -0.586101835742                     0.674375325513
 659                     0.359572697494                     0.674377728633
 660                    -0.270472828757                     0.674718590348
 661                     0.111556842761                     0.687118509214
 662                     0.427194953741                     0.687469674687
 663                    -0.202850572510                     0.687810536403
 664                     0.675958943038                     0.689483592401
 665                    -0.520568495541                     0.695983528980
 666                     0.179179099009                     0.700210455269
 667                    -0.450857323247                     0.700559217621
 668                     0.494817209988                     0.700561620741
 669                    -0.135228316263                     0.700902482457
 670                     0.246801355256                     0.713302401323
 671                    -0.067606060016                     0.713994428511
 672                    -0.383401266054                     0.714482185792
 673                    -0.646110653642                     0.717529887959
 674                     0.314423611503                     0.726394347377
 675                     0.000016196231                     0.727086374565
 676                    -0.314975816102                     0.727289045063
 677                     0.556349448306                     0.731512424270
 678                     0.625086339403                     0.735917920121
 679                     0.382045867750                     0.739486293431
 680                     0.067638452478                     0.740178320620
 681                    -0.247240638198                     0.740476375992
 682                    -0.582171315756                     0.743141011753
 683                     0.135260708725                     0.753270266674
 684                    -0.485046425010                     0.760352811861
 685                    -0.181453529661                     0.760877967642
 686                    -0.112767457907                     0.766015295584
 687                     0.202882964972                     0.766362212728
 688                     0.476799472429                     0.767041164397
 689                    -0.045145201660                     0.779107241638
 690                    -0.360123035268                     0.779307284105
 691                     0.270505221219                     0.779454158782
 692                     0.022477054587                     0.792199187692
 693                    -0.292500309214                     0.792396803292
 694                    -0.426700873620                     0.796958347296
 695                     0.542236615930                     0.798929013873
 696                    -0.541998755168                     0.799090399304
 697                     0.416002424114                     0.799412255011
 698                     0.347138778219                     0.800814786874
 699                     0.090099310835                     0.805291133746
 700                    -0.226659847343                     0.812881654869
 701                     0.157721567082                     0.818383079801
 702                    -0.158980359460                     0.825986532459
 703                    -0.090294287651                     0.831123860382
 704                     0.225343823329                     0.831475025855
 705                     0.483901964390                     0.835551916833
 706                    -0.483653203779                     0.835695934738
 707                    -0.022672031404                     0.844215806436
 708                     0.292966079576                     0.844566971909
 709                    -0.356917537343                     0.848110578898
 710                    -0.277306523822                     0.859578031896
 711                     0.043562004202                     0.863131308268
 712                     0.423104916075                     0.867923007448
 713                    -0.422846521463                     0.868048924975
 714                     0.112572481090                     0.870399698545
 715                     0.354620372832                     0.875273920871
 716                    -0.211663884085                     0.880439777743
 717                     0.180194737337                     0.883491644599
 718                    -0.143980379102                     0.893211298585
 719                    -0.075294307347                     0.898348626520
 720                    -0.325084364801                     0.909190998980
 721                    -0.007672051099                     0.911440572574
 722                     0.300332374684                     0.917664743564
 723                    -0.259441725064                     0.930052744827
 724                     0.234148625077                     0.936740379315
 725                     0.099151124122                     0.937957346288
 726                    -0.190526433940                     0.946129767825
 727                     0.166773380369                     0.951049292342
 728                    -0.120600521995                     0.957999807390
 729                    -0.051998611094                     0.964159873314
 730                     0.035760761328                     0.964898587839
