   1                     0.030429220566                    -0.964566360493
   2                    -0.039477575892                    -0.964238415673
   3                    -0.109177213921                    -0.958850633424
   4                     0.120885595227                    -0.957444971852
   5                    -0.184338109665                    -0.947274264377
   6                     0.212386685216                    -0.941385201286
   7                    -0.254663490934                    -0.930838711939
   8                     0.279978261745                    -0.923540131347
   9                     0.071483095684                    -0.907983261633
  10                    -0.328128316103                    -0.907549452884
  11                     0.346100512254                    -0.900848376753
  12                    -0.067848604222                    -0.900346690932
  13                     0.002056781169                    -0.899794574821
  14                     0.157604546310                    -0.897957272534
  15                    -0.137548242250                    -0.894958908683
  16                    -0.392966775798                    -0.881414382897
  17                    -0.205979786892                    -0.880669351771
  18                     0.222605305297                    -0.872228512944
  19                     0.413192103443                    -0.872116097151
  20                    -0.273769579310                    -0.863592707404
  21                     0.290196881826                    -0.854383443005
  22                    -0.455743143827                    -0.850654094278
  23                     0.108202046768                    -0.848495562314
  24                     0.038775732253                    -0.840306875503
  25                     0.475242283132                    -0.839916051508
  26                    -0.097823599990                    -0.837191585299
  27                     0.356266401825                    -0.831538612826
  28                    -0.333566040764                    -0.827378746887
  29                    -0.029185909517                    -0.823927529154
  30                    -0.516128001438                    -0.815430001527
  31                    -0.225085875268                    -0.813423347237
  32                     0.170884188196                    -0.810953461878
  33                    -0.400630821616                    -0.807645959242
  34                     0.240946809661                    -0.804769955618
  35                     0.534798630743                    -0.803308549571
  36                    -0.156608089090                    -0.799357056360
  37                     0.422483177740                    -0.794051636794
  38                     0.108361894162                    -0.778588179388
  39                    -0.573804479319                    -0.775926942935
  40                    -0.281189504562                    -0.771716626928
  41                     0.038720140719                    -0.770282122629
  42                     0.360481530476                    -0.761758240017
  43                    -0.350009335802                    -0.759432549148
  44                    -0.101333585259                    -0.756486725605
  45                     0.290774621596                    -0.755338105264
  46                    -0.029277768319                    -0.754020023829
  47                    -0.441445481139                    -0.750890066976
  48                     0.609229728398                    -0.748433924468
  49                    -0.511105286257                    -0.745009651199
  50                     0.471843795115                    -0.744548129936
  51                     0.222229964442                    -0.737414573919
  52                     0.540899453969                    -0.733667701681
  53                    -0.166134843509                    -0.730101668922
  54                    -0.636426629153                    -0.725448376498
  55                     0.153410133202                    -0.725130496139
  56                    -0.235170117612                    -0.719092642247
  57                     0.084590301961                    -0.712846418360
  58                     0.409842147850                    -0.712254733159
  59                    -0.569230042848                    -0.706169203079
  60                    -0.303753518668                    -0.705550676422
  61                     0.015770470721                    -0.700562340580
  62                     0.336098034722                    -0.696240968450
  63                     0.656465410766                    -0.695266784843
  64                    -0.372573349909                    -0.693266598643
  65                    -0.053049360520                    -0.688278262801
  66                     0.267278203482                    -0.683956890670
  67                     0.587852515235                    -0.681875059572
  68                    -0.441393181149                    -0.680982520863
  69                    -0.121869191760                    -0.675994185021
  70                    -0.689061020001                    -0.675654580369
  71                     0.198458372241                    -0.671672812891
  72                    -0.510213012389                    -0.668698443082
  73                     0.518841312443                    -0.667331390876
  74                    -0.190861420927                    -0.664695102288
  75                     0.129638541001                    -0.659388735111
  76                    -0.621655485035                    -0.657119165759
  77                     0.450021481202                    -0.655047313096
  78                     0.711425394940                    -0.652063976130
  79                    -0.259508854240                    -0.651426029463
  80                     0.060818709760                    -0.647104657332
  81                     0.381191291491                    -0.642821232237
  82                    -0.328328685480                    -0.639141951683
  83                    -0.008001121480                    -0.634820579552
  84                     0.312326442521                    -0.630499207422
  85                     0.632361644807                    -0.627967684162
  86                    -0.397148516721                    -0.626857873904
  87                    -0.736165132788                    -0.623999277664
  88                    -0.076820952721                    -0.622536501772
  89                     0.243506611280                    -0.618215129642
  90                    -0.465968347961                    -0.614573796123
  91                     0.563889551482                    -0.613873707627
  92                    -0.145640783961                    -0.610252423993
  93                     0.174686780040                    -0.605931051862
  94                    -0.535595728557                    -0.602601899848
  95                     0.495069720242                    -0.601589629848
  96                     0.757149585294                    -0.598363356789
  97                    -0.214460615202                    -0.597968346214
  98                     0.105866948800                    -0.593646974083
  99                    -0.674195168521                    -0.591645123872
 100                    -0.604323853195                    -0.589394116651
 101                     0.426194512801                    -0.589325601953
 102                     0.688329754053                    -0.586079279009
 103                    -0.283280446442                    -0.585684268434
 104                     0.037047117559                    -0.581362896303
 105                     0.357374681560                    -0.577041524173
 106                    -0.352100277682                    -0.573400190654
 107                    -0.031772713681                    -0.569078818524
 108                    -0.779406221832                    -0.569069541118
 109                     0.288554850320                    -0.564757446393
 110                     0.611031332632                    -0.561393773947
 111                    -0.420920108922                    -0.561116112874
 112                    -0.100592544922                    -0.556794740744
 113                     0.219735019079                    -0.552473368614
 114                    -0.489739940163                    -0.548832035095
 115                     0.540117959281                    -0.548131946599
 116                    -0.169412376162                    -0.544510662965
 117                     0.798479778979                    -0.541981774434
 118                     0.150915187839                    -0.540189290834
 119                    -0.558559771404                    -0.536547957315
 120                     0.471242751840                    -0.535867918704
 121                    -0.238232207403                    -0.532226585185
 122                     0.729659947739                    -0.529697696655
 123                     0.082095356599                    -0.527905213055
 124                    -0.697966760722                    -0.525903362844
 125                    -0.628095445397                    -0.523652355624
 126                     0.402422920600                    -0.523583840925
 127                    -0.307052038643                    -0.519942507406
 128                     0.013275525358                    -0.515621135275
 129                     0.661715675607                    -0.513246446752
 130                     0.333603089359                    -0.511299763145
 131                    -0.375871869883                    -0.507658429626
 132                    -0.055544305882                    -0.503337057496
 133                    -0.763304077082                    -0.501041688930
 134                     0.264783258119                    -0.499015685365
 135                     0.586582707337                    -0.495900778443
 136                    -0.444691701124                    -0.495374351846
 137                    -0.124364137123                    -0.491052979716
 138                    -0.832123908322                    -0.488757611150
 139                     0.195963426878                    -0.486731607586
 140                    -0.513511532364                    -0.483090274067
 141                     0.835619953053                    -0.482756144775
 142                     0.516290990879                    -0.482410235456
 143                    -0.193183968363                    -0.478768901937
 144                     0.127143595638                    -0.474447529806
 145                    -0.582331363605                    -0.470806196287
 146                     0.766800121813                    -0.470472066995
 147                     0.447471159639                    -0.470126157676
 148                    -0.262003799604                    -0.466484824157
 149                     0.058323764398                    -0.462163452027
 150                    -0.651867037598                    -0.457910594596
 151                     0.378651328398                    -0.457842079896
 152                    -0.330823630844                    -0.454200746377
 153                     0.698978892399                    -0.453520707766
 154                    -0.010496066843                    -0.449879374247
 155                    -0.720686868838                    -0.445626516816
 156                     0.309831497158                    -0.445558002117
 157                    -0.399643462084                    -0.441916668598
 158                     0.630159061159                    -0.441236629987
 159                    -0.079315898083                    -0.437595296467
 160                    -0.789506700079                    -0.433342439036
 161                     0.241011665918                    -0.433273924337
 162                    -0.468463293325                    -0.429632590818
 163                     0.561339229919                    -0.428952552207
 164                    -0.865322801191                    -0.427236060039
 165                    -0.148135729324                    -0.425311218688
 166                     0.172191834677                    -0.420989846557
 167                    -0.537283124565                    -0.417348513039
 168                     0.811848360852                    -0.417014383746
 169                     0.492519398678                    -0.416668474427
 170                    -0.216955560564                    -0.413027140908
 171                     0.103372003437                    -0.408705768778
 172                    -0.606102955806                    -0.405064435259
 173                     0.423699567438                    -0.404384396648
 174                    -0.285775391805                    -0.400743063129
 175                     0.744027131439                    -0.400063024518
 176                     0.879132935846                    -0.398044573344
 177                     0.034552172196                    -0.396421690998
 178                    -0.675638629798                    -0.392168833568
 179                     0.354879736197                    -0.392100318868
 180                    -0.354595223045                    -0.388458985349
 181                     0.675207300199                    -0.387778946738
 182                    -0.034267659044                    -0.384137613219
 183                    -0.744458461039                    -0.379884755788
 184                     0.286059904957                    -0.379816241089
 185                    -0.423415054286                    -0.376174907569
 186                     0.606387468958                    -0.375494868958
 187                    -0.103087490284                    -0.371853535439
 188                    -0.822705592947                    -0.371820887925
 189                     0.217240073717                    -0.367532163309
 190                    -0.492234885526                    -0.363890829790
 191                    -0.893980915942                    -0.363472589323
 192                     0.537567637718                    -0.363210791179
 193                    -0.171907321525                    -0.359569457660
 194                     0.148420242476                    -0.355248085529
 195                    -0.561054716766                    -0.351606752011
 196                     0.468747806477                    -0.350926713399
 197                     0.823298350534                    -0.348050875460
 198                    -0.240727152765                    -0.347285379880
 199                     0.079600411236                    -0.342964007750
 200                    -0.629874548007                    -0.339322674231
 201                     0.399927975237                    -0.338642635619
 202                    -0.309546984006                    -0.335001302101
 203                     0.720255539238                    -0.334321263489
 204                     0.905641584063                    -0.333357949467
 205                     0.010780579995                    -0.330679929970
 206                    -0.699410222000                    -0.326427072539
 207                     0.331108143996                    -0.326358557840
 208                    -0.378366815246                    -0.322717224321
 209                     0.651435707998                    -0.322037185710
 210                    -0.058039251245                    -0.318395852191
 211                    -0.777657353908                    -0.318363204676
 212                     0.262288312756                    -0.314074480060
 213                    -0.447186646487                    -0.310433146542
 214                     0.582615876757                    -0.309753107930
 215                    -0.851363707699                    -0.308057417209
 216                    -0.126859082485                    -0.306111774411
 217                     0.193468481516                    -0.301790402281
 218                    -0.516006477727                    -0.298149068762
 219                     0.513796045517                    -0.297469030150
 220                     0.777951325456                    -0.294846410842
 221                    -0.195678913726                    -0.293827696632
 222                    -0.919640586716                    -0.292528013627
 223                     0.124648650275                    -0.289506324501
 224                    -0.584826308968                    -0.285864990982
 225                     0.854629844437                    -0.285557633996
 226                     0.444976214276                    -0.285184952371
 227                    -0.264498744966                    -0.281543618852
 228                     0.055828819035                    -0.277222246722
 229                    -0.653646140208                    -0.273580913203
 230                     0.376156383036                    -0.272900874591
 231                    -0.333318576207                    -0.269259541072
 232                     0.696483947037                    -0.268579502461
 233                     0.927397881503                    -0.266922031015
 234                    -0.012991012206                    -0.264938168942
 235                    -0.732533661936                    -0.264864864444
 236                     0.307336551795                    -0.260616796812
 237                    -0.402138407447                    -0.256975463293
 238                     0.627664115797                    -0.256295424682
 239                    -0.081810843446                    -0.252654091163
 240                    -0.801356052144                    -0.252595131565
 241                     0.238516720555                    -0.248332719032
 242                    -0.470958238688                    -0.244691385513
 243                     0.558844284556                    -0.244011346902
 244                    -0.870252815129                    -0.240750141530
 245                    -0.150630674686                    -0.240370013383
 246                     0.169696889315                    -0.236048641253
 247                    -0.539778069928                    -0.232407307734
 248                     0.809282819358                    -0.232353169378
 249                     0.490024453316                    -0.231727269122
 250                    -0.219450505927                    -0.228085935603
 251                    -0.938405790057                    -0.225186088480
 252                     0.100877058074                    -0.223764563473
 253                    -0.608597901168                    -0.220123229954
 254                     0.421204622075                    -0.219443191343
 255                     0.877658580031                    -0.217799025937
 256                    -0.288270337167                    -0.215801857824
 257                     0.741532186076                    -0.215121819212
 258                     0.032057226834                    -0.211480485694
 259                    -0.677417732409                    -0.207839152175
 260                     0.352384790835                    -0.207159113563
 261                    -0.357090168408                    -0.203517780044
 262                     0.672712354835                    -0.202837741433
 263                    -0.036762604407                    -0.199196407914
 264                     0.944593391095                    -0.197629771943
 265                    -0.746373209155                    -0.196340892933
 266                     0.283564959594                    -0.194875035784
 267                    -0.425909999648                    -0.191233702265
 268                     0.603892523595                    -0.190553663653
 269                    -0.105582435647                    -0.186912330134
 270                    -0.815195599363                    -0.184071160054
 271                     0.214745128354                    -0.182590958004
 272                    -0.494729830889                    -0.178949624485
 273                     0.535072692355                    -0.178269585874
 274                    -0.174402266888                    -0.174628252355
 275                    -0.884092362349                    -0.172226170019
 276                     0.145925297113                    -0.170306880224
 277                    -0.563549662129                    -0.166665546706
 278                     0.466252861115                    -0.165985508094
 279                     0.790721352460                    -0.164917666868
 280                    -0.243222098128                    -0.162344174575
 281                     0.077105465873                    -0.158022802445
 282                    -0.952245337276                    -0.156662116970
 283                    -0.632369493369                    -0.154381468926
 284                     0.397433029874                    -0.153701430315
 285                    -0.312041929368                    -0.150060096796
 286                     0.717760593876                    -0.149380058183
 287                     0.889487033680                    -0.148899421997
 288                     0.008285634633                    -0.145738724665
 289                    -0.701189324610                    -0.142097391147
 290                     0.328613198634                    -0.141417352535
 291                    -0.380861760609                    -0.137776019016
 292                     0.648940762635                    -0.137095980405
 293                    -0.060534196608                    -0.133454646886
 294                    -0.770144801356                    -0.130599131905
 295                     0.259793367393                    -0.129133274755
 296                     0.956421844744                    -0.128730168003
 297                    -0.449681591849                    -0.125491941236
 298                     0.580120931394                    -0.124811902625
 299                    -0.129354027848                    -0.121170569106
 300                    -0.838967191564                    -0.118329399026
 301                     0.190973536153                    -0.116849196976
 302                    -0.518501423090                    -0.113207863457
 303                     0.511301100154                    -0.112527824846
 304                    -0.198173859089                    -0.108886491327
 305                     0.832315572951                    -0.108668938319
 306                     0.122153704912                    -0.104565119196
 307                    -0.907215514799                    -0.103188919697
 308                    -0.587321254330                    -0.100923785677
 309                     0.442481268914                    -0.100243747066
 310                    -0.266993690329                    -0.096602413547
 311                     0.763476643325                    -0.096492341636
 312                     0.053333873672                    -0.092281041417
 313                    -0.656141085571                    -0.088639707898
 314                     0.373661437673                    -0.087959669286
 315                    -0.335813521570                    -0.084318335767
 316                     0.693989001674                    -0.083638297156
 317                    -0.015485957568                    -0.079996963637
 318                    -0.724960916811                    -0.076355630118
 319                     0.304841606433                    -0.075675591507
 320                    -0.404633352810                    -0.072034257988
 321                     0.625169170434                    -0.071354219376
 322                     0.894332886669                    -0.071344708065
 323                    -0.084305788809                    -0.067712885858
 324                    -0.793916393557                    -0.064857370877
 325                     0.236021775192                    -0.063391513727
 326                    -0.963104066794                    -0.061194426073
 327                    -0.473453184050                    -0.059750180208
 328                     0.963231478391                    -0.059155052995
 329                     0.556349339193                    -0.059070141597
 330                    -0.153125620049                    -0.055428808078
 331                     0.167201943952                    -0.051107435948
 332                    -0.542273015291                    -0.047466102429
 333                     0.487529507953                    -0.046786063817
 334                    -0.221945451290                    -0.043144730299
 335                     0.808543980749                    -0.042927177291
 336                    -0.873382340065                    -0.042013891898
 337                     0.098382112711                    -0.038823358168
 338                    -0.611092846531                    -0.035182024649
 339                     0.418709676712                    -0.034501986038
 340                    -0.290765282530                    -0.030860652519
 341                     0.739705051123                    -0.030750580608
 342                     0.029562281471                    -0.026539280389
 343                    -0.679912677772                    -0.022897946870
 344                     0.349889845472                    -0.022217908258
 345                    -0.359585113771                    -0.018576574739
 346                     0.670979141392                    -0.017620071270
 347                    -0.039257549769                    -0.014255202609
 348                    -0.749091315670                    -0.010742508554
 349                     0.281070014232                    -0.009933830479
 350                    -0.428404945011                    -0.006292496960
 351                     0.601397578233                    -0.005612458348
 352                     0.919038056492                    -0.004988557818
 353                    -0.108077381010                    -0.001971124829
 354                    -0.818074996463                     0.000743159948
 355                     0.212250182991                     0.002350247301
 356                    -0.497224776251                     0.005991580820
 357                     0.532577746992                     0.006671619431
 358                    -0.965007115651                     0.008687232063
 359                    -0.176897212250                     0.010312952950
 360                     0.851318956684                     0.012366304899
 361                     0.143430351751                     0.014634325080
 362                    -0.566044607492                     0.018275658599
 363                     0.463757915752                     0.018955697211
 364                    -0.245717043491                     0.022597030730
 365                    -0.896767378103                     0.023866361098
 366                     0.782480027058                     0.024542901582
 367                     0.074610520510                     0.026918402860
 368                    -0.634864438732                     0.030559736379
 369                     0.394938084511                     0.031239774990
 370                    -0.314536874731                     0.034881108509
 371                     0.005790689270                     0.039202480640
 372                    -0.703684269973                     0.042843814158
 373                     0.326118253271                     0.043523852770
 374                    -0.383356705972                     0.047165186289
 375                     0.716350528808                     0.047213525750
 376                     0.646445817272                     0.047845224900
 377                     0.963816890706                     0.048694994089
 378                    -0.063029141971                     0.051486558419
 379                    -0.772504101213                     0.055127891938
 380                     0.257298422031                     0.055807930550
 381                    -0.452176537212                     0.059449264068
 382                     0.577625986032                     0.060129302680
 383                    -0.131848973211                     0.063770636199
 384                     0.896097790897                     0.066049856806
 385                    -0.841460034501                     0.066623412944
 386                     0.188478590790                     0.068092008329
 387                    -0.520996368452                     0.071733341848
 388                     0.508806154791                     0.072413380459
 389                    -0.200668804451                     0.076054713978
 390                     0.827258861271                     0.078226453489
 391                    -0.961846293328                     0.078523303983
 392                     0.119658759550                     0.080376086109
 393                    -0.589816199693                     0.084017419628
 394                     0.439986323551                     0.084697458239
 395                    -0.269488635692                     0.088338791758
 396                     0.050838928309                     0.092660163888
 397                    -0.658636030933                     0.096301497407
 398                     0.371166492310                     0.096981536018
 399                    -0.338308466932                     0.100622869537
 400                     0.761699872036                     0.102497561197
 401                    -0.017980902931                     0.104944241668
 402                    -0.898205428454                     0.107452667211
 403                    -0.727455862174                     0.108585575186
 404                     0.302346661070                     0.109265613798
 405                    -0.407128298173                     0.112906947317
 406                     0.692578936608                     0.112955286778
 407                     0.622674225071                     0.113586985928
 408                    -0.086800734172                     0.117228319447
 409                     0.957762946426                     0.118339932868
 410                     0.233526829829                     0.121549691578
 411                    -0.475948129413                     0.125191025097
 412                    -0.801752724218                     0.125556316737
 413                     0.553854393831                     0.125871063708
 414                    -0.155620565412                     0.129512397227
 415                     0.164706998589                     0.133833769357
 416                     0.884337692133                     0.134961160784
 417                    -0.544767960654                     0.137475102876
 418                     0.485034562590                     0.138155141488
 419                    -0.224440396652                     0.141796475006
 420                     0.095887167349                     0.146117847137
 421                     0.815498762506                     0.147137757467
 422                    -0.613587791894                     0.149759180656
 423                     0.416214731350                     0.150439219267
 424                    -0.953105092971                     0.151236456611
 425                    -0.293260227893                     0.154080552786
 426                     0.027067336108                     0.158401924916
 427                    -0.682407623134                     0.162043258435
 428                     0.347394900109                     0.162723297047
 429                    -0.362080059133                     0.166364630566
 430                     0.737928279835                     0.168239322225
 431                    -0.041752495132                     0.170686002696
 432                    -0.751227454375                     0.174327336215
 433                     0.278575068869                     0.175007374826
 434                    -0.885577599791                     0.176210253571
 435                    -0.430899890374                     0.178648708345
 436                     0.668807344407                     0.178697047806
 437                     0.598902632870                     0.179328746957
 438                    -0.110572326373                     0.182970080475
 439                     0.209755237628                     0.187291452606
 440                     0.946683144718                     0.187363883298
 441                    -0.499719721614                     0.190932786125
 442                     0.530082801630                     0.191612824736
 443                    -0.818131628465                     0.194597985640
 444                    -0.179392157613                     0.195254158255
 445                     0.140935406388                     0.199575530385
 446                    -0.568539552855                     0.203216863904
 447                     0.461262970389                     0.203896902516
 448                     0.878949206899                     0.204660744468
 449                    -0.248211988854                     0.207538236035
 450                     0.072115575148                     0.211859608165
 451                    -0.637359384095                     0.215500941684
 452                     0.392443139149                     0.216180980295
 453                     0.810110277273                     0.216837341151
 454                    -0.317031820094                     0.219822313814
 455                    -0.939459046178                     0.220750768545
 456                     0.003295743907                     0.224143685945
 457                    -0.706179215335                     0.227785019463
 458                     0.323623307908                     0.228465058075
 459                    -0.385851651334                     0.232106391594
 460                    -0.065524087333                     0.236427763724
 461                     0.742186845717                     0.238017057610
 462                     0.254803476668                     0.240749135855
 463                    -0.454671482575                     0.244390469373
 464                     0.575131040669                     0.245070507985
 465                     0.669114306352                     0.248603939549
 466                    -0.134343918574                     0.248711841504
 467                    -0.861947817103                     0.249672139101
 468                     0.185983645427                     0.253033213634
 469                     0.930635626799                     0.255404642461
 470                    -0.523491313815                     0.256674547153
 471                     0.506311209429                     0.257354585764
 472                    -0.790672741796                     0.258886999334
 473                    -0.203163749814                     0.260995919283
 474                     0.117163814187                     0.265317291414
 475                    -0.592311145056                     0.268958624932
 476                     0.437491378188                     0.269638663544
 477                     0.862901688980                     0.272701503631
 478                    -0.271983581055                     0.273279997063
 479                     0.048343982947                     0.277601369193
 480                    -0.661130976296                     0.281242702712
 481                     0.368671546948                     0.281922741324
 482                     0.794062759353                     0.284878100314
 483                    -0.340803412295                     0.285564074842
 484                    -0.921013536657                     0.288180961466
 485                    -0.020475848294                     0.289885446973
 486                    -0.729950807536                     0.293526780492
 487                     0.299851715707                     0.294206819103
 488                    -0.409623243535                     0.297848152622
 489                     0.620179279708                     0.298528191233
 490                     0.714162545392                     0.302061622798
 491                    -0.089295679534                     0.302169524752
 492                     0.231031884467                     0.306490896883
 493                    -0.478443074776                     0.310132230402
 494                     0.551359448468                     0.310812269013
 495                    -0.158115510775                     0.314453602532
 496                     0.162212053226                     0.318774974662
 497                    -0.859899377316                     0.322123961729
 498                    -0.547262906016                     0.322416308181
 499                     0.482539617227                     0.323096346793
 500                     0.908229214122                     0.326239750392
 501                    -0.226935342015                     0.326737680311
 502                    -0.790310705130                     0.328793627549
 503                     0.093392221986                     0.331059052442
 504                    -0.616082737257                     0.334700385961
 505                     0.413719785987                     0.335380424572
 506                     0.839292559564                     0.338501782864
 507                    -0.295755173256                     0.339021758091
 508                     0.024572390746                     0.343343130221
 509                    -0.684902568497                     0.346984463740
 510                     0.344899954747                     0.347664502352
 511                     0.766038459028                     0.348922665502
 512                    -0.364575004496                     0.351305835871
 513                     0.665227518748                     0.351985874482
 514                    -0.044247440495                     0.355627208001
 515                     0.276080123506                     0.359948580131
 516                    -0.433394835736                     0.363589913650
 517                     0.596407687507                     0.364269952262
 518                    -0.113067271735                     0.367911285780
 519                     0.207260292266                     0.372232657911
 520                    -0.502214666977                     0.375873991430
 521                     0.527587856267                     0.376554030041
 522                    -0.181887102976                     0.380195363560
 523                    -0.745262466091                     0.382251310797
 524                     0.138440461025                     0.384516735690
 525                    -0.883670969518                     0.387865722757
 526                    -0.571034498217                     0.388158069209
 527                     0.458768025026                     0.388838107821
 528                    -0.250706934216                     0.392479441340
 529                    -0.814082297331                     0.394535388577
 530                     0.880525471642                     0.394954548079
 531                     0.069620629785                     0.396800813470
 532                     0.717103432384                     0.398846917186
 533                     0.389948193786                     0.401122185600
 534                     0.811019486813                     0.402436914803
 535                    -0.319526765457                     0.404763519119
 536                     0.000800798544                     0.409084891249
 537                    -0.649062137956                     0.409483413878
 538                     0.321128362546                     0.413406263380
 539                    -0.388346596697                     0.417047596899
 540                     0.641455926547                     0.417727635510
 541                    -0.068019032696                     0.421368969029
 542                     0.252308531305                     0.425690341159
 543                    -0.457166427937                     0.429331674678
 544                     0.572636095306                     0.430011713290
 545                    -0.136838863936                     0.433653046809
 546                     0.183488700065                     0.437974418939
 547                    -0.525986259178                     0.441615752458
 548                     0.503816264066                     0.442295791069
 549                    -0.712235248699                     0.443865194381
 550                    -0.205658695177                     0.445937124588
 551                     0.114668868824                     0.450258496719
 552                     0.762177926290                     0.452452609385
 553                    -0.594806090418                     0.453899830238
 554                    -0.851534291133                     0.454000825828
 555                     0.434996432825                     0.454579868849
 556                    -0.781055079940                     0.456149272160
 557                    -0.274478526417                     0.458221202368
 558                     0.847101376020                     0.462313162264
 559                     0.045849037584                     0.462542574498
 560                     0.693331840183                     0.464588678214
 561                     0.366176601585                     0.466863946628
 562                    -0.343298357658                     0.470505280147
 563                    -0.022970793656                     0.474826652278
 564                     0.297356770344                     0.479148024408
 565                    -0.412118188898                     0.482789357927
 566                     0.617684334346                     0.483469396538
 567                    -0.656722852241                     0.486355682472
 568                    -0.091790624897                     0.487110730057
 569                     0.228536939104                     0.491432102188
 570                    -0.480938020139                     0.495073435706
 571                     0.548864503105                     0.495753474318
 572                    -0.160610456137                     0.499394807837
 573                     0.159717107864                     0.503716179967
 574                     0.480044671865                     0.508037552097
 575                    -0.736006840901                     0.509606955409
 576                    -0.552942637054                     0.510212399719
 577                    -0.229430287378                     0.511678885616
 578                     0.090897276623                     0.516000257747
 579                    -0.814555391749                     0.517507212539
 580                     0.738406334088                     0.518194370413
 581                     0.411224840624                     0.520321629877
 582                     0.811410987456                     0.522423593164
 583                    -0.298250118618                     0.523962963396
 584                     0.022077445383                     0.528284335526
 585                     0.669560247981                     0.530330439242
 586                     0.342405009384                     0.532605707657
 587                    -0.367069949859                     0.536247041175
 588                    -0.046742385858                     0.540568413306
 589                     0.273585178143                     0.544889785436
 590                    -0.435889781099                     0.548531118955
 591                     0.601267922481                     0.551422094501
 592                    -0.115562217098                     0.552852491085
 593                    -0.637737093137                     0.553635758944
 594                     0.204765346903                     0.557173863216
 595                    -0.504709612340                     0.560815196735
 596                     0.527384812068                     0.562279338550
 597                    -0.184382048338                     0.565136568865
 598                     0.135945515662                     0.569457940995
 599                    -0.705103465190                     0.572313008614
 600                     0.458564980827                     0.574563416329
 601                    -0.774954783963                     0.575116756903
 602                    -0.253201879579                     0.577420646645
 603                    -0.572366688888                     0.578410302071
 604                     0.771462722812                     0.579792608240
 605                     0.067125684422                     0.581742018775
 606                     0.387453248423                     0.586063390905
 607                    -0.322021710819                     0.589704724424
 608                     0.702616636705                     0.591928677069
 609                    -0.001694146818                     0.594026096554
 610                     0.318633417183                     0.598347468685
 611                    -0.390841542060                     0.601988802204
 612                    -0.070513978059                     0.606310174334
 613                     0.249813585942                     0.610631546464
 614                    -0.459661373300                     0.614272879983
 615                     0.572919061787                     0.615323658145
 616                    -0.139333809299                     0.618594252113
 617                    -0.654848059969                     0.621416896091
 618                     0.180993754702                     0.622915624244
 619                     0.641889458102                     0.626732083584
 620                     0.502925774958                     0.629331773269
 621                    -0.208153640540                     0.630878329893
 622                    -0.527318449848                     0.631867985320
 623                     0.112173923461                     0.635199702023
 624                     0.432574092241                     0.639459806440
 625                    -0.722214432022                     0.640094145761
 626                    -0.276973471780                     0.643162407673
 627                     0.043354092221                     0.647483779803
 628                     0.363713945949                     0.651816833991
 629                    -0.593384461676                     0.654722958959
 630                    -0.345793303020                     0.655446485452
 631                    -0.025465739019                     0.659767857583
 632                     0.702344424461                     0.661835712762
 633                     0.294861824982                     0.664089229713
 634                    -0.414613134261                     0.667730563232
 635                    -0.094285570260                     0.672051935362
 636                     0.226041993741                     0.676373307493
 637                     0.588285173438                     0.683521534590
 638                    -0.163105401500                     0.684336013142
 639                    -0.482270210809                     0.685325668568
 640                     0.157222162501                     0.688657385272
 641                    -0.673981781503                     0.690697299445
 642                     0.473260429980                     0.696307758559
 643                    -0.231925232741                     0.696620090921
 644                     0.088543690646                     0.701708639717
 645                    -0.300745063981                     0.708904168701
 646                     0.652589990743                     0.710943391023
 647                     0.019582500020                     0.713225540831
 648                    -0.556416058704                     0.714055959224
 649                     0.339910064021                     0.717546912962
 650                    -0.369564895221                     0.721188246480
 651                     0.409436994742                     0.724832078942
 652                    -0.049237331220                     0.725509618611
 653                     0.535106276220                     0.728898540104
 654                     0.271090232780                     0.729830990741
 655                    -0.622212414142                     0.737676021669
 656                    -0.118057162460                     0.737793696391
 657                     0.202270401540                     0.742115068521
 658                    -0.186876993701                     0.750077774170
 659                    -0.498567759520                     0.753306972210
 660                     0.599411093524                     0.756320396537
 661                    -0.428835623227                     0.758256407219
 662                    -0.255669753005                     0.762512608394
 663                     0.135835660435                     0.763874960826
 664                     0.474372907337                     0.766206471945
 665                     0.066043859937                     0.767896443404
 666                    -0.324516656182                     0.774645929729
 667                    -0.002907974519                     0.779416524310
 668                     0.316138471820                     0.783288673990
 669                    -0.563140071427                     0.783697856689
 670                    -0.071906268015                     0.791639695304
 671                     0.410549472100                     0.794730792328
 672                     0.247318640579                     0.795572751769
 673                     0.542003509233                     0.798465025682
 674                    -0.140726099255                     0.803923773084
 675                    -0.387629810028                     0.814728955395
 676                    -0.209545930495                     0.816207850863
 677                     0.180883899474                     0.817332644075
 678                    -0.503959099066                     0.823006335168
 679                     0.112951427453                     0.833964249187
 680                     0.482778890568                     0.835606811892
 681                     0.043110984724                     0.837117782451
 682                     0.357178546131                     0.839881783459
 683                    -0.324403470442                     0.844553403777
 684                    -0.026854800801                     0.845094658036
 685                     0.288358714890                     0.852165861239
 686                    -0.443057703096                     0.857329617467
 687                    -0.258047745874                     0.866553075501
 688                    -0.112046986635                     0.867677802275
 689                     0.421020891506                     0.868363754525
 690                     0.221923973785                     0.873925753544
 691                    -0.180866817875                     0.879961880055
 692                    -0.379831363509                     0.887154065849
 693                     0.154088297006                     0.890819204783
 694                     0.084743035155                     0.899668068984
 695                     0.014852214289                     0.901198068193
 696                     0.333406953930                     0.905623544487
 697                    -0.055545251892                     0.908843585518
 698                    -0.310390062290                     0.913735599641
 699                     0.266972212825                     0.927383436793
 700                    -0.241235075050                     0.934408818357
 701                     0.199136536045                     0.944276888031
 702                    -0.172958344106                     0.949420672022
 703                     0.127413410420                     0.956595470129
 704                    -0.103774014907                     0.959450444311
 705                     0.056052584063                     0.963416996465
 706                    -0.013838236802                     0.964946995674
