   1                    -0.001004014837                    -0.965034819346
   2                     0.068881986178                    -0.962573884217
   3                    -0.087122425887                    -0.961094632959
   4                     0.138406296117                    -0.955058588669
   5                    -0.157471602735                    -0.950719772890
   6                    -0.226350792975                    -0.937846589470
   7                     0.267396319855                    -0.927249922472
   8                     0.198016856757                    -0.918497811877
   9                    -0.296502275461                    -0.918357017310
  10                    -0.041546466266                    -0.908057464443
  11                     0.049097241844                    -0.895501734773
  12                    -0.110265981356                    -0.895106109867
  13                    -0.362227000627                    -0.894474600317
  14                     0.119915665085                    -0.886345459621
  15                     0.383645563455                    -0.885499459196
  16                     0.314434165966                    -0.875504870799
  17                    -0.175818048472                    -0.870753782742
  18                    -0.245745581665                    -0.870254341973
  19                    -0.426049715107                    -0.865895404107
  20                     0.446762106506                    -0.855392793275
  21                     0.181531483682                    -0.850539428920
  22                    -0.003480568157                    -0.849396602357
  23                    -0.311470306832                    -0.846371924980
  24                     0.252571874435                    -0.839571758477
  25                     0.062736552764                    -0.826915449429
  26                    -0.122275499075                    -0.825772622868
  27                    -0.504736932488                    -0.822516771610
  28                     0.507532755133                    -0.820794562033
  29                     0.383842983444                    -0.815272376812
  30                    -0.370584656339                    -0.809014154411
  31                     0.313965725518                    -0.805577123065
  32                     0.128953673682                    -0.804434296503
  33                    -0.056058378157                    -0.803291469941
  34                    -0.248107799364                    -0.800364934570
  35                    -0.439521777978                    -0.797276071106
  36                     0.447184483638                    -0.785464752138
  37                    -0.177727726567                    -0.783000424607
  38                     0.195170794600                    -0.781953143576
  39                     0.565638409923                    -0.781886436649
  40                     0.010158742763                    -0.780810317013
  41                    -0.559203597588                    -0.778659141345
  42                    -0.311705055503                    -0.771287480227
  43                     0.261387915517                    -0.759471990648
  44                     0.076375863681                    -0.758329164086
  45                    -0.108636188157                    -0.757186337524
  46                    -0.493988443079                    -0.753418440841
  47                     0.505699561689                    -0.745505399993
  48                    -0.618163502459                    -0.741058091396
  49                     0.327605036435                    -0.736990837721
  50                     0.397530159009                    -0.736224957407
  51                     0.142592984599                    -0.735848011159
  52                    -0.042419067238                    -0.734705184597
  53                    -0.227431119075                    -0.733562358035
  54                    -0.412289522282                    -0.732867115290
  55                     0.649558081665                    -0.713699873294
  56                     0.579629538013                    -0.713371053892
  57                     0.208810105517                    -0.713366858232
  58                     0.023798053680                    -0.712224031669
  59                    -0.161213998157                    -0.711081205107
  60                    -0.346072401364                    -0.710385962363
  61                    -0.544556015731                    -0.705116992253
  62                     0.455345366438                    -0.696886539423
  63                     0.275027226435                    -0.690885705304
  64                    -0.673817398499                    -0.690715899746
  65                     0.090015174599                    -0.689742878742
  66                    -0.466811770908                    -0.688973038520
  67                    -0.094996877238                    -0.688600052180
  68                    -0.280008929075                    -0.687457225618
  69                     0.521562476560                    -0.674405354696
  70                    -0.606229295406                    -0.672154651412
  71                     0.341244347353                    -0.668404552377
  72                     0.156232295517                    -0.667261725815
  73                    -0.028779756320                    -0.666118899253
  74                    -0.213791808157                    -0.664976072690
  75                     0.699535554659                    -0.664788100348
  76                    -0.398650211364                    -0.664280829946
  77                     0.619765539458                    -0.648708703437
  78                     0.407461468271                    -0.645923399450
  79                     0.222449416435                    -0.644780572888
  80                     0.037437364598                    -0.643637746325
  81                    -0.147574687238                    -0.642494919763
  82                    -0.332586739075                    -0.641352093201
  83                    -0.517445142282                    -0.640656850456
  84                    -0.721343217472                    -0.639317918672
  85                     0.473678798040                    -0.623442008348
  86                     0.288666537353                    -0.622299419960
  87                     0.103654485516                    -0.621156593398
  88                    -0.081357566320                    -0.620013766836
  89                    -0.266369618157                    -0.618870940274
  90                    -0.451228021364                    -0.618175697529
  91                    -0.647938762687                    -0.616025962859
  92                     0.745839850065                    -0.612385604543
  93                     0.541743614722                    -0.607397426004
  94                    -0.578627418621                    -0.606453145957
  95                     0.672446385771                    -0.600277676593
  96                     0.354883658270                    -0.599818267033
  97                     0.169871606434                    -0.598675440471
  98                    -0.015140445402                    -0.597532613909
  99                    -0.200152497239                    -0.596389787347
 100                    -0.385164549075                    -0.595246960784
 101                    -0.771850861857                    -0.579257678108
 102                     0.605776080087                    -0.579155038855
 103                     0.421100779189                    -0.577337114106
 104                     0.236088727352                    -0.576194287544
 105                     0.051076675516                    -0.575051460981
 106                    -0.133935376320                    -0.573908634419
 107                    -0.318947428157                    -0.572765807857
 108                    -0.503805831364                    -0.572070565112
 109                    -0.702295800039                    -0.572032533465
 110                     0.788227829561                    -0.556767545122
 111                     0.487453851104                    -0.554882856861
 112                     0.302305848270                    -0.553713134616
 113                     0.117293796434                    -0.552570308054
 114                    -0.067718255402                    -0.551427481492
 115                    -0.621580003909                    -0.551254632972
 116                    -0.252730307239                    -0.550284654930
 117                    -0.437742359075                    -0.549141828367
 118                     0.718867187445                    -0.547867507773
 119                     0.553699154621                    -0.532484885935
 120                     0.368522969188                    -0.531231981689
 121                     0.183510917352                    -0.530089155127
 122                    -0.001501134484                    -0.528946328565
 123                    -0.186513186321                    -0.527803502003
 124                    -0.371525238158                    -0.526660675440
 125                    -0.556383641365                    -0.525965432695
 126                    -0.813126172033                    -0.519729774932
 127                    -0.743330489755                    -0.515408655290
 128                     0.621666136650                    -0.510292184339
 129                     0.434740090106                    -0.508750828762
 130                     0.249728038270                    -0.507608002200
 131                     0.064715986434                    -0.506465175638
 132                    -0.120296065403                    -0.505322349075
 133                    -0.674157813909                    -0.505149500555
 134                    -0.305308117239                    -0.504179522513
 135                    -0.490320169076                    -0.503036695950
 136                     0.826476918935                    -0.498225965867
 137                     0.500957211024                    -0.486269675835
 138                     0.757754690743                    -0.485289015222
 139                     0.687825423789                    -0.485205571570
 140                     0.315945159188                    -0.485126849272
 141                     0.130933107352                    -0.483984022710
 142                    -0.054078944485                    -0.482841196148
 143                    -0.239090996321                    -0.481698369586
 144                    -0.424103048158                    -0.480555543023
 145                    -0.608961451365                    -0.479860300279
 146                     0.567181371947                    -0.463809269569
 147                     0.382162280106                    -0.462645696345
 148                     0.197150228270                    -0.461502869783
 149                     0.012138176433                    -0.460360043221
 150                    -0.848627788021                    -0.459482413150
 151                    -0.172873875403                    -0.459217216659
 152                    -0.357885927240                    -0.458074390096
 153                    -0.542897979076                    -0.456931563534
 154                    -0.752657849730                    -0.446104184327
 155                     0.633391447636                    -0.441307375938
 156                     0.448379401024                    -0.440164543418
 157                     0.263367349187                    -0.439021716856
 158                     0.078355297351                    -0.437878890293
 159                     0.860386276788                    -0.437068261615
 160                    -0.106656754485                    -0.436736063731
 161                    -0.663460722518                    -0.436043194220
 162                    -0.291668806322                    -0.435593237169
 163                    -0.476680858158                    -0.434450410606
 164                     0.780849330910                    -0.419283356865
 165                     0.710920063956                    -0.419199913213
 166                     0.514596521942                    -0.417683390491
 167                     0.329584470105                    -0.416540563928
 168                     0.144572418269                    -0.415397737366
 169                    -0.040439633567                    -0.414254910804
 170                    -0.225451685403                    -0.413112084242
 171                    -0.410463737240                    -0.411969257679
 172                    -0.595729092443                    -0.411114981112
 173                    -0.807604930052                    -0.402849962526
 174                    -0.879673360924                    -0.396822364133
 175                     0.580813642860                    -0.395202237564
 176                     0.395801591023                    -0.394059411001
 177                     0.210789539187                    -0.392916584439
 178                     0.025777487351                    -0.391773757877
 179                    -0.159234564485                    -0.390630931315
 180                    -0.344246616322                    -0.389488104752
 181                    -0.529258668158                    -0.388345278190
 182                    -0.714069940746                    -0.387785382729
 183                     0.648107231816                    -0.372934543974
 184                     0.833018780449                    -0.372716653370
 185                     0.462018711941                    -0.371578258074
 186                     0.277006660105                    -0.370435431512
 187                     0.091994608269                    -0.369292604950
 188                    -0.093017443567                    -0.368149778387
 189                    -0.278029495404                    -0.367006951825
 190                    -0.463041547240                    -0.365864125262
 191                    -0.648053599076                    -0.364721298701
 192                     0.899236703718                    -0.350237863864
 193                     0.714024013242                    -0.349339517864
 194                     0.528235832859                    -0.349097105147
 195                     0.343223781023                    -0.347954278584
 196                     0.158211729187                    -0.346811452022
 197                    -0.026800322649                    -0.345668625460
 198                    -0.211812374486                    -0.344525798898
 199                    -0.396824426322                    -0.343382972335
 200                    -0.581836478158                    -0.342240145773
 201                    -0.766647750746                    -0.341680250311
 202                    -0.836532513425                    -0.339184396795
 203                    -0.906099874148                    -0.332078648311
 204                     0.780236750454                    -0.326845457080
 205                     0.594452953777                    -0.326615952220
 206                     0.409440901941                    -0.325473125657
 207                     0.224428850105                    -0.324330299095
 208                     0.039416798268                    -0.323187472533
 209                    -0.145595253568                    -0.322044645971
 210                    -0.330607305404                    -0.320901819408
 211                    -0.515619357240                    -0.319758992846
 212                    -0.700631409076                    -0.318616166283
 213                     0.660670074695                    -0.304134799292
 214                     0.846660539325                    -0.304130854881
 215                     0.475658022859                    -0.302991972730
 216                     0.290645971023                    -0.301849146168
 217                     0.105633919187                    -0.300706319605
 218                    -0.079378132650                    -0.299563493043
 219                    -0.264390184486                    -0.298420666481
 220                    -0.449402236322                    -0.297277839919
 221                    -0.634414288158                    -0.296135013356
 222                     0.922238420174                    -0.284199765923
 223                     0.541875143777                    -0.280510819803
 224                     0.727980667867                    -0.280375992135
 225                     0.356863091941                    -0.279367993240
 226                     0.171851040104                    -0.278225166678
 227                    -0.013161011732                    -0.277082340116
 228                    -0.198173063568                    -0.275939513554
 229                    -0.383185115404                    -0.274796686991
 230                    -0.568197167240                    -0.273653860429
 231                    -0.858201204507                    -0.272696975681
 232                    -0.753349924235                    -0.272671834730
 233                    -0.927768565231                    -0.265591227198
 234                     0.608092264694                    -0.258029666876
 235                     0.794197788785                    -0.257894839207
 236                     0.423080212858                    -0.256886840313
 237                     0.238068161022                    -0.255744013751
 238                     0.053056109186                    -0.254601187189
 239                    -0.131955942650                    -0.253458360626
 240                    -0.316967994486                    -0.252315534064
 241                    -0.501980046322                    -0.251172707502
 242                    -0.686992098159                    -0.250029880939
 243                     0.869662255782                    -0.238092756940
 244                     0.674309385612                    -0.235548513948
 245                     0.489297333776                    -0.234405687386
 246                     0.304285281940                    -0.233262860824
 247                     0.119273230104                    -0.232120034261
 248                    -0.065738821732                    -0.230977207699
 249                    -0.250750873568                    -0.229834381137
 250                    -0.435762925404                    -0.228691554575
 251                    -0.620774977241                    -0.227548728012
 252                    -0.805787029077                    -0.226405901450
 253                     0.940397572914                    -0.216669368979
 254                     0.555514454694                    -0.211924534459
 255                     0.741619978786                    -0.211789706791
 256                     0.370502402858                    -0.210781707896
 257                     0.185490351022                    -0.209638881334
 258                     0.000478299186                    -0.208496054772
 259                    -0.184533752650                    -0.207353228210
 260                    -0.369545804486                    -0.206210401647
 261                    -0.554557856323                    -0.205067575085
 262                    -0.739569908159                    -0.203924748522
 263                    -0.944565654466                    -0.197709218294
 264                    -0.869462882005                    -0.196457376759
 265                     0.817199505242                    -0.191856741266
 266                     0.621731575612                    -0.189443381531
 267                     0.436719523776                    -0.188300554969
 268                     0.251707471940                    -0.187157728407
 269                     0.066695420104                    -0.186014901845
 270                    -0.118316631732                    -0.184872075283
 271                    -0.303328683569                    -0.183729248720
 272                    -0.488340735405                    -0.182586422158
 273                    -0.673352787241                    -0.181443595595
 274                     0.887821408521                    -0.170562359996
 275                     0.687948696530                    -0.166962228604
 276                     0.502936644694                    -0.165819402042
 277                     0.317924592858                    -0.164676575480
 278                     0.132912541022                    -0.163533748917
 279                    -0.052099510815                    -0.162390922355
 280                    -0.237111562650                    -0.161248095793
 281                    -0.422123614487                    -0.160105269231
 282                    -0.607135666323                    -0.158962442668
 283                    -0.792147718159                    -0.157819616106
 284                     0.764621695241                    -0.145751608849
 285                     0.952714462650                    -0.144312342956
 286                     0.569153765612                    -0.143338249115
 287                     0.384141713776                    -0.142195422552
 288                     0.199129661939                    -0.141052595990
 289                     0.014117610104                    -0.139909769428
 290                    -0.170894441733                    -0.138766942866
 291                    -0.355906493569                    -0.137624116304
 292                    -0.909941369221                    -0.136953410253
 293                    -0.540918545405                    -0.136481289741
 294                    -0.725930597241                    -0.135338463178
 295                     0.831166226321                    -0.123336379024
 296                     0.635370886530                    -0.120857096188
 297                     0.450358834693                    -0.119714269625
 298                     0.265346782858                    -0.118571443063
 299                     0.080334731021                    -0.117428616501
 300                    -0.104677320815                    -0.116285789938
 301                    -0.289689372651                    -0.115142963376
 302                    -0.474701424487                    -0.114000136814
 303                    -0.659713476323                    -0.112857310251
 304                    -0.844725528158                    -0.111714483688
 305                     0.897536394044                    -0.101311162202
 306                     0.701588007447                    -0.098375943260
 307                     0.516575955612                    -0.097233116698
 308                     0.331563903775                    -0.096090290136
 309                     0.146551851939                    -0.094947463573
 310                    -0.038460199897                    -0.093804637011
 311                    -0.223472251733                    -0.092661810449
 312                    -0.408484303569                    -0.091518983887
 313                    -0.593496355405                    -0.090376157324
 314                    -0.778508407241                    -0.089233330761
 315                    -0.960915097477                    -0.089080783762
 316                     0.767805128365                    -0.075894790334
 317                     0.582793076529                    -0.074751963771
 318                     0.962150081523                    -0.074568299042
 319                     0.397781024694                    -0.073609137208
 320                     0.212768972857                    -0.072466310646
 321                     0.027756921021                    -0.071323484084
 322                    -0.157255130815                    -0.070180657522
 323                    -0.342267182651                    -0.069037830959
 324                    -0.527279234487                    -0.067895004397
 325                    -0.712291286323                    -0.066752177834
 326                    -0.900064162372                    -0.054623955175
 327                     0.834040050638                    -0.053466138768
 328                     0.649010197447                    -0.052270810843
 329                     0.463998145611                    -0.051127984281
 330                     0.278986093775                    -0.049985157719
 331                     0.093974041939                    -0.048842331157
 332                    -0.091038009897                    -0.047699504595
 333                    -0.276050061733                    -0.046556678032
 334                    -0.461062113569                    -0.045413851470
 335                    -0.646074165406                    -0.044271024907
 336                    -0.831086217241                    -0.043128198344
 337                     0.900410218361                    -0.031440921946
 338                     0.715227318365                    -0.029789657916
 339                     0.530215266529                    -0.028646831354
 340                     0.345203214693                    -0.027504004792
 341                     0.160191162857                    -0.026361178229
 342                    -0.024820888979                    -0.025218351667
 343                    -0.209832940815                    -0.024075525105
 344                    -0.394844992651                    -0.022932698543
 345                    -0.579857044487                    -0.021789871980
 346                    -0.764869096323                    -0.020647045417
 347                    -0.964843091294                    -0.019261873686
 348                     0.781444439283                    -0.007308504989
 349                     0.596432387447                    -0.006165678427
 350                     0.411420335611                    -0.005022851864
 351                     0.965023905838                    -0.004698058786
 352                     0.226408283775                    -0.003880025302
 353                     0.041396231939                    -0.002737198740
 354                    -0.143615819897                    -0.001594372178
 355                    -0.328627871733                    -0.000451545615
 356                    -0.513639923570                     0.000691280947
 357                    -0.698651975405                     0.001834107510
 358                    -0.886424851454                     0.013962330169
 359                     0.847679361557                     0.015120146576
 360                     0.662649508365                     0.016315474501
 361                     0.477637456529                     0.017458301063
 362                     0.292625404693                     0.018601127625
 363                     0.107613352857                     0.019743954187
 364                    -0.077398698979                     0.020886780750
 365                    -0.262410750816                     0.022029607312
 366                    -0.447422802651                     0.023172433874
 367                    -0.632434854488                     0.024315260437
 368                    -0.817446906323                     0.025458087000
 369                     0.728866629283                     0.038796627428
 370                     0.543854577447                     0.039939453990
 371                     0.358842525611                     0.041082280552
 372                     0.912469191790                     0.041433398711
 373                     0.173830473775                     0.042225107115
 374                    -0.011181578062                     0.043367933677
 375                    -0.196193629897                     0.044510760239
 376                    -0.381205681734                     0.045653586801
 377                    -0.566217733570                     0.046796413364
 378                    -0.751229785405                     0.047939239927
 379                    -0.963704809357                     0.050658178186
 380                     0.795117270084                     0.061301274456
 381                     0.610071698365                     0.062420606918
 382                     0.425059646529                     0.063563433480
 383                     0.240047594692                     0.064706260042
 384                     0.055035542857                     0.065849086604
 385                    -0.129976508980                     0.066991913166
 386                    -0.314988560816                     0.068134739729
 387                    -0.500000612652                     0.069277566291
 388                    -0.685114355676                     0.070718666019
 389                    -0.901335371730                     0.082283525450
 390                     0.676288819283                     0.084901759844
 391                     0.491276767447                     0.086044586407
 392                     0.306264715611                     0.087187412969
 393                     0.121252663774                     0.088330239531
 394                    -0.063759388062                     0.089473066094
 395                    -0.248771439898                     0.090615892656
 396                    -0.433783491734                     0.091758719218
 397                     0.960626774334                     0.092137999913
 398                    -0.618795543570                     0.092901545781
 399                    -0.832357426599                     0.093779282282
 400                     0.870189783954                     0.097134036164
 401                     0.742505940201                     0.107382912772
 402                     0.557493888365                     0.108525739334
 403                     0.372481836528                     0.109668565896
 404                     0.187469784692                     0.110811392459
 405                     0.002457732856                     0.111954219021
 406                    -0.182554318980                     0.113097045583
 407                    -0.367566370816                     0.114239872145
 408                    -0.552578422652                     0.115382698708
 409                    -0.766140305681                     0.116260435209
 410                    -0.956947354068                     0.124679477617
 411                     0.808593940795                     0.130240854873
 412                     0.623711009282                     0.131006892261
 413                     0.438698957447                     0.132149718824
 414                     0.253686905610                     0.133292545386
 415                     0.068674853774                     0.134435371948
 416                    -0.116337198062                     0.135578198510
 417                    -0.301349249898                     0.136721025073
 418                    -0.486361301734                     0.137863851635
 419                    -0.700007487962                     0.139515461904
 420                    -0.892425391305                     0.151642890993
 421                     0.689928130200                     0.153488045189
 422                     0.504916078364                     0.154630871751
 423                     0.319904026528                     0.155773698313
 424                     0.134891974692                     0.156916524875
 425                    -0.050120077144                     0.158059351438
 426                    -0.235132128980                     0.159202178000
 427                    -0.420144180816                     0.160345004562
 428                     0.951432497691                     0.161460251872
 429                    -0.631560610680                     0.161655908560
 430                    -0.823447446175                     0.163138647824
 431                     0.881658371698                     0.166116503754
 432                     0.756016130794                     0.176345987289
 433                     0.571133199282                     0.177112024678
 434                     0.386121147446                     0.178254851240
 435                     0.201109095610                     0.179397677803
 436                     0.016097043774                     0.180540504365
 437                    -0.168915008062                     0.181683330927
 438                    -0.353927059898                     0.182826157489
 439                    -0.538939111735                     0.183968984052
 440                    -0.757230325257                     0.185619800751
 441                    -0.944419748231                     0.198405014421
 442                     0.637350320200                     0.199593177606
 443                     0.452338268364                     0.200736004168
 444                     0.821295217284                     0.201420879244
 445                     0.267326216528                     0.201878830730
 446                     0.082314164692                     0.203021657292
 447                    -0.102697887145                     0.204164483854
 448                    -0.287709938980                     0.205307310417
 449                    -0.472721990817                     0.206450136979
 450                    -0.684138420681                     0.207761040976
 451                    -0.877925382945                     0.220052386658
 452                     0.703438320794                     0.222451119707
 453                    -0.597240085040                     0.222583823832
 454                     0.518555389282                     0.223217157095
 455                     0.333543337446                     0.224359983657
 456                     0.148531285610                     0.225502810219
 457                    -0.036480766226                     0.226645636782
 458                    -0.221492818063                     0.227788463344
 459                    -0.406504869899                     0.228931289906
 460                     0.937242362717                     0.229934695346
 461                    -0.809112460306                     0.232507649515
 462                     0.584772510200                     0.245698310022
 463                     0.399760458364                     0.246841136584
 464                     0.214748406528                     0.247983963147
 465                     0.029736354691                     0.249126789709
 466                    -0.155275697144                     0.250269616271
 467                     0.870573131957                     0.251037373125
 468                    -0.340287748981                     0.251412442833
 469                    -0.525299800817                     0.252555269396
 470                    -0.737668321944                     0.252757252043
 471                     0.777612122397                     0.256027623889
 472                     0.650860510793                     0.268556252123
 473                    -0.649817895041                     0.268688956248
 474                     0.465977579282                     0.269322289512
 475                     0.280965527445                     0.270465116074
 476                     0.095953475610                     0.271607942636
 477                    -0.925882651927                     0.272092768343
 478                    -0.089058576227                     0.272750769198
 479                    -0.274070628063                     0.273893595761
 480                    -0.459082679899                     0.275036422323
 481                    -0.857424866310                     0.286909234903
 482                     0.717077631711                     0.291037405051
 483                    -0.583600774122                     0.291170109176
 484                     0.532194700200                     0.291803442439
 485                     0.347182648364                     0.292946269001
 486                     0.162170596527                     0.294089095563
 487                    -0.022841455309                     0.295231922126
 488                    -0.207853507145                     0.296374748688
 489                    -0.392865558981                     0.297517575250
 490                    -0.788817543582                     0.300442327962
 491                     0.915770302724                     0.304397705717
 492                    -0.703347796304                     0.313685167315
 493                     0.598282700794                     0.314661384541
 494                     0.413399769281                     0.315427421928
 495                     0.228387717445                     0.316570248490
 496                     0.847081874171                     0.317512930553
 497                     0.043375665609                     0.317713075053
 498                    -0.141636386227                     0.318855901615
 499                    -0.326648438063                     0.319998728178
 500                    -0.511660489899                     0.321141554740
 501                     0.777664236921                     0.325956921209
 502                    -0.636178584123                     0.337275241592
 503                     0.479616890200                     0.337908574856
 504                     0.665862480340                     0.338727731944
 505                     0.294604838363                     0.339051401418
 506                    -0.903262587727                     0.339720338232
 507                     0.109592786527                     0.340194227980
 508                    -0.075419265309                     0.341337054542
 509                    -0.260431317145                     0.342479881105
 510                    -0.445443368981                     0.343622707667
 511                    -0.834655265000                     0.353253431291
 512                    -0.569961463205                     0.359756394520
 513                     0.545704890793                     0.360766516957
 514                     0.360821959281                     0.361532554345
 515                    -0.756820339589                     0.362621812329
 516                     0.175809907445                     0.362675380907
 517                    -0.009202144391                     0.363818207470
 518                    -0.194214196227                     0.364961034032
 519                    -0.379226248063                     0.366103860594
 520                     0.889673773904                     0.373580612274
 521                     0.820257066199                     0.382092641120
 522                    -0.689708485386                     0.382271452659
 523                     0.611922011711                     0.383247669885
 524                     0.427039080199                     0.384013707273
 525                     0.242027028363                     0.385156533835
 526                     0.057014976527                     0.386299360397
 527                     0.744018425928                     0.387260010382
 528                    -0.127997075309                     0.387442186959
 529                    -0.313009127145                     0.388585013521
 530                    -0.498021178981                     0.389727840084
 531                    -0.622539273206                     0.405861526936
 532                     0.493127080793                     0.406871649374
 533                     0.308244149281                     0.407637686762
 534                     0.677275425471                     0.408128197402
 535                     0.123232097445                     0.408780513324
 536                    -0.061779954391                     0.409923339886
 537                    -0.246792006227                     0.411066166449
 538                    -0.872613672136                     0.412114698527
 539                    -0.431804058063                     0.412208993011
 540                    -0.802658061006                     0.415432915658
 541                    -0.556322152286                     0.428342679863
 542                     0.559344201711                     0.429352802302
 543                     0.374461270199                     0.430118839689
 544                     0.189449218363                     0.431261666251
 545                     0.004437166527                     0.432404492814
 546                    -0.180574885309                     0.433547319376
 547                    -0.365586937146                     0.434690145938
 548                     0.858595489405                     0.440575755312
 549                     0.786098413455                     0.443111456105
 550                    -0.676069174469                     0.450857738002
 551                     0.440549270793                     0.452976781791
 552                     0.255666339281                     0.453742819179
 553                     0.624697615471                     0.454233329819
 554                     0.070654287445                     0.454885645741
 555                    -0.114357764391                     0.456028472303
 556                    -0.745798655194                     0.456140621443
 557                    -0.299369816227                     0.457171298865
 558                    -0.484381868064                     0.458314125428
 559                    -0.840454069628                     0.474268033333
 560                    -0.608899962287                     0.474447812279
 561                     0.506766391710                     0.475457934719
 562                     0.321883460199                     0.476223972106
 563                     0.690914736388                     0.476714482746
 564                     0.136871408363                     0.477366798668
 565                    -0.048140643474                     0.478509625230
 566                    -0.233152695310                     0.479652451793
 567                    -0.418164747145                     0.480795278355
 568                    -0.542682841369                     0.496928965208
 569                     0.387971460792                     0.499081914208
 570                     0.203088529281                     0.499847951595
 571                     0.572119805470                     0.500338462236
 572                     0.018076477445                     0.500990778158
 573                     0.824436836661                     0.501594570298
 574                    -0.166935574392                     0.502133604720
 575                    -0.351947626228                     0.503276431282
 576                     0.754619762475                     0.505555061640
 577                    -0.662429863550                     0.519444023346
 578                     0.269305650199                     0.522329104523
 579                     0.638336926388                     0.522819615163
 580                     0.084293598362                     0.523471931085
 581                    -0.100718453474                     0.524614757647
 582                    -0.734520972900                     0.525154556425
 583                    -0.285730505310                     0.525757584209
 584                    -0.470742557146                     0.526900410772
 585                    -0.803903206916                     0.533884673415
 586                     0.470500136484                     0.535248135182
 587                     0.150510719281                     0.545953084012
 588                    -0.597257829137                     0.546431200625
 589                    -0.034501332556                     0.547095910574
 590                    -0.219513384392                     0.548238737136
 591                     0.338859509908                     0.548862689814
 592                    -0.404525436228                     0.549381563699
 593                     0.702041952475                     0.551660194057
 594                     0.535853550244                     0.560128662699
 595                    -0.529043530450                     0.565515250551
 596                     0.407769203206                     0.566150228149
 597                     0.216727840198                     0.568434236939
 598                     0.031715788362                     0.569577063502
 599                    -0.153296263474                     0.570719890064
 600                     0.777517248577                     0.571629371850
 601                    -0.338308315310                     0.571862716626
 602                    -0.693748910532                     0.581967831896
 603                     0.602070671161                     0.582609815626
 604                    -0.763131144547                     0.590697948886
 605                     0.282981969203                     0.590908019927
 606                     0.097932909280                     0.592058216429
 607                    -0.087079142556                     0.593201042991
 608                    -0.272091194392                     0.594343869553
 609                    -0.457103246228                     0.595486696116
 610                     0.484588831045                     0.607689548993
 611                     0.665775697248                     0.611450394520
 612                     0.164150030198                     0.614539369356
 613                    -0.578824832819                     0.614626667493
 614                    -0.020862021638                     0.615682195918
 615                    -0.205874073474                     0.616825022481
 616                     0.352498820826                     0.617448975158
 617                    -0.390886125310                     0.617967849043
 618                     0.734081164211                     0.626432801621
 619                    -0.646224238929                     0.633266125520
 620                     0.554273241626                     0.633654061819
 621                     0.420198606154                     0.634966064131
 622                     0.230404159203                     0.637013152344
 623                    -0.512825076509                     0.637738169104
 624                     0.045355099280                     0.638163348846
 625                    -0.139656952556                     0.639306175408
 626                    -0.324669004392                     0.640449001970
 627                    -0.714412200179                     0.648774551623
 628                     0.296621280121                     0.659494305271
 629                     0.111572220198                     0.660644501773
 630                    -0.073439831638                     0.661787328335
 631                     0.617978267713                     0.662494640713
 632                    -0.258451883475                     0.662930154897
 633                    -0.447670751526                     0.666317741669
 634                     0.498752527156                     0.676169466137
 635                     0.686061532661                     0.678684583449
 636                     0.177826349202                     0.683118284761
 637                    -0.007222710720                     0.684268481263
 638                    -0.579743417695                     0.684549950750
 639                    -0.192234762557                     0.685411307824
 640                    -0.377246814393                     0.686554134387
 641                     0.373042584989                     0.686603444076
 642                    -0.663110497512                     0.701126007709
 643                     0.244043470120                     0.705599437688
 644                     0.563355787337                     0.706158057633
 645                     0.058994410197                     0.706749634190
 646                    -0.513743661386                     0.707661452361
 647                    -0.126017641639                     0.707892460752
 648                    -0.311029693474                     0.709035287314
 649                     0.438395722741                     0.711484696568
 650                     0.315783462213                     0.726746964082
 651                     0.125248539202                     0.729223417178
 652                    -0.059800520721                     0.730373613679
 653                     0.629477491369                     0.731472007979
 654                    -0.428594451802                     0.734025488613
 655                    -0.248892157242                     0.741113877223
 656                     0.505714812005                     0.745751331082
 657                    -0.610597232888                     0.747304643225
 658                     0.191465660120                     0.751704570105
 659                     0.006416600197                     0.752854766606
 660                    -0.180217358680                     0.754300286215
 661                     0.379797461840                     0.756375261580
 662                    -0.362377330884                     0.756506641540
 663                    -0.487106990147                     0.772318989314
 664                     0.263205652212                     0.772852096498
 665                     0.574855010992                     0.775135424899
 666                     0.072670729202                     0.775328549594
 667                    -0.112378330721                     0.776478746096
 668                     0.445358007590                     0.781066561513
 669                    -0.300239794651                     0.788585231449
 670                    -0.554877795174                     0.789559271378
 671                    -0.046161209803                     0.798959899023
 672                     0.142079586880                     0.801649386184
 673                    -0.414954745850                     0.802612224444
 674                     0.323679529554                     0.807966473880
 675                    -0.233907317229                     0.810723699750
 676                     0.517214035661                     0.814728698348
 677                     0.210627842212                     0.818957228915
 678                     0.020092919201                     0.821433682011
 679                    -0.164985365463                     0.822550529600
 680                     0.391371467080                     0.825513864956
 681                    -0.352817209618                     0.834690814353
 682                    -0.473467590555                     0.840905257024
 683                     0.086310040120                     0.843914834938
 684                    -0.098737346982                     0.845066939038
 685                     0.456857231246                     0.850043928779
 686                     0.271101719554                     0.854071606297
 687                    -0.286626286593                     0.857248984685
 688                    -0.032484890799                     0.867538814428
 689                    -0.411330054323                     0.872983846933
 690                    -0.220268004387                     0.879309984711
 691                     0.177510092383                     0.880547195515
 692                    -0.151346052620                     0.891136814561
 693                     0.368911904648                     0.891738312065
 694                     0.034993836443                     0.898145564612
 695                    -0.339220808297                     0.903353410015
 696                     0.113366165257                     0.908397975620
 697                     0.303367778024                     0.916112002897
 698                     0.233701539032                     0.922172075853
 699                    -0.272552531946                     0.925747442841
 700                    -0.061847662088                     0.931004844726
 701                    -0.196049363600                     0.944911560744
 702                     0.169557611905                     0.950022855957
 703                    -0.126902842165                     0.956655047154
 704                     0.069128253214                     0.962556229632
 705                    -0.000757115897                     0.965035044634
