   1                    -0.019398598722                    -0.967121110565
   2                     0.045963950422                    -0.966222988442
   3                    -0.106273591311                    -0.961460072973
   4                     0.111116595486                    -0.960912405134
   5                    -0.170966846153                    -0.952087120829
   6                     0.209142701788                    -0.944435746052
   7                    -0.234879344811                    -0.938366261922
   8                     0.272451266283                    -0.928154004265
   9                    -0.297965452470                    -0.920280466633
  10                    -0.059665000878                    -0.915626583560
  11                     0.153091381065                    -0.910800661704
  12                     0.339980153940                    -0.905533836004
  13                     0.069100013923                    -0.905085503872
  14                     0.003900858010                    -0.900380238498
  15                    -0.359439783063                    -0.898054892801
  16                    -0.121462078330                    -0.894313703032
  17                    -0.186633470000                    -0.888589522260
  18                     0.225325049203                    -0.881101702394
  19                     0.401051043435                    -0.880259966539
  20                    -0.250842004719                    -0.874976491907
  21                    -0.419272656031                    -0.871728161778
  22                     0.288633613698                    -0.864819960607
  23                     0.114490937307                    -0.858045802254
  24                    -0.313278174582                    -0.851771252534
  25                    -0.071461855446                    -0.851331143005
  26                     0.349259931223                    -0.840375757261
  27                     0.176567223611                    -0.837561561174
  28                     0.003634417297                    -0.835012062270
  29                     0.492769453849                    -0.832392824023
  30                    -0.494730641695                    -0.831228693140
  31                    -0.133150369220                    -0.829707158120
  32                     0.428419612331                    -0.820896418039
  33                    -0.197614636811                    -0.818870753832
  34                    -0.368985647217                    -0.817569689024
  35                     0.238653004788                    -0.817106116188
  36                     0.065711189639                    -0.814529294038
  37                    -0.262464282740                    -0.810649265108
  38                    -0.433643978526                    -0.807958776148
  39                     0.300719780315                    -0.796593075710
  40                     0.548584070555                    -0.796576131016
  41                     0.127786989907                    -0.794043580111
  42                    -0.045143599007                    -0.791494541898
  43                    -0.562945742611                    -0.786633103173
  44                     0.362906770238                    -0.776447412695
  45                     0.189863276211                    -0.773559339031
  46                     0.016932687297                    -0.771010300818
  47                    -0.155997901616                    -0.768461262606
  48                     0.489219992945                    -0.767120542148
  49                    -0.500869456307                    -0.766148862094
  50                    -0.328928490529                    -0.765912224393
  51                     0.601321175264                    -0.757702047187
  52                     0.424870151427                    -0.755624136164
  53                     0.251939643768                    -0.753075344184
  54                     0.079008973601                    -0.750526059739
  55                    -0.093921615312                    -0.747977021526
  56                    -0.614788638708                    -0.746816227628
  57                    -0.266852204225                    -0.745427983313
  58                    -0.439782793138                    -0.742878945101
  59                     0.314015848819                    -0.732590856871
  60                     0.141085259905                    -0.730041818659
  61                     0.542482194687                    -0.729223216126
  62                    -0.031845329008                    -0.727492780446
  63                    -0.204775917921                    -0.724943742234
  64                    -0.549647472611                    -0.722631341721
  65                    -0.377706506834                    -0.722394704021
  66                     0.376092135123                    -0.712106615791
  67                     0.203161546210                    -0.709557577579
  68                     0.030230957297                    -0.707008539366
  69                    -0.142699631617                    -0.704459501154
  70                    -0.664053476367                    -0.702597356063
  71                    -0.315630220530                    -0.701910462941
  72                    -0.488560809443                    -0.699361424729
  73                     0.628217341583                    -0.698122976270
  74                     0.438168421427                    -0.691622374712
  75                     0.265237832514                    -0.689073336499
  76                     0.092307243601                    -0.686524298286
  77                    -0.080623345312                    -0.683975260074
  78                    -0.601490368708                    -0.682814466176
  79                    -0.253553934225                    -0.681426221861
  80                    -0.426484523138                    -0.678877183649
  81                     0.502068576700                    -0.677844145143
  82                     0.690293627887                    -0.677638735190
  83                     0.327314118818                    -0.668589095419
  84                     0.566770966388                    -0.668534460799
  85                     0.154383529905                    -0.666040057207
  86                    -0.018547059008                    -0.663491018994
  87                    -0.191477647921                    -0.660941980782
  88                    -0.364408236834                    -0.658392942569
  89                    -0.538193913427                    -0.656815320616
  90                    -0.710388801578                    -0.656384500959
  91                     0.389390405122                    -0.648104854339
  92                     0.216459816209                    -0.645555816127
  93                     0.043529227296                    -0.643006777914
  94                    -0.129401361617                    -0.640457739702
  95                    -0.302331950530                    -0.637908701489
  96                    -0.647066116031                    -0.635953814132
  97                    -0.475262539443                    -0.635359663277
  98                     0.621690160894                    -0.633080948579
  99                     0.451466691427                    -0.627620613259
 100                     0.278536102514                    -0.625071575047
 101                     0.105605513601                    -0.622522536834
 102                    -0.067325075312                    -0.619973498622
 103                    -0.240255664226                    -0.617424460409
 104                    -0.413186253139                    -0.614875422197
 105                     0.515366846700                    -0.613842383691
 106                     0.683766447199                    -0.612596707499
 107                    -0.586116842052                    -0.612326383985
 108                     0.749132109830                    -0.611964566094
 109                     0.340612388818                    -0.604587333967
 110                     0.167681799905                    -0.602038295755
 111                    -0.005248789008                    -0.599489257542
 112                    -0.761011833896                    -0.597126901758
 113                    -0.178179377921                    -0.596940219329
 114                    -0.351109966834                    -0.594391181117
 115                    -0.695814054346                    -0.592402603312
 116                    -0.524040555747                    -0.591842142905
 117                     0.575081174017                    -0.587247862318
 118                     0.402688675122                    -0.584103092887
 119                     0.229758086209                    -0.581554054675
 120                     0.056827497296                    -0.579005016462
 121                    -0.116103091617                    -0.576455978250
 122                    -0.289033680530                    -0.573906940037
 123                    -0.461964269443                    -0.571357901825
 124                    -0.634864780367                    -0.568775173164
 125                     0.637157460321                    -0.566763621238
 126                     0.464764961427                    -0.563618851807
 127                     0.291834372513                    -0.561069813595
 128                     0.118903783600                    -0.558520775382
 129                    -0.054026805313                    -0.555971737170
 130                    -0.226957394226                    -0.553422698957
 131                    -0.399887983139                    -0.550873660745
 132                     0.765323087470                    -0.548632728153
 133                     0.699954372819                    -0.548608257441
 134                    -0.572788494063                    -0.548290932084
 135                     0.526841247731                    -0.543134610728
 136                     0.353910658818                    -0.540585572515
 137                     0.180980069905                    -0.538036534303
 138                     0.008049480992                    -0.535487496090
 139                    -0.164881107921                    -0.532938457877
 140                    -0.773123993964                    -0.532890112981
 141                    -0.337811696835                    -0.530389419665
 142                    -0.510712207759                    -0.527806691005
 143                    -0.683993967511                    -0.525654493858
 144                     0.588917534035                    -0.522650369648
 145                     0.415986945122                    -0.520101331435
 146                     0.243056356209                    -0.517552293223
 147                     0.070125767296                    -0.515003255010
 148                     0.820102426675                    -0.512963505422
 149                    -0.102804821617                    -0.512454216798
 150                    -0.275735410530                    -0.509905178585
 151                    -0.448635921455                    -0.507322449925
 152                    -0.621566510368                    -0.504773411712
 153                     0.653114752348                    -0.502749724294
 154                     0.478063231426                    -0.499617090355
 155                    -0.828845989441                    -0.498712215532
 156                     0.305132642513                    -0.497068052143
 157                     0.132202053600                    -0.494519013930
 158                     0.732659922403                    -0.492009525296
 159                    -0.040728535313                    -0.491969975718
 160                    -0.213659124226                    -0.489420937505
 161                    -0.386559635150                    -0.486838208845
 162                    -0.559490224064                    -0.484289170632
 163                    -0.732420812977                    -0.481740132420
 164                     0.540139517731                    -0.479132849276
 165                     0.367208928817                    -0.476583811063
 166                     0.194278339904                    -0.474034772851
 167                     0.021347750991                    -0.471485734638
 168                    -0.151582837922                    -0.468936696425
 169                    -0.324483348846                    -0.466353967765
 170                    -0.497413937759                    -0.463804929553
 171                    -0.670344526672                    -0.461255891340
 172                     0.602215804035                    -0.458648608196
 173                     0.852874810567                    -0.456403446122
 174                     0.787439261608                    -0.456340302565
 175                     0.429285215122                    -0.456099569983
 176                     0.256354626209                    -0.453550531771
 177                     0.083424037295                    -0.451001493558
 178                    -0.089506551618                    -0.448452455346
 179                    -0.262407062542                    -0.445869726685
 180                    -0.435337651455                    -0.443320688473
 181                    -0.860635892828                    -0.441594166750
 182                    -0.608268240368                    -0.440771650260
 183                     0.664292090339                    -0.438164367116
 184                    -0.792371403214                    -0.437961387743
 185                     0.491361501426                    -0.435615328903
 186                     0.318430912513                    -0.433066290691
 187                     0.145500323600                    -0.430517252478
 188                    -0.027430265313                    -0.427968214266
 189                     0.728658903433                    -0.426763366014
 190                    -0.200330776238                    -0.425385485605
 191                    -0.373261365151                    -0.422836447393
 192                    -0.546191954064                    -0.420287409180
 193                    -0.719122542977                    -0.417738370968
 194                     0.553437787730                    -0.415131087823
 195                     0.380507198817                    -0.412582049611
 196                     0.207576609904                    -0.410033011398
 197                     0.034646020991                    -0.407483973186
 198                    -0.138254489933                    -0.404901244526
 199                    -0.311185078847                    -0.402352206313
 200                    -0.484115667760                    -0.399803168101
 201                     0.881752361649                    -0.397759124168
 202                     0.816383649386                    -0.397728939588
 203                    -0.657046256673                    -0.397254129888
 204                     0.615514074034                    -0.394646846744
 205                     0.442583485121                    -0.392097808531
 206                     0.269652896208                    -0.389548770319
 207                     0.096722307295                    -0.386999732106
 208                    -0.076178203629                    -0.384417003446
 209                    -0.832743671464                    -0.382474851453
 210                    -0.249108792542                    -0.381867965233
 211                    -0.422039381455                    -0.379318927021
 212                    -0.594969970368                    -0.376769888808
 213                    -0.767898455774                    -0.374218492926
 214                     0.677590360339                    -0.374162605664
 215                     0.504659771426                    -0.371613567451
 216                     0.331729182513                    -0.369064529239
 217                     0.158798593599                    -0.366515491026
 218                    -0.895764101917                    -0.365111245854
 219                    -0.014101917325                    -0.363932762366
 220                     0.741957173432                    -0.362761604562
 221                    -0.187032506238                    -0.361383724153
 222                    -0.359963095151                    -0.358834685941
 223                    -0.532893684064                    -0.356285647728
 224                    -0.705955747892                    -0.353333800107
 225                     0.566736057730                    -0.351129326371
 226                     0.393805468817                    -0.348580288159
 227                     0.220874879904                    -0.346031249946
 228                     0.047974368979                    -0.343448521286
 229                    -0.124956219934                    -0.340899483074
 230                    -0.297886808847                    -0.338350444861
 231                    -0.470817397760                    -0.335801406648
 232                     0.866148894826                    -0.334279983680
 233                     0.800780182563                    -0.334249799100
 234                    -0.643747986673                    -0.333252368436
 235                     0.628812344034                    -0.330645085291
 236                     0.455881755121                    -0.328096047079
 237                     0.282951166208                    -0.325547008867
 238                     0.110050655284                    -0.322964280206
 239                    -0.062879933629                    -0.320415241994
 240                    -0.847343534361                    -0.318745096784
 241                    -0.235810522543                    -0.317866203781
 242                    -0.408741111456                    -0.315317165569
 243                    -0.581671700369                    -0.312768127356
 244                     0.690888630338                    -0.310160844212
 245                    -0.759328090986                    -0.309414030878
 246                     0.517958041425                    -0.307611805999
 247                     0.345027452512                    -0.305062767787
 248                    -0.918377950558                    -0.303778682696
 249                     0.172126941588                    -0.302480039126
 250                    -0.000803647325                    -0.299931000914
 251                     0.920352735881                    -0.297742153027
 252                    -0.173734236238                    -0.297381962701
 253                    -0.346664825151                    -0.294832924489
 254                    -0.519595414064                    -0.292283886276
 255                     0.752964916643                    -0.289676603131
 256                    -0.697385383104                    -0.288529338059
 257                     0.580034327729                    -0.287127564919
 258                     0.407103738816                    -0.284578526707
 259                     0.234203227892                    -0.281995798046
 260                     0.061272638979                    -0.279446759834
 261                    -0.111657949934                    -0.276897721621
 262                    -0.284588538847                    -0.274348683409
 263                    -0.457519127760                    -0.271799645196
 264                     0.815474069640                    -0.270553966139
 265                    -0.630449716673                    -0.269250606984
 266                     0.642110614034                    -0.266643323839
 267                    -0.808386119459                    -0.266212418682
 268                     0.469180025121                    -0.264094285627
 269                     0.296279514196                    -0.261511556967
 270                     0.123348925283                    -0.258962518754
 271                    -0.873055095444                    -0.256673393628
 272                    -0.049581663630                    -0.256413480542
 273                    -0.222512252543                    -0.253864442329
 274                    -0.395442841456                    -0.251315404116
 275                    -0.568373430369                    -0.248766365904
 276                     0.877093777530                    -0.248734684450
 277                     0.704186900338                    -0.246159082759
 278                    -0.746443411576                    -0.245327725863
 279                     0.531256311425                    -0.243610044547
 280                    -0.936797832477                    -0.241058850075
 281                     0.358355800501                    -0.241027315887
 282                     0.185425211588                    -0.238478277674
 283                     0.012494622675                    -0.235929239462
 284                    -0.160435966239                    -0.233380201249
 285                    -0.333366555152                    -0.230831163037
 286                     0.939675266405                    -0.229585159832
 287                    -0.506297144065                    -0.228282124824
 288                    -0.679227732978                    -0.225733086612
 289                     0.766263186642                    -0.225674841679
 290                     0.593332597729                    -0.223125803467
 291                     0.420432086805                    -0.220543074807
 292                     0.247501497892                    -0.217994036594
 293                     0.074570908979                    -0.215444998382
 294                    -0.098359679934                    -0.212895960169
 295                    -0.271290268847                    -0.210346921957
 296                    -0.444220857761                    -0.207797883744
 297                    -0.617151446674                    -0.205248845532
 298                     0.828339472946                    -0.205190600599
 299                     0.655408884033                    -0.202641562387
 300                    -0.795559327199                    -0.201451686181
 301                     0.482508373109                    -0.200058833727
 302                     0.309577784196                    -0.197509795514
 303                     0.136647195283                    -0.194960757302
 304                    -0.891474977362                    -0.193953561006
 305                    -0.036283393630                    -0.192411719090
 306                    -0.209213982543                    -0.189862680877
 307                    -0.382144571456                    -0.187313642664
 308                     0.891826334546                    -0.185047784559
 309                    -0.555075160369                    -0.184764604452
 310                    -0.728285761450                    -0.182531474416
 311                     0.717485170337                    -0.182157321307
 312                     0.544584659413                    -0.179574592647
 313                     0.371654070500                    -0.177025554435
 314                     0.198723481587                    -0.174476516222
 315                     0.025792892674                    -0.171927478010
 316                    -0.952271629617                    -0.169936139650
 317                    -0.147137696239                    -0.169378439797
 318                    -0.320068285152                    -0.166829401585
 319                    -0.492998874065                    -0.164280363372
 320                     0.953444857511                    -0.163225156818
 321                    -0.665929462978                    -0.161731325160
 322                     0.779561456641                    -0.161673080227
 323                     0.606660945718                    -0.159090351567
 324                     0.433730356805                    -0.156541313355
 325                     0.260799767892                    -0.153992275142
 326                    -0.840585033998                    -0.152925727550
 327                     0.087869178978                    -0.151443236930
 328                    -0.085061409935                    -0.148894198717
 329                    -0.257991998848                    -0.146345160505
 330                    -0.430922587761                    -0.143796122292
 331                    -0.603853176674                    -0.141247084080
 332                     0.841637742945                    -0.141188839147
 333                    -0.776782782749                    -0.138701024052
 334                     0.668737232022                    -0.138606110486
 335                     0.495806643109                    -0.136057072275
 336                     0.322876054196                    -0.133508034062
 337                     0.149945465283                    -0.130958995850
 338                    -0.022985123630                    -0.128409957637
 339                    -0.195915712543                    -0.125860919425
 340                    -0.368846301457                    -0.123311881212
 341                    -0.898625199398                    -0.122852339743
 342                     0.903736646027                    -0.120773264457
 343                    -0.541776890370                    -0.120762843000
 344                    -0.714707479282                    -0.118213804786
 345                     0.730813518326                    -0.118121869406
 346                     0.557882929413                    -0.115572831195
 347                     0.384952340500                    -0.113023792982
 348                     0.212021751587                    -0.110474754770
 349                     0.039091162674                    -0.107925716558
 350                    -0.133839426239                    -0.105376678345
 351                    -0.961574547722                    -0.105232776764
 352                    -0.306770015152                    -0.102827640132
 353                    -0.479700604066                    -0.100278601920
 354                    -0.652631192977                    -0.097729563706
 355                     0.792889804630                    -0.097637628326
 356                     0.619959215717                    -0.095088590114
 357                     0.962847793911                    -0.092863738310
 358                     0.447028626804                    -0.092539551902
 359                     0.274098037891                    -0.089990513690
 360                    -0.843560798879                    -0.087624775969
 361                     0.101167448978                    -0.087441475478
 362                    -0.071763139935                    -0.084892437265
 363                    -0.244693728848                    -0.082343399053
 364                    -0.417624317761                    -0.079794360840
 365                    -0.590554906674                    -0.077245322627
 366                     0.854989843292                    -0.077126757265
 367                     0.682035502021                    -0.074604349034
 368                    -0.764717111181                    -0.074451589404
 369                     0.509104913109                    -0.072055310822
 370                     0.336174324196                    -0.069506272610
 371                     0.163243735282                    -0.066957234398
 372                    -0.009686853631                    -0.064408196185
 373                    -0.182617442544                    -0.061859157973
 374                    -0.355548031457                    -0.059310119760
 375                    -0.528478620369                    -0.056761081547
 376                    -0.701445027808                    -0.054204611424
 377                     0.744111788325                    -0.054120107954
 378                     0.571181199413                    -0.051571069742
 379                     0.398250610500                    -0.049022031530
 380                     0.225320021587                    -0.046472993318
 381                    -0.892338815184                    -0.044107255597
 382                     0.052389432674                    -0.043923955105
 383                    -0.120541156240                    -0.041374916893
 384                    -0.957577513689                    -0.039986373240
 385                    -0.293471745153                    -0.038825878680
 386                     0.929164433216                    -0.036841415382
 387                    -0.466402334065                    -0.036276840467
 388                    -0.639368741504                    -0.033720370344
 389                     0.806188074630                    -0.033635866873
 390                     0.633257485717                    -0.031086828662
 391                    -0.812668651484                    -0.030016229006
 392                     0.460326896804                    -0.028537790450
 393                     0.287396307891                    -0.025988752238
 394                     0.114465718978                    -0.023439714026
 395                    -0.058464869935                    -0.020890675813
 396                    -0.231395458849                    -0.018341637601
 397                    -0.404326047761                    -0.015792599388
 398                    -0.577292455199                    -0.013236129264
 399                     0.868252887894                    -0.013116890087
 400                    -0.750223044113                    -0.010687091052
 401                     0.695333772021                    -0.010602587581
 402                     0.522403183108                    -0.008053549370
 403                     0.349472594195                    -0.005504511158
 404                     0.176542005282                    -0.002955472946
 405                     0.003611416369                    -0.000406434733
 406                    -0.169319172544                     0.002142603479
 407                    -0.342249761457                     0.004691641692
 408                    -0.515216168895                     0.007248111815
 409                    -0.688146757809                     0.009797150028
 410                     0.757410058325                     0.009881653499
 411                     0.584479469412                     0.012430691710
 412                    -0.861446667789                     0.013501291366
 413                     0.411548880499                     0.014979729922
 414                     0.967177653531                     0.016338134589
 415                     0.238618291586                     0.017528768134
 416                     0.065687702673                     0.020077806347
 417                    -0.107242886240                     0.022626844559
 418                    -0.967000245829                     0.024699649771
 419                    -0.280173475153                     0.025175882772
 420                    -0.453139882591                     0.027732352895
 421                    -0.626070471505                     0.030281391108
 422                     0.819474871590                     0.030400630285
 423                     0.646555755716                     0.032914932791
 424                    -0.799370381485                     0.033985532447
 425                     0.473625166804                     0.035463971002
 426                     0.300694577891                     0.038013009214
 427                     0.127763988977                     0.040562047426
 428                    -0.045166599936                     0.043111085639
 429                    -0.218097188849                     0.045660123852
 430                    -0.391063596286                     0.048216593974
 431                     0.884268080841                     0.050369905131
 432                    -0.563994185200                     0.050765632188
 433                    -0.736924774114                     0.053314670400
 434                     0.708632042021                     0.053399173871
 435                     0.535701453108                     0.055948212083
 436                    -0.910285170096                     0.057203028650
 437                     0.362770864195                     0.058497250294
 438                     0.189840275282                     0.061046288506
 439                     0.016909686368                     0.063595326719
 440                    -0.156020902544                     0.066144364931
 441                    -0.328987309982                     0.068700835054
 442                    -0.501917898896                     0.071249873267
 443                    -0.674848487810                     0.073798911480
 444                     0.770696855285                     0.073918150657
 445                     0.597777739412                     0.076432453163
 446                    -0.848148397789                     0.077503052818
 447                     0.424847150499                     0.078981491374
 448                     0.949699987780                     0.079327027688
 449                     0.251916561586                     0.081530529586
 450                     0.078985972673                     0.084079567799
 451                    -0.093944616240                     0.086628606011
 452                    -0.266911023678                     0.089185076134
 453                    -0.439841612592                     0.091734114347
 454                    -0.612772201505                     0.094283152560
 455                     0.832773141590                     0.094402391737
 456                     0.659854025716                     0.096916694243
 457                    -0.786072111485                     0.097987293899
 458                    -0.961927548049                     0.098206872466
 459                     0.486923436803                     0.099465732455
 460                     0.313992847890                     0.102014770666
 461                     0.141062258977                     0.104563808878
 462                    -0.031868329936                     0.107112847091
 463                    -0.204834737373                     0.109669317213
 464                    -0.377765326287                     0.112218355426
 465                    -0.550695915201                     0.114767393640
 466                     0.894849427841                     0.114886632978
 467                    -0.723626504114                     0.117316431852
 468                     0.721918838981                     0.117435671029
 469                     0.548999723107                     0.119949973535
 470                    -0.897630668428                     0.121335181596
 471                     0.376069134194                     0.122499011746
 472                     0.203138545281                     0.125048049958
 473                     0.030207956368                     0.127597088171
 474                    -0.142758451069                     0.130153558293
 475                    -0.315689039983                     0.132702596506
 476                    -0.488619628897                     0.135251634719
 477                    -0.661550217810                     0.137800672932
 478                     0.783995125285                     0.137919912109
 479                     0.611076009411                     0.140434214615
 480                    -0.835493896121                     0.141635205764
 481                     0.438145420498                     0.142983252827
 482                     0.956485630982                     0.144342598902
 483                     0.265214831585                     0.145532291038
 484                     0.092284242672                     0.148081329251
 485                    -0.080682164765                     0.150637799373
 486                    -0.253612753678                     0.153186837586
 487                    -0.426543342592                     0.155735875799
 488                    -0.599473931506                     0.158284914012
 489                     0.846071411536                     0.158404153349
 490                     0.673140822676                     0.160953191401
 491                    -0.773417609817                     0.162119446845
 492                    -0.953473602093                     0.163028098431
 493                     0.500221706803                     0.163467493907
 494                     0.327291117889                     0.166016532118
 495                     0.154360528976                     0.168565570330
 496                    -0.018605878461                     0.171122040453
 497                    -0.191536467374                     0.173671078665
 498                    -0.364467056288                     0.176220116878
 499                    -0.537397645202                     0.178769155092
 500                     0.735217108981                     0.181437432481
 501                    -0.710972002446                     0.181448584798
 502                     0.562297993107                     0.183951734987
 503                     0.905610474861                     0.185388767343
 504                    -0.892434250186                     0.186497031565
 505                     0.389367404194                     0.186500773198
 506                     0.216436815281                     0.189049811411
 507                     0.043470407844                     0.191606281533
 508                    -0.129460181070                     0.194155319745
 509                    -0.302390769984                     0.196704357958
 510                    -0.475321358897                     0.199253396171
 511                     0.797295451230                     0.201923978144
 512                    -0.648895716141                     0.201932825878
 513                     0.624362806372                     0.204470711773
 514                    -0.825491824436                     0.206234184208
 515                     0.451443690498                     0.206985014279
 516                     0.278513101584                     0.209534052491
 517                     0.105546694148                     0.212090522613
 518                    -0.067383894766                     0.214639560825
 519                    -0.240314483679                     0.217188599038
 520                    -0.413245072593                     0.219737637251
 521                    -0.586819429837                     0.222417066958
 522                     0.686439092676                     0.224954952853
 523                    -0.760119339818                     0.226121208297
 524                     0.513519976802                     0.227469255359
 525                     0.340589387889                     0.230018293570
 526                    -0.938986384373                     0.232387861330
 527                     0.167622980452                     0.232574763692
 528                    -0.005307608461                     0.235123801905
 529                    -0.178238197375                     0.237672840118
 530                    -0.351168786289                     0.240221878331
 531                     0.870936316077                     0.240803315672
 532                    -0.524743143533                     0.242901308038
 533                     0.936263802061                     0.243124743869
 534                     0.748515378980                     0.245439193934
 535                    -0.697673732447                     0.245450346250
 536                     0.575584790067                     0.247988232145
 537                    -0.874594999702                     0.249384475432
 538                     0.402665674193                     0.250502534651
 539                     0.229699266757                     0.253059004772
 540                     0.056768677843                     0.255608042985
 541                    -0.116161911071                     0.258157081197
 542                    -0.289092499984                     0.260706119410
 543                    -0.462666857228                     0.263385549117
 544                     0.810589568888                     0.265929786926
 545                    -0.635597446143                     0.265934587331
 546                     0.637661076371                     0.268472473225
 547                    -0.809025267152                     0.269494929897
 548                     0.464741960497                     0.270986775731
 549                     0.291775553061                     0.273543245852
 550                     0.118844964147                     0.276092284065
 551                    -0.054085624766                     0.278641322277
 552                    -0.227016213680                     0.281190360490
 553                    -0.400590570924                     0.283869790197
 554                    -0.573521159838                     0.286418828410
 555                     0.699737362675                     0.288956714306
 556                    -0.746821069819                     0.290122969749
 557                     0.526806773762                     0.291505752516
 558                     0.353851839365                     0.294027486932
 559                    -0.921147133890                     0.295275305197
 560                     0.180921250452                     0.296576525144
 561                     0.901589643277                     0.298539292199
 562                     0.007990661538                     0.299125563357
 563                    -0.164939927376                     0.301674601570
 564                    -0.338514284620                     0.304354031276
 565                    -0.511444873534                     0.306903069490
 566                    -0.684375462448                     0.309452107702
 567                     0.762222248022                     0.309903321309
 568                     0.588883060066                     0.311989993597
 569                    -0.858128442419                     0.312645221121
 570                     0.415928125669                     0.314511728012
 571                     0.242997536756                     0.317060766224
 572                     0.070066947842                     0.319609804437
 573                    -0.102863641071                     0.322158842650
 574                    -0.276437998315                     0.324838272356
 575                     0.840260234058                     0.326744031724
 576                    -0.449368587229                     0.327387310569
 577                    -0.622299176143                     0.329936348783
 578                     0.650959346370                     0.332474234677
 579                    -0.796207606405                     0.333594672696
 580                     0.478004411974                     0.334995969092
 581                     0.305073823060                     0.337545007304
 582                     0.132143234146                     0.340094045517
 583                    -0.040787354767                     0.342643083730
 584                    -0.214361712011                     0.345322513436
 585                    -0.387292300925                     0.347871551649
 586                    -0.560222889839                     0.350420589863
 587                     0.713035632674                     0.352958475758
 588                    -0.734191373068                     0.354260012197
 589                     0.540105043761                     0.355507513968
 590                     0.367150109365                     0.358029248384
 591                     0.194219520451                     0.360578286596
 592                     0.021288931537                     0.363127324809
 593                     0.896339316731                     0.363696820736
 594                    -0.152285425706                     0.365806754516
 595                    -0.895203835364                     0.366482798072
 596                    -0.325216014621                     0.368355792729
 597                    -0.498146603535                     0.370904830942
 598                    -0.671745765697                     0.373589150150
 599                     0.774915797865                     0.374027756950
 600                     0.602181330065                     0.375991755049
 601                     0.429226395669                     0.378513489464
 602                     0.256295806755                     0.381062527676
 603                     0.083365217841                     0.383611565889
 604                    -0.090209139402                     0.386290995595
 605                    -0.833282999350                     0.387432249647
 606                    -0.263139728316                     0.388840033808
 607                    -0.436070317230                     0.391389072022
 608                     0.837634554052                     0.392451303738
 609                    -0.609669479393                     0.394073391230
 610                     0.664257616369                     0.396475996129
 611                     0.491302681973                     0.398997730544
 612                     0.318372093059                     0.401546768757
 613                     0.145441504145                     0.404095806969
 614                    -0.028132853098                     0.406775236675
 615                    -0.201063442012                     0.409324274888
 616                    -0.373994030926                     0.411873313101
 617                    -0.547593193089                     0.414557632310
 618                    -0.720893103069                     0.418261773649
 619                     0.553403313760                     0.419509275421
 620                     0.730160042057                     0.421672187644
 621                     0.380448379364                     0.422031009836
 622                     0.207517790450                     0.424580048049
 623                     0.033943433206                     0.427259477755
 624                    -0.138987155708                     0.429808515968
 625                    -0.784924688155                     0.431415691899
 626                    -0.311917744621                     0.432357554181
 627                    -0.485516906784                     0.435041873390
 628                    -0.658447495698                     0.437590911602
 629                     0.615479600064                     0.439993516501
 630                     0.442524665668                     0.442515250916
 631                     0.269594076754                     0.445064289129
 632                     0.096019719511                     0.447743718835
 633                    -0.857172896149                     0.448279125367
 634                    -0.076910869403                     0.450292757048
 635                     0.787837629453                     0.452435239608
 636                    -0.249841458317                     0.452841795260
 637                    -0.423440620480                     0.455526114469
 638                     0.853111169329                     0.455961490586
 639                    -0.596371209435                     0.458075152809
 640                     0.677555886368                     0.460477757582
 641                     0.504600951972                     0.462999491996
 642                     0.331670363058                     0.465548530209
 643                     0.158096005815                     0.468227959915
 644                    -0.014834583099                     0.470776998127
 645                    -0.187765172013                     0.473326036340
 646                    -0.361364334176                     0.476010355549
 647                    -0.534294923089                     0.478559393762
 648                     0.566701583759                     0.483511036873
 649                     0.393746649363                     0.486032771288
 650                     0.220172292119                     0.488712200994
 651                     0.047241703205                     0.491261239207
 652                    -0.695502246517                     0.491442697976
 653                    -0.760866621984                     0.492196271906
 654                    -0.125688885708                     0.493810277420
 655                    -0.299288047871                     0.496494596629
 656                    -0.472218636785                     0.499043634842
 657                     0.628777870063                     0.503995277953
 658                    -0.824939405544                     0.505148023170
 659                     0.455822935667                     0.506517012368
 660                     0.754242298578                     0.508510396293
 661                     0.282248578424                     0.509196442074
 662                     0.109317989509                     0.511745480287
 663                     0.820368094918                     0.512538522428
 664                    -0.063612599404                     0.514294518500
 665                    -0.237211761567                     0.516978837708
 666                    -0.410142350481                     0.519527875921
 667                    -0.583072938089                     0.522076915597
 668                     0.690854156368                     0.524479519034
 669                     0.517899221971                     0.527001253449
 670                     0.344324864728                     0.529680683154
 671                     0.171394275814                     0.532229721367
 672                    -0.001536313100                     0.534778759580
 673                    -0.647078971568                     0.535354608629
 674                    -0.175135475263                     0.537463078788
 675                    -0.348066064176                     0.540012117001
 676                    -0.520999953493                     0.542571159603
 677                     0.579999853758                     0.547512798325
 678                    -0.724274444414                     0.550138780316
 679                     0.406401151032                     0.550164924233
 680                     0.233470562118                     0.552713962446
 681                     0.060539973205                     0.555263000659
 682                    -0.113059188959                     0.557947319868
 683                    -0.788938655051                     0.559710055920
 684                    -0.285989777872                     0.560496358081
 685                    -0.458920366785                     0.563045396294
 686                     0.783878636473                     0.566774938943
 687                     0.642076140063                     0.567997039405
 688                     0.468477437337                     0.570649165314
 689                     0.295546848422                     0.573198203526
 690                     0.122616259509                     0.575747241739
 691                    -0.050982902654                     0.578431560948
 692                    -0.223913491568                     0.580980599160
 693                     0.720490494263                     0.582744061683
 694                    -0.396844080481                     0.583529637373
 695                     0.530553723641                     0.591133406394
 696                    -0.617562262165                     0.593679846048
 697                     0.357623134727                     0.593682444607
 698                     0.184692545813                     0.596231482819
 699                     0.011093383650                     0.598915802028
 700                    -0.682576224286                     0.600480888855
 701                    -0.161837205264                     0.601464840240
 702                    -0.334767794176                     0.604013878453
 703                    -0.507691369233                     0.606570777098
 704                     0.592654355428                     0.611644951270
 705                    -0.748778283840                     0.612157616411
 706                     0.419699421031                     0.614166685686
 707                     0.246768832118                     0.616715723899
 708                     0.073169669954                     0.619400043107
 709                    -0.099760918959                     0.621949081320
 710                    -0.272691507872                     0.624498119533
 711                    -0.445860558406                     0.627784458683
 712                     0.654730641733                     0.632129192351
 713                     0.481775707335                     0.634650926766
 714                    -0.566686334417                     0.634725058067
 715                     0.308845118422                     0.637199964978
 716                     0.135245956258                     0.639884284187
 717                    -0.037684632655                     0.642433322400
 718                    -0.210615221568                     0.644982360613
 719                    -0.383545810481                     0.647531398826
 720                     0.718125910563                     0.648069999853
 721                    -0.640622456279                     0.654845987837
 722                     0.543851993640                     0.655135167846
 723                     0.370709454006                     0.658317001951
 724                     0.197322242562                     0.660368525267
 725                    -0.705636418400                     0.661647030644
 726                     0.024391653649                     0.662917563480
 727                    -0.148538935263                     0.665466601692
 728                    -0.321469524176                     0.668015639905
 729                    -0.513862488206                     0.673231041049
 730                     0.432997691030                     0.678168447137
 731                     0.609145088853                     0.678980305706
 732                     0.259398528867                     0.680852766346
 733                     0.086467939953                     0.683401804559
 734                    -0.086462648959                     0.685950842772
 735                    -0.259393237872                     0.688499880985
 736                    -0.451525373734                     0.692907260537
 737                     0.672546689755                     0.695037339530
 738                    -0.584582404092                     0.697596356321
 739                     0.495073977335                     0.698652688218
 740                     0.321474815171                     0.701337007427
 741                     0.148544226258                     0.703886045639
 742                    -0.024386362655                     0.706435083852
 743                    -0.197316951568                     0.708984122065
 744                    -0.370247540481                     0.711533160278
 745                     0.557506554949                     0.719061863438
 746                    -0.645994396505                     0.719993602622
 747                     0.210620512561                     0.724370286719
 748                     0.037689923649                     0.726919324932
 749                    -0.135240665264                     0.729468363144
 750                    -0.308393289617                     0.732680732416
 751                     0.378007036894                     0.734157387695
 752                    -0.531758557878                     0.736102339304
 753                     0.442802209431                     0.742797704234
 754                     0.618600944947                     0.743661494931
 755                     0.272696798866                     0.744854527799
 756                     0.099766209954                     0.747403566012
 757                    -0.073164378959                     0.749952604225
 758                    -0.422132613501                     0.751295059775
 759                    -0.246094967872                     0.752501642437
 760                    -0.595891816027                     0.761979324998
 761                     0.504878495734                     0.763281945315
 762                     0.161842496258                     0.767887807092
 763                    -0.011088092655                     0.770436845305
 764                    -0.184343206136                     0.773945340944
 765                    -0.361755261924                     0.776347901339
 766                     0.329229020589                     0.777674908066
 767                    -0.481305527575                     0.779073391149
 768                     0.566962411043                     0.783743052663
 769                     0.050988193649                     0.790921086384
 770                    -0.121942395264                     0.793470124597
 771                    -0.299912052236                     0.797525409914
 772                    -0.543067969816                     0.800485307980
 773                     0.437339843578                     0.807937799515
 774                     0.264010663557                     0.809643573998
 775                    -0.413640334944                     0.816109800836
 776                    -0.060943068151                     0.817270752695
 777                    -0.237611647893                     0.817317556656
 778                     0.200247676424                     0.824043258916
 779                     0.373202141843                     0.826042604530
 780                     0.134969215391                     0.827477204047
 781                     0.499416129882                     0.828422040596
 782                     0.002210177345                     0.834438606757
 783                    -0.175882672706                     0.838825766167
 784                    -0.349173917495                     0.840494446268
 785                    -0.472813249018                     0.843888132210
 786                     0.074361769863                     0.851968161572
 787                     0.313407888354                     0.852456932150
 788                    -0.113478603323                     0.858288591718
 789                    -0.288697165602                     0.865306377560
 790                     0.420548846298                     0.871113205048
 791                     0.251836747763                     0.874412890346
 792                    -0.401058990515                     0.880256345765
 793                    -0.225373816126                     0.881530522073
 794                     0.187948110138                     0.888244428089
 795                     0.122999382202                     0.895642549030
 796                     0.360754592810                     0.897527532669
 797                    -0.002450081863                     0.899640995042
 798                    -0.067609922413                     0.904862549736
 799                    -0.340504326953                     0.905346431916
 800                    -0.152296374485                     0.910883744498
 801                     0.060857446999                     0.915926763166
 802                     0.299312877340                     0.919843111400
 803                    -0.271606830390                     0.928401463710
 804                     0.236504286450                     0.937958032442
 805                    -0.208283480914                     0.944625608223
 806                     0.172615648825                     0.951789570185
 807                    -0.110330531477                     0.961002977080
 808                     0.107938725411                     0.961274559993
 809                    -0.045173564150                     0.966260263715
 810                     0.020189697790                     0.967104918939
