   1                    -0.012487037673                    -0.968518698562
   2                     0.050302598159                    -0.967292119369
   3                     0.115203421517                    -0.961677898267
   4                    -0.117432482758                    -0.961454111005
   5                    -0.179491223691                    -0.951823143337
   6                     0.181830314300                    -0.951379068708
   7                     0.245917833788                    -0.936861150118
   8                    -0.250266618709                    -0.935708830318
   9                    -0.062654355933                    -0.930739298846
  10                     0.306112794673                    -0.918955577007
  11                    -0.310377764303                    -0.917523862905
  12                     0.015225308915                    -0.912162077735
  13                     0.078014944747                    -0.910935498542
  14                     0.140447818566                    -0.904139975669
  15                    -0.141239778777                    -0.902014812444
  16                    -0.203500781107                    -0.893792254863
  17                     0.202049321057                    -0.891921229610
  18                     0.385124823345                    -0.888742519528
  19                    -0.364516960629                    -0.885696354591
  20                     0.262244281942                    -0.874015656500
  21                    -0.085867174214                    -0.872385139338
  22                    -0.425375516552                    -0.870195417991
  23                    -0.023779638156                    -0.862941584357
  24                     0.441908922356                    -0.861916991315
  25                     0.329038123240                    -0.860487875030
  26                     0.038307897902                    -0.853498029377
  27                     0.101102075032                    -0.852531497997
  28                    -0.311431466154                    -0.852140831339
  29                    -0.248661383583                    -0.850150957353
  30                     0.163119970861                    -0.842640923628
  31                    -0.481136027641                    -0.840597993000
  32                    -0.188286610047                    -0.832861377113
  33                     0.496835275981                    -0.831468041548
  34                     0.223314931747                    -0.824735350517
  35                    -0.126099982141                    -0.824015336684
  36                     0.285406444703                    -0.815317979166
  37                    -0.064194918865                    -0.813441469512
  38                    -0.358445247719                    -0.810049013048
  39                     0.366401042601                    -0.810009611181
  40                    -0.423347857957                    -0.807426544614
  41                    -0.002107382808                    -0.803997914532
  42                     0.428488578659                    -0.800566056200
  43                     0.549672978767                    -0.797523674876
  44                     0.059980153250                    -0.794554359552
  45                     0.122774330381                    -0.793587828172
  46                    -0.289596272651                    -0.793257326101
  47                    -0.517421930042                    -0.789184445030
  48                    -0.227508736593                    -0.783813771120
  49                    -0.578925471350                    -0.776462690552
  50                     0.183185823860                    -0.776426991360
  51                    -0.165421200535                    -0.774370216138
  52                     0.486787965501                    -0.769475345070
  53                     0.246242761422                    -0.766223694607
  54                    -0.103417045410                    -0.764393863518
  55                     0.600199905760                    -0.760226590366
  56                    -0.462569984501                    -0.758378938620
  57                     0.308341592478                    -0.756854122710
  58                    -0.041329509352                    -0.754950308537
  59                    -0.390905935253                    -0.753653275087
  60                     0.370417833539                    -0.747336584647
  61                     0.020758026706                    -0.745506753557
  62                    -0.328818399195                    -0.744209720107
  63                     0.432505369597                    -0.737893029666
  64                     0.082845562764                    -0.736063198576
  65                     0.539625668287                    -0.735530978399
  66                    -0.266730863137                    -0.734766165126
  67                    -0.636109747894                    -0.730444237576
  68                     0.144933098821                    -0.726619643593
  69                    -0.204643327080                    -0.725322610144
  70                    -0.513333847610                    -0.721404987429
  71                     0.648203646303                    -0.719733581608
  72                     0.207020634879                    -0.717176088613
  73                    -0.142639171954                    -0.715346257524
  74                    -0.575636333971                    -0.713502895454
  75                     0.269108170937                    -0.707732533633
  76                    -0.080551635896                    -0.705902702543
  77                    -0.430128061797                    -0.704605669093
  78                     0.331195706995                    -0.698288978652
  79                    -0.018464099838                    -0.696459147563
  80                    -0.368040525739                    -0.695162114112
  81                     0.393283243053                    -0.688845423672
  82                    -0.682108007258                    -0.687686747006
  83                     0.043623436219                    -0.687015592582
  84                     0.578186632546                    -0.685961886217
  85                    -0.305952989681                    -0.685718559132
  86                     0.455370779111                    -0.679401868691
  87                     0.105710972277                    -0.677572037599
  88                    -0.243865453623                    -0.676275004150
  89                     0.693482396985                    -0.676214877570
  90                     0.517458315169                    -0.669958313712
  91                     0.167798508335                    -0.668128482619
  92                    -0.181861298498                    -0.666298651530
  93                    -0.613762876732                    -0.663598891592
  94                    -0.536193769432                    -0.662911681498
  95                     0.229886044393                    -0.658684927638
  96                    -0.472751778064                    -0.658094681338
  97                    -0.119773762440                    -0.656855096549
  98                     0.633776238489                    -0.656741369871
  99                     0.291973580451                    -0.649241372658
 100                    -0.057686226382                    -0.647411541568
 101                    -0.407262652283                    -0.646114508118
 102                    -0.725238745876                    -0.642038283169
 103                     0.354061116509                    -0.639797817678
 104                     0.004401309676                    -0.637967986588
 105                    -0.345175116225                    -0.636670953138
 106                     0.416148652567                    -0.630354262697
 107                     0.066488845733                    -0.628524431605
 108                    -0.283087580167                    -0.627227398156
 109                    -0.664401560763                    -0.626453682695
 110                     0.478236188625                    -0.620910707717
 111                     0.721236184017                    -0.619878653257
 112                     0.128576381791                    -0.619080876624
 113                    -0.221083425042                    -0.617251045535
 114                    -0.575415895976                    -0.613864075504
 115                     0.540323724683                    -0.611467152737
 116                     0.190663917849                    -0.609637321644
 117                    -0.158995888984                    -0.607807490555
 118                    -0.508572314885                    -0.606510457104
 119                     0.602453903393                    -0.602308345074
 120                     0.252751453907                    -0.600193766664
 121                    -0.096908352926                    -0.598363935574
 122                    -0.446484778827                    -0.597066902124
 123                    -0.765320645998                    -0.593690748103
 124                     0.664541439451                    -0.592864790094
 125                     0.314838989965                    -0.590750211683
 126                    -0.034820816869                    -0.588920380593
 127                    -0.384397242769                    -0.587623347143
 128                     0.772761216462                    -0.583973028407
 129                     0.376926526023                    -0.581306656703
 130                     0.027266719189                    -0.579476825611
 131                    -0.322309706711                    -0.578179792162
 132                    -0.624912935726                    -0.575210667887
 133                     0.439014062080                    -0.571863101723
 134                     0.089354255247                    -0.570033270630
 135                    -0.260305551586                    -0.568203439541
 136                    -0.687296210187                    -0.567973960635
 137                     0.501101598138                    -0.562419546742
 138                     0.151441791305                    -0.560589715650
 139                    -0.198218015528                    -0.558759884560
 140                    -0.547794441429                    -0.557462851110
 141                     0.563189134196                    -0.552975991762
 142                     0.213529327363                    -0.551146160669
 143                    -0.136130479470                    -0.549316329580
 144                    -0.485706905371                    -0.548019296130
 145                     0.625319312907                    -0.543817184099
 146                    -0.802185206921                    -0.542847390499
 147                     0.275616863421                    -0.541702605689
 148                    -0.074042943413                    -0.539872774599
 149                    -0.423619369313                    -0.538575741149
 150                     0.687406848965                    -0.534373629119
 151                    -0.740029009855                    -0.533866854284
 152                     0.337704399479                    -0.532259050709
 153                    -0.011955407355                    -0.530429219616
 154                    -0.361531833256                    -0.529132186167
 155                     0.812365963927                    -0.527490223821
 156                     0.749592764196                    -0.525601239981
 157                     0.399791935536                    -0.522815495728
 158                     0.050132128703                    -0.520985664636
 159                    -0.299527678130                    -0.519155833547
 160                    -0.649837400637                    -0.517566813806
 161                     0.461879471594                    -0.513371940748
 162                     0.112219664761                    -0.511542109655
 163                    -0.237440142072                    -0.509712278566
 164                    -0.587612428814                    -0.508885924769
 165                     0.523967007652                    -0.503928385768
 166                     0.174307200819                    -0.502098554675
 167                    -0.175352606014                    -0.500268723585
 168                    -0.524929031915                    -0.498971690135
 169                     0.586054543710                    -0.494484830787
 170                     0.236394736877                    -0.492654999695
 171                    -0.113265069957                    -0.490825168605
 172                    -0.835677453343                    -0.489721951263
 173                    -0.462841495857                    -0.489528135155
 174                     0.648184722421                    -0.485326023124
 175                    -0.702570200304                    -0.483459707455
 176                     0.298482272935                    -0.483211444714
 177                    -0.051177533899                    -0.481381613622
 178                    -0.400753959799                    -0.480084580173
 179                    -0.764953474766                    -0.476223000203
 180                     0.710272258479                    -0.475882468144
 181                     0.360569808993                    -0.473767889734
 182                     0.844841612908                    -0.473737316108
 183                     0.010910002159                    -0.471938058641
 184                    -0.338749804674                    -0.470108227552
 185                     0.772458173711                    -0.467110079006
 186                     0.422657345050                    -0.464324334753
 187                     0.072997538217                    -0.462494503661
 188                    -0.276662268616                    -0.460664672572
 189                    -0.626238694517                    -0.459367639122
 190                     0.484744881108                    -0.454880779773
 191                     0.135085074275                    -0.453050948681
 192                    -0.214574732558                    -0.451221117591
 193                    -0.564151158459                    -0.449924084141
 194                     0.546832417166                    -0.445437224793
 195                     0.197172610333                    -0.443607393700
 196                    -0.152487196501                    -0.441777562610
 197                    -0.502063622401                    -0.440480529161
 198                     0.608919953224                    -0.435993669813
 199                    -0.865656586871                    -0.434537764966
 200                     0.259260146391                    -0.434163838720
 201                    -0.090399660443                    -0.432334007628
 202                    -0.439976086343                    -0.431036974179
 203                     0.671050131935                    -0.426834862150
 204                    -0.803366423172                    -0.426539116909
 205                    -0.726432891405                    -0.425368272305
 206                     0.321347682448                    -0.424720283739
 207                    -0.028312124385                    -0.422890452647
 208                    -0.377971931218                    -0.421060621558
 209                     0.813319691710                    -0.419419627015
 210                     0.734018029515                    -0.416841824344
 211                     0.383435218506                    -0.415276728759
 212                     0.875851487905                    -0.413604360119
 213                     0.033775411673                    -0.413446897667
 214                    -0.315884395160                    -0.411617066577
 215                    -0.665460821061                    -0.410320033128
 216                     0.445522754564                    -0.405833173779
 217                     0.095862947731                    -0.404003342686
 218                    -0.253796859102                    -0.402173511597
 219                    -0.603373285003                    -0.400876478147
 220                     0.507610290622                    -0.396389618799
 221                     0.157950483789                    -0.394559787706
 222                    -0.191709323045                    -0.392729956616
 223                    -0.541285748945                    -0.391432923166
 224                     0.569697826680                    -0.386946063818
 225                     0.220038019847                    -0.385116232725
 226                    -0.129621786987                    -0.383286401633
 227                    -0.479198212888                    -0.381989368185
 228                     0.631785362738                    -0.377502508838
 229                    -0.765655017949                    -0.376320666311
 230                     0.282125555904                    -0.375672677745
 231                    -0.845710139480                    -0.374987936243
 232                    -0.067534250929                    -0.373842846653
 233                    -0.417194057762                    -0.372013015564
 234                     0.775269329792                    -0.369457513145
 235                     0.693915541449                    -0.368343701175
 236                     0.344213091962                    -0.366229122765
 237                    -0.005446714871                    -0.364399291672
 238                    -0.355106521704                    -0.362569460583
 239                     0.839549420946                    -0.362357869518
 240                    -0.704682947605                    -0.361272427134
 241                     0.406300628020                    -0.356785567784
 242                     0.056640821187                    -0.354955736692
 243                     0.901812741297                    -0.353348177312
 244                    -0.293018985646                    -0.353125905602
 245                    -0.642595411547                    -0.351828872152
 246                    -0.903234367918                    -0.349788610716
 247                     0.468388164078                    -0.347342012804
 248                     0.118728357245                    -0.345512181712
 249                    -0.230931449589                    -0.343682350622
 250                    -0.580507875489                    -0.342385317172
 251                     0.530475700136                    -0.337898457824
 252                     0.180815893303                    -0.336068626731
 253                    -0.168843913531                    -0.334238795639
 254                    -0.518420339431                    -0.332941762190
 255                     0.592563236194                    -0.328454902844
 256                    -0.804877144492                    -0.327273060316
 257                     0.242903429361                    -0.326625071751
 258                    -0.106756377473                    -0.324795240659
 259                    -0.456416184306                    -0.322965409569
 260                     0.735247415510                    -0.321060310317
 261                     0.654898009776                    -0.319107999342
 262                     0.304990965418                    -0.317181516770
 263                    -0.044668841415                    -0.315351685678
 264                    -0.394328648248                    -0.313521854589
 265                    -0.743905074148                    -0.312224821139
 266                     0.800112058941                    -0.311778386307
 267                     0.367078501476                    -0.307737961790
 268                     0.017418694643                    -0.305908130698
 269                    -0.332241112190                    -0.304078299608
 270                     0.862413250303                    -0.303866090852
 271                    -0.681817538090                    -0.302781266158
 272                    -0.862183569090                    -0.301582272779
 273                     0.429166037534                    -0.298294406810
 274                     0.079506230701                    -0.296464575717
 275                    -0.270153576132                    -0.294634744627
 276                    -0.619730002033                    -0.293337711177
 277                     0.923870680862                    -0.290942194633
 278                    -0.924003331469                    -0.290520634394
 279                     0.491253573592                    -0.288850851829
 280                     0.141593766759                    -0.287021020737
 281                    -0.208066040075                    -0.285191189645
 282                    -0.557642465975                    -0.283894156196
 283                     0.553341109650                    -0.279407296849
 284                     0.203681302816                    -0.277577465756
 285                    -0.145978504017                    -0.275747634664
 286                    -0.495638310850                    -0.273917803575
 287                     0.615428645708                    -0.269963741869
 288                     0.265768838874                    -0.268133910776
 289                    -0.083890967959                    -0.266304079684
 290                    -0.786993078570                    -0.266034358322
 291                    -0.433550774792                    -0.264474248594
 292                     0.677516181766                    -0.260520186889
 293                     0.327856374932                    -0.258690355796
 294                     0.740284028283                    -0.258460986070
 295                    -0.021803431901                    -0.256860524703
 296                    -0.371463238734                    -0.255030693613
 297                    -0.721039664635                    -0.253733660164
 298                     0.389943910990                    -0.249246800815
 299                     0.802371564341                    -0.249017431090
 300                     0.040284104157                    -0.247416969723
 301                    -0.309375702676                    -0.245587138633
 302                    -0.658952128577                    -0.244290105183
 303                     0.864672755702                    -0.241105135635
 304                    -0.879068105696                    -0.241092973824
 305                     0.452031447048                    -0.239803245835
 306                     0.102371640215                    -0.237973414743
 307                    -0.247288166619                    -0.236143583650
 308                    -0.596864592519                    -0.234846550202
 309                     0.940782814867                    -0.230460605800
 310                     0.514118983106                    -0.230359690855
 311                    -0.940887868075                    -0.230031335439
 312                     0.164459176273                    -0.228529859762
 313                    -0.185200630561                    -0.226700028670
 314                    -0.534860437394                    -0.224870197580
 315                     0.576206519164                    -0.220916135874
 316                     0.226546712331                    -0.219086304782
 317                    -0.123113094503                    -0.217256473689
 318                    -0.472772901336                    -0.215426642600
 319                    -0.822349327237                    -0.214129609150
 320                     0.638294055222                    -0.211472580894
 321                     0.288634248388                    -0.209642749801
 322                    -0.061025558445                    -0.207812918709
 323                    -0.410685365278                    -0.205983087619
 324                    -0.760261791179                    -0.204686054170
 325                     0.700381591280                    -0.202029025914
 326                     0.350721784446                    -0.200199194821
 327                     0.763149437797                    -0.199969825096
 328                     0.001061977613                    -0.198369363728
 329                    -0.348597829220                    -0.196539532638
 330                    -0.698174255121                    -0.195242499189
 331                     0.412809320504                    -0.190755639841
 332                     0.063149513671                    -0.188925808748
 333                     0.830201192802                    -0.187298458762
 334                    -0.286510293163                    -0.187095977656
 335                    -0.636086719063                    -0.185798944207
 336                     0.893026050125                    -0.185068241005
 337                     0.474896856562                    -0.181312084860
 338                     0.125237049729                    -0.179482253768
 339                    -0.224422757105                    -0.177652422675
 340                    -0.873391099579                    -0.176488512523
 341                    -0.574082563938                    -0.175822591586
 342                     0.536984392620                    -0.171868529880
 343                     0.187324585787                    -0.170038698787
 344                     0.953739982486                    -0.169010181296
 345                    -0.162335221047                    -0.168208867695
 346                    -0.939732685396                    -0.167240345501
 347                    -0.511995027880                    -0.166379036605
 348                     0.599071928678                    -0.162424974900
 349                     0.249412121844                    -0.160595143807
 350                    -0.100247684989                    -0.158765312714
 351                    -0.449907491822                    -0.156935481625
 352                    -0.799483917723                    -0.155638448175
 353                     0.661159464736                    -0.152981419919
 354                     0.311499657902                    -0.151151588827
 355                    -0.038160148931                    -0.149321757734
 356                    -0.387819955764                    -0.147491926644
 357                    -0.737396381665                    -0.146194893194
 358                     0.723247000793                    -0.143537864939
 359                     0.373587193960                    -0.141708033846
 360                     0.786014847311                    -0.141478664121
 361                     0.023927387127                    -0.139878202754
 362                    -0.325732419707                    -0.138048371662
 363                    -0.675308845607                    -0.136751338213
 364                     0.435674730018                    -0.132264478866
 365                     0.086014923185                    -0.130434647773
 366                    -0.263644883649                    -0.128604816681
 367                    -0.613304690482                    -0.126774985592
 368                     0.846679508657                    -0.125235458524
 369                     0.909476328662                    -0.124459403362
 370                     0.497762266076                    -0.122820923886
 371                     0.148102459243                    -0.120991092793
 372                    -0.201557347591                    -0.119161261701
 373                    -0.900411761609                    -0.118271908555
 374                    -0.551217154424                    -0.117331430611
 375                     0.559849802134                    -0.113377368905
 376                     0.210189995300                    -0.111547537813
 377                    -0.139469811533                    -0.109717706720
 378                    -0.962480133882                    -0.108703208129
 379                    -0.489129618366                    -0.107887875630
 380                    -0.838706044266                    -0.106590842181
 381                     0.621937338192                    -0.103933813925
 382                     0.272277531358                    -0.102103982832
 383                    -0.077382275475                    -0.100274151740
 384                    -0.427042082308                    -0.098444320650
 385                    -0.776618508209                    -0.097147287200
 386                     0.684024874250                    -0.094490258945
 387                     0.964081752073                    -0.093438594242
 388                     0.334365067416                    -0.092660427852
 389                    -0.015294739417                    -0.090830596759
 390                    -0.364954546251                    -0.089000765667
 391                    -0.714530972151                    -0.087703732219
 392                     0.746112410308                    -0.085046703964
 393                     0.396452603474                    -0.083216872872
 394                     0.046792796641                    -0.081387041779
 395                    -0.302867010193                    -0.079557210687
 396                    -0.652526817026                    -0.077727379597
 397                     0.808199946366                    -0.075603148984
 398                     0.458540139532                    -0.073773317891
 399                     0.108880332699                    -0.071943486799
 400                    -0.240779474135                    -0.070113655706
 401                    -0.590439280968                    -0.068283824617
 402                     0.874940464732                    -0.067864062446
 403                     0.520627675590                    -0.064329762911
 404                     0.170967868756                    -0.062499931818
 405                    -0.178691938077                    -0.060670100726
 406                    -0.879675003161                    -0.058992656590
 407                    -0.528351744910                    -0.058840269636
 408                     0.582715211648                    -0.054886207931
 409                     0.233055404814                    -0.053056376838
 410                    -0.116604402019                    -0.051226545745
 411                    -0.466264208852                    -0.049396714655
 412                    -0.815840634753                    -0.048099681206
 413                    -0.967501390806                    -0.046102650277
 414                     0.644802747706                    -0.045442652950
 415                     0.295142940872                    -0.043612821858
 416                    -0.054516865961                    -0.041782990765
 417                    -0.404176672795                    -0.039953159673
 418                    -0.753753098695                    -0.038656126225
 419                     0.706890283764                    -0.035999097970
 420                     0.357230476930                    -0.034169266877
 421                     0.007570670097                    -0.032339435785
 422                     0.951047601425                    -0.032004452421
 423                    -0.342089136737                    -0.030509604692
 424                    -0.691748943570                    -0.028679773603
 425                     0.768977819821                    -0.026555542990
 426                     0.419318012988                    -0.024725711897
 427                     0.069658206155                    -0.022895880804
 428                    -0.280001600679                    -0.021066049712
 429                    -0.629661407512                    -0.019236218622
 430                     0.831065355879                    -0.017111988009
 431                     0.481405549046                    -0.015282156917
 432                     0.131745742213                    -0.013452325824
 433                    -0.217914064621                    -0.011622494731
 434                    -0.567573871454                    -0.009792663642
 435                    -0.917136278564                    -0.008587342292
 436                     0.893152883589                    -0.007668378146
 437                     0.543493085104                    -0.005838601936
 438                     0.193833278270                    -0.004008770844
 439                    -0.155826528563                    -0.002178939751
 440                    -0.505486335396                    -0.000349108661
 441                    -0.855062761296                     0.000947924790
 442                     0.605580621162                     0.003604953044
 443                     0.255920814328                     0.005434784137
 444                    -0.093738992505                     0.007264615229
 445                    -0.443398799339                     0.009094446321
 446                    -0.792975225238                     0.010391479771
 447                     0.667668157220                     0.013048508024
 448                     0.318008350386                     0.014878339117
 449                    -0.031651456447                     0.016708170210
 450                    -0.381311263281                     0.018538001302
 451                    -0.730971070113                     0.020367832392
 452                     0.729755693277                     0.022492063005
 453                     0.380095886444                     0.024321894097
 454                     0.030436079611                     0.026151725190
 455                    -0.968195026637                     0.027978312490
 456                    -0.319223727223                     0.027981556282
 457                     0.968182325001                     0.028414452836
 458                    -0.668883534055                     0.029811387373
 459                     0.791843229335                     0.031935617985
 460                     0.442183422502                     0.033765449078
 461                     0.092523615669                     0.035595280170
 462                    -0.257136191165                     0.037425111263
 463                    -0.606795997997                     0.039254942353
 464                     0.853930757045                     0.041379227848
 465                     0.504270958560                     0.043209004058
 466                     0.154611151726                     0.045038835151
 467                    -0.195048655107                     0.046868666243
 468                    -0.544708461940                     0.048698497334
 469                     0.566358494618                     0.052652559039
 470                     0.216698687784                     0.054482390131
 471                    -0.132961119049                     0.056312221224
 472                    -0.910254888006                     0.056497534830
 473                    -0.482620925882                     0.058142052316
 474                    -0.832197351782                     0.059439085765
 475                     0.913905994209                     0.060007534041
 476                     0.628446030676                     0.062096114019
 477                     0.278786223842                     0.063925945111
 478                    -0.070873582991                     0.065755776204
 479                    -0.420533389824                     0.067585607297
 480                    -0.770193196657                     0.069415438386
 481                     0.690533566734                     0.071539668999
 482                     0.340873759900                     0.073369500092
 483                    -0.008786046933                     0.075199331184
 484                    -0.358445853766                     0.077029162277
 485                    -0.708105660599                     0.078858993367
 486                     0.752621102792                     0.080983223980
 487                     0.402961295958                     0.082813055072
 488                     0.053301489125                     0.084642886165
 489                    -0.296358317709                     0.086472717258
 490                    -0.646018124542                     0.088302548347
 491                     0.814751548806                     0.090461123759
 492                    -0.964346832005                     0.090661916905
 493                     0.465048832016                     0.092256610053
 494                     0.115389025182                     0.094086441145
 495                    -0.234270781651                     0.095916272238
 496                    -0.583930588484                     0.097746103328
 497                     0.963585305096                     0.098426395739
 498                     0.527136368074                     0.101700165033
 499                     0.177476561240                     0.103529996125
 500                    -0.172183245593                     0.105359827218
 501                    -0.521843052426                     0.107189658310
 502                    -0.871419478327                     0.108486691759
 503                     0.589223904132                     0.111143720013
 504                     0.239564097298                     0.112973551106
 505                    -0.110095709535                     0.114803382199
 506                    -0.459755516368                     0.116633213291
 507                    -0.809415323201                     0.118463044381
 508                     0.892847395333                     0.119173219010
 509                     0.651311440190                     0.120587274994
 510                     0.301651633356                     0.122417106086
 511                    -0.048008173477                     0.124246937179
 512                    -0.397667980311                     0.126076768271
 513                    -0.747327787144                     0.127906599361
 514                     0.713398976248                     0.130030829974
 515                     0.363739169414                     0.131860661067
 516                     0.014079362581                     0.133690492159
 517                    -0.335580444253                     0.135520323252
 518                    -0.685240251086                     0.137350154342
 519                     0.775486512305                     0.139474384954
 520                    -0.925663356098                     0.140135460907
 521                     0.425826705472                     0.141304216047
 522                     0.076166898639                     0.143134047139
 523                    -0.273492908195                     0.144963878232
 524                    -0.623152715028                     0.146793709322
 525                     0.837565759873                     0.148972273446
 526                     0.487914241530                     0.150747771027
 527                     0.138254434696                     0.152577602120
 528                    -0.211405372137                     0.154407433213
 529                    -0.561065178970                     0.156237264305
 530                     0.550001777588                     0.160191326008
 531                     0.955181518462                     0.160663195421
 532                     0.200341970754                     0.162021157100
 533                    -0.149317836079                     0.163850988193
 534                    -0.498977642912                     0.165680819285
 535                    -0.849206017249                     0.167559020087
 536                     0.612089313646                     0.169634880988
 537                     0.262429506812                     0.171464712080
 538                    -0.087230300021                     0.173294543173
 539                    -0.436890106855                     0.175124374266
 540                    -0.786549913688                     0.176954205355
 541                     0.674176849704                     0.179078435968
 542                     0.324517042870                     0.180908267061
 543                     0.896076603161                     0.181891757586
 544                    -0.025142763963                     0.182738098154
 545                    -0.374802570797                     0.184567929246
 546                    -0.724462377630                     0.186397760336
 547                     0.736264385761                     0.188521990949
 548                     0.386604578928                     0.190351822041
 549                     0.036944772095                     0.192181653134
 550                    -0.312715034739                     0.194011484227
 551                    -0.662374841572                     0.195841315317
 552                    -0.947969505900                     0.198842177264
 553                     0.799697838244                     0.199072806137
 554                     0.448692114986                     0.199795377022
 555                     0.099032308152                     0.201625208114
 556                    -0.250627498681                     0.203455039207
 557                    -0.600287305514                     0.205284870299
 558                     0.510779651044                     0.209238932002
 559                     0.161119844210                     0.211068763095
 560                    -0.188539962623                     0.212898594187
 561                    -0.538199769457                     0.214728425280
 562                    -0.887975821620                     0.217410987428
 563                     0.572867187102                     0.218682486982
 564                     0.223207380268                     0.220512318075
 565                    -0.126452426565                     0.222342149168
 566                    -0.476112233399                     0.224171980260
 567                     0.942046598017                     0.225038628381
 568                    -0.825765307358                     0.226007194701
 569                     0.634954723160                     0.228126041963
 570                     0.285294916326                     0.229955873055
 571                    -0.064364890507                     0.231785704148
 572                    -0.414024697341                     0.233615535241
 573                    -0.763784077264                     0.236124999825
 574                     0.697042259217                     0.237569596943
 575                     0.347382452384                     0.239399428036
 576                    -0.002277354449                     0.241229259128
 577                    -0.351937161283                     0.243059090221
 578                     0.881889138091                     0.243069847613
 579                    -0.701596968115                     0.244888921312
 580                     0.759129795275                     0.247013151923
 581                     0.409469988442                     0.248842983016
 582                     0.059810181609                     0.250672814109
 583                    -0.289849625225                     0.252502645201
 584                    -0.639509432057                     0.254332476294
 585                     0.820931374077                     0.258175934822
 586                     0.471557524500                     0.258286537996
 587                     0.121897717666                     0.260116369089
 588                    -0.227762089167                     0.261946200182
 589                    -0.932375560541                     0.262146111082
 590                    -0.577421896000                     0.263776031275
 591                     0.533645060558                     0.267730092977
 592                     0.183985253724                     0.269559924069
 593                    -0.165674553109                     0.271389755162
 594                    -0.515334359942                     0.273219586255
 595                     0.595732596616                     0.277173647957
 596                    -0.871251846387                     0.277944874770
 597                     0.246072789782                     0.279003479050
 598                    -0.103587017051                     0.280833310142
 599                    -0.453246823884                     0.282663141236
 600                    -0.809041332123                     0.286541082044
 601                     0.657820132674                     0.286617202937
 602                     0.308160325840                     0.288447034030
 603                     0.924382369625                     0.289312340389
 604                    -0.041499480993                     0.290276865123
 605                    -0.391159287826                     0.292106696216
 606                     0.719907668731                     0.296060757918
 607                    -0.746555397808                     0.296517180350
 608                     0.370247861898                     0.297890589010
 609                     0.020588055065                     0.299720420103
 610                    -0.329071751769                     0.301550251196
 611                    -0.678731558602                     0.303380082288
 612                     0.432335397956                     0.307334143991
 613                     0.082675591122                     0.309163975083
 614                    -0.266984215711                     0.310993806176
 615                     0.789413753706                     0.312496119566
 616                     0.852215223817                     0.312631087102
 617                    -0.616644022545                     0.312823637270
 618                     0.494422934014                     0.316777698971
 619                     0.144763127180                     0.318607530064
 620                    -0.204896679653                     0.320437361156
 621                    -0.554556486486                     0.322267192250
 622                    -0.912267747209                     0.325502615929
 623                     0.556510470072                     0.326221253951
 624                     0.206850663238                     0.328051085044
 625                    -0.142809143595                     0.329880916137
 626                    -0.492468950429                     0.331710747230
 627                     0.618598006130                     0.335664808932
 628                    -0.850573584807                     0.337244557421
 629                     0.268938199296                     0.337494640024
 630                    -0.080721607537                     0.339324471117
 631                    -0.430381414371                     0.341154302211
 632                    -0.786351216313                     0.345100466509
 633                     0.680685542187                     0.345108363912
 634                     0.331025735354                     0.346938195005
 635                     0.903690911016                     0.348607419486
 636                    -0.018634071479                     0.348768026097
 637                    -0.368293878313                     0.350597857191
 638                    -0.717953685146                     0.352427688282
 639                     0.742773078245                     0.354551918892
 640                     0.393113271412                     0.356381749985
 641                     0.043453464579                     0.358211581078
 642                    -0.306206342255                     0.360041412171
 643                    -0.655866149089                     0.361871243264
 644                     0.455200807470                     0.365825304965
 645                     0.105541000636                     0.367655136058
 646                    -0.244118806197                     0.369484967151
 647                    -0.593778613031                     0.371314798244
 648                     0.826775292857                     0.371697271761
 649                     0.517288343528                     0.375268859946
 650                     0.167628536694                     0.377098691038
 651                    -0.182031270139                     0.378928522131
 652                    -0.531691076973                     0.380758353225
 653                     0.579375879586                     0.384712414926
 654                     0.229716072752                     0.386542246019
 655                    -0.887459355053                     0.388072530210
 656                    -0.119943734081                     0.388372077111
 657                    -0.469603540915                     0.390201908205
 658                     0.641463415644                     0.394155969906
 659                    -0.824998154272                     0.394602557886
 660                     0.291803608810                     0.395985800999
 661                    -0.057856198023                     0.397815632092
 662                    -0.407516004857                     0.399645463185
 663                    -0.757749503651                     0.401010974440
 664                     0.703550951701                     0.403599524887
 665                     0.353891144868                     0.405429355979
 666                     0.879200417052                     0.406436984328
 667                     0.004231338035                     0.407259187072
 668                     0.774922161868                     0.408921351623
 669                    -0.345428468799                     0.409089018166
 670                    -0.695088275633                     0.410918849257
 671                     0.415978680926                     0.414872910960
 672                     0.066318874092                     0.416702742052
 673                    -0.283340932741                     0.418532573146
 674                    -0.633000739575                     0.420362404239
 675                     0.478066216984                     0.424316465940
 676                     0.128406410150                     0.426146297033
 677                    -0.221253396683                     0.427976128126
 678                    -0.570913203517                     0.429805959219
 679                     0.540153753042                     0.433760020920
 680                     0.190493946208                     0.435589852013
 681                    -0.159165860625                     0.437419683106
 682                    -0.508825667459                     0.439249514199
 683                     0.602241289099                     0.443203575901
 684                     0.252581482266                     0.445033406994
 685                    -0.097078324567                     0.446863238086
 686                    -0.859117218149                     0.447327621609
 687                    -0.446738131401                     0.448693069180
 688                    -0.796396441610                     0.450513065818
 689                     0.664328825157                     0.452647130881
 690                     0.314669018324                     0.454476961974
 691                    -0.034990788509                     0.456306793067
 692                    -0.384650595343                     0.458136624160
 693                    -0.734310402176                     0.459966455253
 694                     0.726416361215                     0.462090685861
 695                     0.851013843567                     0.462557924623
 696                     0.376756554382                     0.463920516954
 697                     0.027096747549                     0.465750348047
 698                    -0.322563059285                     0.467580179140
 699                    -0.672222866119                     0.469410010233
 700                     0.788685372253                     0.470252372496
 701                     0.438844090440                     0.473364071934
 702                     0.089184283606                     0.475193903027
 703                    -0.260475523227                     0.477023734121
 704                    -0.610135330061                     0.478853565213
 705                     0.500931626498                     0.482807626915
 706                     0.151271819664                     0.484637458008
 707                    -0.198387987169                     0.486467289101
 708                    -0.548047794003                     0.488297120194
 709                     0.563019162556                     0.492251181895
 710                     0.213359355722                     0.494081012988
 711                    -0.136300451111                     0.495910844081
 712                    -0.485960257945                     0.497740675174
 713                     0.625106698613                     0.501694736875
 714                     0.275446891780                     0.503524567968
 715                    -0.074212915053                     0.505354399061
 716                    -0.825976565284                     0.505912155593
 717                    -0.423872721887                     0.507184230154
 718                     0.687194234671                     0.511138291856
 719                     0.337534427838                     0.512968122949
 720                    -0.012125378995                     0.514797954041
 721                    -0.361785185829                     0.516627785135
 722                    -0.711444992662                     0.518457616227
 723                     0.749281770729                     0.520581846836
 724                     0.399621963896                     0.522411677929
 725                     0.049962157062                     0.524241509022
 726                    -0.299697649771                     0.526071340115
 727                    -0.649357456605                     0.527901171208
 728                     0.811550781768                     0.528743533470
 729                     0.461709499954                     0.531855232909
 730                     0.112049693120                     0.533685064002
 731                    -0.237610113713                     0.535514895095
 732                    -0.771433634046                     0.537042711584
 733                    -0.587269920547                     0.537344726188
 734                     0.523797036012                     0.541298787890
 735                     0.174137229178                     0.543128618982
 736                    -0.175522577655                     0.544958450076
 737                    -0.525182384489                     0.546788281168
 738                     0.585884572070                     0.550742342870
 739                     0.236224765236                     0.552572173963
 740                    -0.113435041597                     0.554402005056
 741                    -0.463094848431                     0.556231836149
 742                     0.647972108127                     0.560185897850
 743                     0.298312301294                     0.562015728943
 744                    -0.051347505539                     0.563845560036
 745                    -0.401007312373                     0.565675391129
 746                     0.360399837352                     0.571459283923
 747                     0.713311502902                     0.572061772019
 748                     0.010740030518                     0.573289115016
 749                    -0.338919776315                     0.575118946110
 750                     0.775580513940                     0.580223458653
 751                     0.422487373410                     0.580902838904
 752                     0.072827566576                     0.582732669996
 753                    -0.694685897085                     0.583878136318
 754                    -0.276832240257                     0.584562501090
 755                    -0.626492047091                     0.586392332183
 756                     0.484574909468                     0.590346393884
 757                     0.134915102634                     0.592176224977
 758                    -0.214744704199                     0.594006056070
 759                    -0.564423628606                     0.595960862554
 760                    -0.761172135150                     0.599000314062
 761                     0.546662445526                     0.599789948864
 762                     0.197002638692                     0.601619779957
 763                    -0.152657168141                     0.603449611050
 764                    -0.502316974975                     0.605279442143
 765                     0.608749981584                     0.609233503844
 766                     0.259090174750                     0.611063334937
 767                    -0.090569632083                     0.612893166030
 768                    -0.440229438917                     0.614722997124
 769                     0.671109350863                     0.618570064051
 770                     0.321177710808                     0.620506889918
 771                    -0.028482096026                     0.622336721010
 772                    -0.378141902859                     0.624166552104
 773                     0.383265246866                     0.629950444898
 774                     0.734711553224                     0.631115456316
 775                     0.033605440032                     0.631780275991
 776                    -0.316054366801                     0.633610107084
 777                     0.445352782924                     0.639393999878
 778                    -0.658292684046                     0.640547316751
 779                     0.095692976090                     0.641223830971
 780                    -0.253966830743                     0.643053662065
 781                    -0.720754876623                     0.647067850691
 782                     0.507440318982                     0.648837554859
 783                     0.157780512148                     0.650667385951
 784                    -0.191879294686                     0.652497217045
 785                    -0.541439287251                     0.654406700835
 786                     0.219868048206                     0.660110940932
 787                    -0.129791758628                     0.661940772025
 788                    -0.479796623736                     0.666416067975
 789                     0.629815871107                     0.668396593377
 790                     0.567015035717                     0.668709544954
 791                    -0.602452692985                     0.669286458400
 792                     0.281955584264                     0.669554495912
 793                    -0.067704222570                     0.671384327005
 794                    -0.417364029403                     0.673214158098
 795                     0.691905158521                     0.677828626709
 796                     0.344043120322                     0.678998050892
 797                    -0.005616686512                     0.680827881985
 798                    -0.355276493345                     0.682657713079
 799                     0.406130656380                     0.688441605873
 800                     0.056470849546                     0.690271436965
 801                    -0.293188957287                     0.692101268059
 802                     0.468218192438                     0.697885160853
 803                     0.118558385604                     0.699714991946
 804                    -0.231101421230                     0.701544823039
 805                    -0.666517241742                     0.702808054902
 806                     0.180645921662                     0.709158546926
 807                    -0.169013885172                     0.710988378020
 808                     0.527792909173                     0.717757150948
 809                    -0.562693018431                     0.717899328545
 810                     0.242733457720                     0.718602101906
 811                    -0.106926349114                     0.720431933000
 812                    -0.456931214222                     0.724907228950
 813                     0.304820993778                     0.728045656887
 814                    -0.044838813056                     0.729875487980
 815                     0.635544133790                     0.730936419656
 816                    -0.394498619889                     0.731705319073
 817                     0.366908529836                     0.737489211867
 818                     0.017248723002                     0.739319042960
 819                    -0.332411083831                     0.741148874053
 820                    -0.619571839990                     0.744523425196
 821                     0.428996065894                     0.746932766847
 822                     0.079336259060                     0.748762597940
 823                    -0.270323547774                     0.750592429034
 824                     0.577833055629                     0.755704833448
 825                    -0.512644438946                     0.755835888166
 826                     0.141294047174                     0.759022997160
 827                    -0.208236011716                     0.760035984014
 828                     0.488559412680                     0.766854675200
 829                     0.203511331176                     0.767649707901
 830                    -0.146148475657                     0.769479538994
 831                     0.264768550271                     0.782349636106
 832                    -0.570021813917                     0.783108885937
 833                     0.327686403292                     0.786536817861
 834                    -0.458520149712                     0.787688740149
 835                    -0.086449318147                     0.788974498779
 836                    -0.023647705985                     0.788993842537
 837                    -0.396087555380                     0.794486830272
 838                     0.038554845607                     0.798396043594
 839                    -0.309545674318                     0.799640035028
 840                     0.538804269498                     0.804906426080
 841                     0.100642381665                     0.807839598574
 842                     0.429497015993                     0.809732383991
 843                    -0.248658547830                     0.818101234535
 844                    -0.518075467378                     0.818402227316
 845                    -0.185370602202                     0.818527144988
 846                     0.214955642755                     0.829399773462
 847                     0.371589444666                     0.834037857601
 848                     0.485510984231                     0.838130944284
 849                    -0.126115345295                     0.839841586806
 850                     0.153409377545                     0.841893776148
 851                    -0.356134658959                     0.842941024435
 852                     0.310103812437                     0.846826911270
 853                    -0.063472027095                     0.847421799489
 854                    -0.000670414933                     0.847441143247
 855                    -0.463951178145                     0.850255079298
 856                     0.061420255121                     0.856887204568
 857                    -0.295972767985                     0.860957398622
 858                     0.421592387927                     0.872034548637
 859                     0.255312438103                     0.877518085295
 860                    -0.407876479864                     0.878533535358
 861                    -0.174813229235                     0.880435017997
 862                    -0.237518276222                     0.883916389391
 863                     0.193108325374                     0.890607841685
 864                     0.362386082043                     0.897429782989
 865                     0.130254031191                     0.900270764762
 866                    -0.344051822488                     0.905294560244
 867                    -0.117229906703                     0.905499012701
 868                    -0.054561554249                     0.909588079240
 869                     0.008240057913                     0.909607422998
 870                     0.303063814366                     0.918353180429
 871                     0.070327134352                     0.919053999297
 872                    -0.284602362938                     0.925714938122
 873                     0.239941380566                     0.938409574475
 874                    -0.218252128577                     0.943689781627
 875                     0.178624822153                     0.951986117801
 876                    -0.156638984161                     0.955849687040
 877                     0.116557341043                     0.961560597063
 878                    -0.094367343537                     0.963991286293
 879                    -0.031698991084                     0.968080352832
 880                     0.031102621079                     0.968099696590
