   1                    -0.005736258981                    -0.970364636270
   2                     0.053482613185                    -0.968906621960
   3                    -0.064933755115                    -0.968206609892
   4                     0.112502183668                    -0.963838000216
   5                    -0.147068667394                    -0.959172163411
   6                     0.171102517445                    -0.955177659137
   7                    -0.205319902886                    -0.948411392524
   8                     0.230491939350                    -0.942610151593
   9                    -0.262806018653                    -0.934116389189
  10                     0.292504668025                    -0.925205639952
  11                    -0.101359834606                    -0.921493213962
  12                     0.018310693083                    -0.916228283209
  13                     0.077529565249                    -0.914770268898
  14                    -0.040886803051                    -0.914070256830
  15                    -0.325870854206                    -0.913988288627
  16                     0.349300555448                    -0.905333946097
  17                    -0.156845178411                    -0.900747678315
  18                     0.190265783262                    -0.899126166119
  19                    -0.381000047418                    -0.892298820379
  20                    -0.221683124734                    -0.891479454237
  21                     0.131637244984                    -0.890658868688
  22                     0.248037097384                    -0.886031285786
  23                     0.403889969063                    -0.882334021151
  24                    -0.279169240501                    -0.877184450901
  25                    -0.434955476439                    -0.867441159680
  26                     0.304135278361                    -0.867005127017
  27                    -0.096459352320                    -0.862459444815
  28                     0.021493076193                    -0.857077010491
  29                     0.456974296336                    -0.856046099506
  30                    -0.037704419941                    -0.854918984112
  31                     0.081220264329                    -0.854777458905
  32                    -0.330854841699                    -0.848243143827
  33                    -0.182279232119                    -0.847248991057
  34                     0.358724691976                    -0.844005202072
  35                     0.196110636208                    -0.840009260073
  36                    -0.495811283895                    -0.834153224985
  37                    -0.239765347886                    -0.832953987721
  38                    -0.387729543740                    -0.831682078217
  39                     0.136716784086                    -0.831640236809
  40                     0.254647431159                    -0.827164452053
  41                     0.514942895809                    -0.822437079788
  42                    -0.132367049033                    -0.815346411129
  43                    -0.442337834541                    -0.808666152958
  44                     0.310745612136                    -0.808138293284
  45                    -0.073612116655                    -0.807805950426
  46                     0.402650345811                    -0.804261805619
  47                     0.044340311857                    -0.802423516103
  48                    -0.545784519784                    -0.802346365328
  49                    -0.014857184277                    -0.800265489724
  50                     0.461437606156                    -0.796977668921
  51                    -0.285936034990                    -0.795842422425
  52                    -0.344949889188                    -0.790707674222
  53                     0.564087036056                    -0.789083267786
  54                     0.100809087372                    -0.784527203123
  55                     0.218720756341                    -0.780065888775
  56                     0.159564019750                    -0.776986742421
  57                    -0.230717047590                    -0.774397981260
  58                    -0.171580819734                    -0.770947302874
  59                    -0.593723902667                    -0.767549581065
  60                    -0.501684014916                    -0.762797078397
  61                     0.274810078927                    -0.761013631213
  62                    -0.113523178729                    -0.759186735397
  63                     0.506699090626                    -0.758762506355
  64                     0.333565011305                    -0.753473170510
  65                     0.613027148725                    -0.752222139343
  66                    -0.054768246351                    -0.751646274694
  67                    -0.443970023119                    -0.749451825411
  68                     0.392319943683                    -0.745932709807
  69                     0.003986686027                    -0.744105813992
  70                    -0.384668574829                    -0.742484554112
  71                     0.062996828834                    -0.738928587677
  72                     0.451074876062                    -0.738392249105
  73                    -0.325799705905                    -0.734651710163
  74                    -0.639450787579                    -0.729892541581
  75                     0.558271702309                    -0.729620331580
  76                     0.121392517457                    -0.728981518932
  77                    -0.549623397799                    -0.728000294134
  78                    -0.266988378267                    -0.727564206823
  79                     0.180147449835                    -0.721441058229
  80                    -0.208289841148                    -0.719570788758
  81                     0.238902382213                    -0.713900597527
  82                     0.657782841346                    -0.713415843405
  83                    -0.149520785266                    -0.712140979995
  84                     0.297657314591                    -0.706360136824
  85                    -0.484384347123                    -0.706142668854
  86                    -0.090779976392                    -0.704489867353
  87                     0.356412246970                    -0.698819676121
  88                    -0.032025044014                    -0.696949406650
  89                    -0.420462334997                    -0.695079137180
  90                     0.415167179348                    -0.691279215419
  91                     0.026729888365                    -0.689408945948
  92                    -0.361707402619                    -0.687538676477
  93                     0.473922111726                    -0.683738754716
  94                     0.602612114132                    -0.683512078590
  95                    -0.688898335707                    -0.683417526152
  96                     0.085484820743                    -0.681868485246
  97                    -0.302952470240                    -0.679998215774
  98                     0.532677044104                    -0.676198294013
  99                     0.144239753121                    -0.674328024543
 100                    -0.571709119718                    -0.673034654742
 101                    -0.244197537862                    -0.672457755072
 102                    -0.630919744290                    -0.671273245042
 103                     0.202994685499                    -0.666787563840
 104                    -0.185442605484                    -0.664917294370
 105                     0.261749617877                    -0.659247103138
 106                    -0.126687673106                    -0.657376833667
 107                    -0.515124964089                    -0.655506564197
 108                     0.657810748732                    -0.654179031814
 109                     0.717046498042                    -0.653823180712
 110                     0.320504550256                    -0.651706642435
 111                    -0.067932740728                    -0.649836372965
 112                    -0.456370031711                    -0.647966103494
 113                     0.379259482634                    -0.644166181733
 114                    -0.009177808349                    -0.642295912262
 115                    -0.397615099332                    -0.640425642791
 116                    -0.729314450503                    -0.640110040758
 117                     0.438014415012                    -0.636625721030
 118                     0.049577124029                    -0.634755451559
 119                    -0.338860166954                    -0.632885182089
 120                     0.496769347390                    -0.629085260328
 121                     0.108332056407                    -0.627214990857
 122                    -0.280105234576                    -0.625344721386
 123                    -0.668278866571                    -0.625302639121
 124                     0.555524279768                    -0.621544799625
 125                     0.167086988785                    -0.619674530155
 126                    -0.221350302198                    -0.617804260684
 127                    -0.609787593181                    -0.615933991213
 128                     0.614279212147                    -0.614004338922
 129                     0.225841921164                    -0.612134069452
 130                    -0.162595369820                    -0.610263799981
 131                     0.755604424857                    -0.608853336304
 132                    -0.551032660803                    -0.608393530511
 133                     0.284596853542                    -0.604593608750
 134                    -0.103840437441                    -0.602723339279
 135                    -0.492277728425                    -0.600853069808
 136                     0.691820042374                    -0.600226291243
 137                     0.343351785920                    -0.597053148047
 138                    -0.045085505063                    -0.595182878576
 139                    -0.433522796046                    -0.593312609105
 140                    -0.769961515188                    -0.590543626929
 141                     0.402106718298                    -0.589512687344
 142                     0.013669427315                    -0.587642417873
 143                    -0.374767863668                    -0.585772148403
 144                    -0.710638602827                    -0.583894265925
 145                     0.460861650676                    -0.581972226642
 146                     0.072424359693                    -0.580101957171
 147                    -0.316012931290                    -0.578231687700
 148                     0.519616583055                    -0.574431765939
 149                     0.131179292071                    -0.572561496469
 150                    -0.257257998912                    -0.570691226997
 151                    -0.647885741246                    -0.569686797273
 152                     0.578371515433                    -0.566891305236
 153                     0.189934224450                    -0.565021035766
 154                     0.645307547705                    -0.563544027599
 155                    -0.198503066534                    -0.563150766295
 156                     0.791346609791                    -0.561614614449
 157                    -0.586940357517                    -0.561280496825
 158                     0.248689156828                    -0.557480575063
 159                    -0.139748134155                    -0.555610305593
 160                     0.730377969188                    -0.555256446834
 161                    -0.528185425138                    -0.553740036122
 162                     0.307444089206                    -0.549940114361
 163                    -0.080993201777                    -0.548069844890
 164                    -0.469430492760                    -0.546199575419
 165                     0.366199021584                    -0.542399653658
 166                    -0.804923491884                    -0.541976571638
 167                    -0.022238269399                    -0.540529384187
 168                    -0.410675560382                    -0.538659114717
 169                    -0.745955745725                    -0.536336931644
 170                     0.424953953963                    -0.534859192956
 171                     0.036516662979                    -0.532988923485
 172                    -0.351920628004                    -0.531118654014
 173                     0.483708886341                    -0.527318732253
 174                    -0.687653117277                    -0.525782678309
 175                     0.095271595358                    -0.525448462782
 176                    -0.293165695625                    -0.523578193312
 177                     0.542463818719                    -0.519778271550
 178                     0.154026527736                    -0.517908002080
 179                    -0.234410763247                    -0.516037732609
 180                    -0.624330159565                    -0.515334840565
 181                     0.601218751097                    -0.512237810848
 182                     0.212781460114                    -0.510367541377
 183                    -0.175655830869                    -0.508497271907
 184                    -0.564093121852                    -0.506627002436
 185                     0.660146643986                    -0.506195951363
 186                     0.777535957205                    -0.504010217902
 187                     0.271536392492                    -0.502827080675
 188                    -0.116900898491                    -0.500956811204
 189                    -0.505338189474                    -0.499086541734
 190                     0.718693839340                    -0.497183374451
 191                     0.330291324871                    -0.495286619972
 192                    -0.058145966113                    -0.493416350502
 193                     0.835759252709                    -0.493099283616
 194                    -0.836493202346                    -0.491853183806
 195                    -0.446583257096                    -0.491546081031
 196                     0.389046257249                    -0.487746159270
 197                     0.000608966266                    -0.485875889799
 198                    -0.775796658555                    -0.485165449862
 199                    -0.387828324717                    -0.484005620329
 200                     0.447801189627                    -0.480205698567
 201                     0.059363898644                    -0.478335429096
 202                    -0.329073392339                    -0.476465159626
 203                    -0.717510599922                    -0.474594925020
 204                     0.506556122005                    -0.472665237865
 205                     0.118118831022                    -0.470794968394
 206                    -0.270318459961                    -0.468924698923
 207                    -0.658747040838                    -0.467121990516
 208                     0.565311054383                    -0.465124777162
 209                     0.176873763400                    -0.463254507691
 210                    -0.211563527583                    -0.461384238221
 211                    -0.600000818566                    -0.459513968751
 212                     0.624065986762                    -0.457584316459
 213                     0.235628695778                    -0.455714046989
 214                    -0.152808595205                    -0.453843777518
 215                    -0.541245886188                    -0.451973508048
 216                     0.682820919140                    -0.450043855757
 217                     0.294383628157                    -0.448173586286
 218                    -0.094053662826                    -0.446303316816
 219                     0.800745187295                    -0.445318368497
 220                    -0.482490953810                    -0.444433047345
 221                     0.741575443101                    -0.442500213368
 222                     0.864289191272                    -0.441185477822
 223                     0.353138560535                    -0.440633125584
 224                    -0.035298730448                    -0.438762856113
 225                    -0.811704422986                    -0.438052467787
 226                    -0.423736021431                    -0.436892586643
 227                     0.411893492913                    -0.433092664881
 228                     0.023456201930                    -0.431222395411
 229                    -0.364981089053                    -0.429352125940
 230                    -0.870282417492                    -0.429242292646
 231                    -0.753418380036                    -0.427481856470
 232                     0.470648425291                    -0.425552204179
 233                     0.082211134308                    -0.423681934708
 234                    -0.306226156675                    -0.421811665237
 235                    -0.694663447658                    -0.419941395767
 236                     0.529403357670                    -0.418011743476
 237                     0.140966066687                    -0.416141474005
 238                    -0.247471224297                    -0.414271204535
 239                    -0.635908515280                    -0.412400935064
 240                     0.588158290048                    -0.410471282773
 241                     0.199720999065                    -0.408601013303
 242                    -0.188716291918                    -0.406730743832
 243                    -0.577153582901                    -0.404860474362
 244                     0.646913222426                    -0.402930822071
 245                     0.258475931443                    -0.401060552600
 246                    -0.129961359540                    -0.399190283130
 247                    -0.518398650523                    -0.397320013659
 248                     0.705667746387                    -0.395387179682
 249                     0.317230863821                    -0.393520091898
 250                     0.829275125858                    -0.393404562704
 251                    -0.071206427162                    -0.391649822427
 252                     0.770105381663                    -0.390586407575
 253                    -0.459643718145                    -0.389779552957
 254                     0.889598376764                    -0.387627604861
 255                     0.375985796199                    -0.385979631195
 256                    -0.012451494784                    -0.384109361725
 257                    -0.400888785767                    -0.382239092254
 258                    -0.790257132504                    -0.381080262599
 259                     0.434740728578                    -0.378439170493
 260                     0.046303437594                    -0.376568901022
 261                    -0.342133853389                    -0.374698631552
 262                    -0.730571144372                    -0.372828362081
 263                     0.493495660956                    -0.370898709790
 264                    -0.871679969248                    -0.370021962729
 265                     0.105058369973                    -0.369028440320
 266                    -0.283378921010                    -0.367158170849
 267                    -0.671816211994                    -0.365287901379
 268                     0.552250593334                    -0.363358249088
 269                     0.163813302351                    -0.361487979617
 270                    -0.224623988632                    -0.359617710146
 271                    -0.613061279615                    -0.357747440676
 272                     0.611005525712                    -0.355817788385
 273                     0.222568234729                    -0.353947518914
 274                    -0.165869056254                    -0.352077249444
 275                    -0.554306347237                    -0.350206979973
 276                     0.670082887158                    -0.348029831572
 277                     0.281323167107                    -0.346407058212
 278                    -0.107114123876                    -0.344536788741
 279                     0.734197684950                    -0.343473373889
 280                    -0.495551414859                    -0.342666519271
 281                     0.854584311350                    -0.339846689743
 282                     0.340078099486                    -0.338866597509
 283                    -0.048359191498                    -0.336996328039
 284                     0.794302683885                    -0.336410475284
 285                    -0.436796482481                    -0.335126058568
 286                    -0.825233773464                    -0.333255789098
 287                     0.398833031864                    -0.331326136807
 288                     0.010395740881                    -0.329455867336
 289                     0.912985883013                    -0.328612094600
 290                    -0.913309980393                    -0.327880026390
 291                    -0.378041550102                    -0.327585597866
 292                    -0.766478841085                    -0.325715328395
 293                     0.457587964242                    -0.323785676104
 294                     0.069150673259                    -0.321915406634
 295                    -0.319286617724                    -0.320045137163
 296                    -0.707723908707                    -0.318174867693
 297                     0.516342896620                    -0.316245215402
 298                     0.127905605637                    -0.314374945931
 299                    -0.260531685346                    -0.312504676460
 300                    -0.648968976329                    -0.310634406990
 301                     0.575097828998                    -0.308704754699
 302                     0.186660538015                    -0.306834485228
 303                    -0.201776752968                    -0.304964215758
 304                    -0.590214043951                    -0.303093946288
 305                     0.633852761377                    -0.301164293997
 306                     0.245415470393                    -0.299294024526
 307                    -0.143021820590                    -0.297423755055
 308                    -0.531459111573                    -0.295553485585
 309                     0.696984981389                    -0.295254098963
 310                     0.304170402772                    -0.291753563823
 311                    -0.084266888211                    -0.289883294353
 312                     0.755814761583                    -0.288321740874
 313                    -0.472704179194                    -0.288013024882
 314                    -0.867780926976                    -0.286041456243
 315                     0.362925335150                    -0.284213103121
 316                     0.873617995244                    -0.283751061537
 317                    -0.025511955833                    -0.282342833650
 318                    -0.413949246816                    -0.280472564180
 319                     0.814489060684                    -0.280177586446
 320                    -0.802386537799                    -0.278602294709
 321                     0.421680267528                    -0.276672642418
 322                     0.033242976545                    -0.274802372948
 323                    -0.355194314438                    -0.272932103477
 324                     0.931596135289                    -0.271604625709
 325                    -0.931614334542                    -0.271542195001
 326                    -0.743631605421                    -0.271061834007
 327                     0.480435199906                    -0.269132181716
 328                     0.091997908923                    -0.267261912245
 329                    -0.296439382060                    -0.265391642775
 330                    -0.684876673043                    -0.263521373304
 331                     0.539190132285                    -0.261591721013
 332                     0.150752841302                    -0.259721451542
 333                    -0.237684449682                    -0.257851182072
 334                    -0.626121740665                    -0.255980912602
 335                     0.597945064662                    -0.254051260310
 336                     0.209507773680                    -0.252180990840
 337                    -0.178929517303                    -0.250310721369
 338                    -0.567366808286                    -0.248440451899
 339                     0.656699997041                    -0.246510799608
 340                     0.268262706058                    -0.244640530137
 341                    -0.120174584925                    -0.242770260667
 342                    -0.508611875908                    -0.240899991196
 343                     0.715454929419                    -0.238970338906
 344                     0.327017638436                    -0.237100069435
 345                    -0.061419652547                    -0.235229799964
 346                    -0.449856943530                    -0.233359530494
 347                     0.774284709613                    -0.232037980817
 348                    -0.838294234513                    -0.231489261023
 349                     0.385772570814                    -0.229559608732
 350                    -0.002664720169                    -0.227689339262
 351                     0.892087943274                    -0.227467301480
 352                    -0.391102011152                    -0.225819069791
 353                    -0.779539302135                    -0.223948800321
 354                     0.832959008714                    -0.223893826389
 355                    -0.896987124254                    -0.223480183662
 356                     0.444527503192                    -0.222019148030
 357                     0.056090212210                    -0.220148878559
 358                    -0.332347078774                    -0.218278609089
 359                    -0.720784369757                    -0.216408339618
 360                     0.503282435571                    -0.214478687327
 361                     0.114845144588                    -0.212608417857
 362                    -0.273592146395                    -0.210738148386
 363                    -0.662029437378                    -0.208867878916
 364                     0.947906853456                    -0.207636772181
 365                     0.562037367949                    -0.206938226625
 366                     0.173600076966                    -0.205067957154
 367                    -0.214837214017                    -0.203197687684
 368                    -0.603274505000                    -0.201327418213
 369                     0.620792300327                    -0.199397765922
 370                     0.232355009344                    -0.197527496451
 371                    -0.950115877078                    -0.197282163703
 372                    -0.156082281639                    -0.195657226981
 373                    -0.544519572622                    -0.193786957510
 374                     0.679547232705                    -0.191857305219
 375                     0.291109941723                    -0.189987035749
 376                    -0.097327349261                    -0.188116766278
 377                    -0.485764640244                    -0.186246496808
 378                     0.738302165083                    -0.184316844517
 379                     0.349864874101                    -0.182446575046
 380                    -0.038572416882                    -0.180576305576
 381                    -0.427009707866                    -0.178706036105
 382                     0.797057097462                    -0.176776383814
 383                    -0.816370903362                    -0.176448925126
 384                     0.408619806479                    -0.174906114344
 385                     0.020182515496                    -0.173035844873
 386                    -0.368254775487                    -0.171165575403
 387                    -0.756692066471                    -0.169295305932
 388                     0.855812955319                    -0.169243137913
 389                     0.467374738857                    -0.167365653641
 390                     0.078937447874                    -0.165495384171
 391                    -0.898850896651                    -0.164272692760
 392                    -0.309499843109                    -0.163625114700
 393                    -0.697937134092                    -0.161754845230
 394                     0.526129671235                    -0.159825192939
 395                     0.914150281982                    -0.158959318379
 396                     0.137692380252                    -0.157954923468
 397                    -0.250744910731                    -0.156084653998
 398                    -0.639182201714                    -0.154214384527
 399                     0.584884603614                    -0.152284732236
 400                     0.196447312630                    -0.150414462766
 401                    -0.191989978353                    -0.148544193295
 402                    -0.580427269336                    -0.146673923825
 403                     0.643639535992                    -0.144744271533
 404                     0.255202245009                    -0.142874002063
 405                    -0.133235045974                    -0.141003732593
 406                    -0.521672336957                    -0.139133463122
 407                    -0.960383037968                    -0.138941902874
 408                     0.702394468370                    -0.137203810831
 409                     0.313957177387                    -0.135333541360
 410                    -0.074480113596                    -0.133463271890
 411                    -0.462917404579                    -0.131593002419
 412                     0.761149400748                    -0.129663350128
 413                    -0.851475626050                    -0.128711697810
 414                     0.372712109765                    -0.127793080658
 415                    -0.015725181218                    -0.125922811187
 416                     0.962357333001                    -0.124534314989
 417                    -0.404162472201                    -0.124052541717
 418                    -0.792599763184                    -0.122182272246
 419                     0.819908929092                    -0.122124810941
 420                     0.431467042143                    -0.120252619955
 421                     0.043029751160                    -0.118382350485
 422                    -0.345407539823                    -0.116512081014
 423                    -0.733844830806                    -0.114641811544
 424                     0.490221974522                    -0.112712159253
 425                     0.101784683539                    -0.110841889782
 426                    -0.286652607445                    -0.108971620312
 427                    -0.675089898428                    -0.107101350841
 428                    -0.910959959554                    -0.106286735650
 429                     0.887843706219                    -0.105884232905
 430                     0.548976906900                    -0.105171698550
 431                     0.160539615917                    -0.103301429079
 432                    -0.227897675067                    -0.101431159609
 433                    -0.616334966050                    -0.099560890139
 434                     0.607731839278                    -0.097631237847
 435                     0.219294548295                    -0.095760968377
 436                    -0.169142742688                    -0.093890698906
 437                    -0.557580033671                    -0.092020429436
 438                     0.666486771656                    -0.090090777145
 439                     0.278049480673                    -0.088220507675
 440                    -0.110387810310                    -0.086350238204
 441                    -0.498825101293                    -0.084479968734
 442                     0.725241704034                    -0.082550316442
 443                     0.336804413051                    -0.080680046972
 444                    -0.967071354357                    -0.080083878355
 445                    -0.051632877932                    -0.078809777501
 446                    -0.440070168915                    -0.076939508031
 447                     0.783996636412                    -0.075009855740
 448                     0.395559345430                    -0.073139586269
 449                    -0.835224117096                    -0.071747769898
 450                     0.007122054446                    -0.071269316799
 451                    -0.381315236537                    -0.069399047328
 452                    -0.769752527520                    -0.067528777858
 453                     0.842751568791                    -0.067469395037
 454                     0.454314277808                    -0.065599125567
 455                     0.968162871257                    -0.065582670806
 456                     0.065876986825                    -0.063728856096
 457                    -0.322560304158                    -0.061858586626
 458                    -0.710997595142                    -0.059988317155
 459                     0.513069210186                    -0.058058664864
 460                     0.124631919203                    -0.056188395394
 461                    -0.263805371780                    -0.054318125923
 462                    -0.652242662763                    -0.052447856453
 463                     0.910690941883                    -0.051230738517
 464                     0.571824142564                    -0.050518204161
 465                     0.183386851581                    -0.048647934691
 466                    -0.917648275943                    -0.047428711132
 467                    -0.205050439402                    -0.046777665221
 468                    -0.593487730385                    -0.044907395750
 469                     0.630579074943                    -0.042977743459
 470                     0.242141783959                    -0.041107473988
 471                    -0.146295507024                    -0.039237204518
 472                    -0.534732798007                    -0.037366935048
 473                     0.689334007320                    -0.035437282756
 474                     0.300896716338                    -0.033567013286
 475                    -0.087540574645                    -0.031696743815
 476                    -0.475977865629                    -0.029826474345
 477                     0.748088939699                    -0.027896822054
 478                     0.359651648716                    -0.026026552583
 479                    -0.028785642267                    -0.024156283113
 480                    -0.417222933251                    -0.022286013642
 481                    -0.864897008972                    -0.020478674781
 482                    -0.805660224233                    -0.020415744172
 483                     0.806843872077                    -0.020356361351
 484                    -0.969764210386                    -0.018618446941
 485                     0.418406581094                    -0.018486091881
 486                     0.029969290111                    -0.016615822410
 487                    -0.358468000872                    -0.014745552940
 488                    -0.746905291855                    -0.012875283469
 489                     0.865598804455                    -0.012815900648
 490                     0.477161513472                    -0.010945631178
 491                     0.088724222489                    -0.009075361708
 492                    -0.299713068494                    -0.007205092237
 493                     0.970360573649                    -0.006386634363
 494                    -0.688150359477                    -0.005334822767
 495                     0.535916445851                    -0.003405170476
 496                     0.147479154867                    -0.001534901005
 497                    -0.240958136116                     0.000335368465
 498                    -0.629395427099                     0.002205637936
 499                     0.594671378229                     0.004135290227
 500                     0.206234087246                     0.006005559697
 501                    -0.182203203738                     0.007875829168
 502                    -0.570640494721                     0.009746098638
 503                     0.653426310607                     0.011675750929
 504                    -0.917929766616                     0.011807438215
 505                     0.264989019624                     0.013546020400
 506                    -0.123448271359                     0.015416289870
 507                    -0.511885562342                     0.017286559341
 508                     0.916296667104                     0.017822757110
 509                     0.712181242985                     0.019216211632
 510                     0.323743952002                     0.021086481103
 511                    -0.064693338981                     0.022956750573
 512                    -0.453130629964                     0.024827020043
 513                     0.770936175363                     0.026756672335
 514                     0.382498884380                     0.028626941805
 515                    -0.005938406603                     0.030497211276
 516                    -0.394375697586                     0.032367480746
 517                    -0.782831989869                     0.034245697355
 518                     0.829691107741                     0.034297133038
 519                     0.441253816758                     0.036167402508
 520                     0.052816525775                     0.038037671978
 521                    -0.859626037510                     0.038523168294
 522                    -0.335620765208                     0.039907941449
 523                    -0.969518375508                     0.040921284732
 524                    -0.724058056191                     0.041778210919
 525                     0.500008749137                     0.043707863210
 526                     0.111571458154                     0.045578132681
 527                    -0.276865832830                     0.047448402151
 528                    -0.665303123813                     0.049318671622
 529                     0.558763681515                     0.051248323913
 530                     0.968942250491                     0.052833201721
 531                     0.170326390532                     0.053118593383
 532                    -0.218110900451                     0.054988862854
 533                    -0.606548191434                     0.056859132324
 534                     0.617518613893                     0.058788784615
 535                     0.229081322910                     0.060659054086
 536                    -0.159355968073                     0.062529323556
 537                    -0.547793259056                     0.064399593027
 538                     0.676273546271                     0.066329245318
 539                     0.287836255288                     0.068199514789
 540                    -0.100601035695                     0.070069784259
 541                    -0.909525849313                     0.070445095060
 542                    -0.489038326678                     0.071940053729
 543                     0.735028478649                     0.073869706021
 544                     0.346591187667                     0.075739975491
 545                     0.914878343946                     0.077042593194
 546                    -0.041846103317                     0.077610244961
 547                    -0.430283394300                     0.079480514432
 548                    -0.818723323978                     0.081371373064
 549                     0.793783411028                     0.081410166723
 550                     0.405346120045                     0.083280436194
 551                     0.016908829061                     0.085150705664
 552                    -0.371528461922                     0.087020975134
 553                    -0.759965752905                     0.088891244605
 554                     0.852538343406                     0.088950627426
 555                     0.464101052423                     0.090820896896
 556                     0.075663761440                     0.092691166367
 557                    -0.312773529544                     0.094561435837
 558                    -0.701210820526                     0.096431705308
 559                     0.522855984801                     0.098361357599
 560                    -0.965215061317                     0.100001586977
 561                     0.134418693818                     0.100231627069
 562                    -0.254018597165                     0.102101896540
 563                    -0.642455888148                     0.103972166010
 564                     0.581610917179                     0.105901818301
 565                     0.193173626196                     0.107772087772
 566                    -0.195263664787                     0.109642357242
 567                    -0.583700955770                     0.111512626713
 568                     0.963594670086                     0.112075126379
 569                     0.640365849557                     0.113442279004
 570                     0.251928558574                     0.115312548474
 571                    -0.136508732409                     0.117182817945
 572                    -0.524946023392                     0.119053087415
 573                     0.699120781936                     0.120982739707
 574                     0.310683490952                     0.122853009177
 575                    -0.077753800030                     0.124723278647
 576                    -0.466191091014                     0.126593548118
 577                    -0.854631020691                     0.128484406750
 578                     0.757875714314                     0.128523200409
 579                    -0.913858729235                     0.129523236347
 580                     0.369438423331                     0.130393469880
 581                     0.893093321114                     0.132128103145
 582                    -0.018998867652                     0.132263739350
 583                    -0.407436158635                     0.134134008820
 584                    -0.795876088313                     0.136024867452
 585                     0.816630646693                     0.136063661112
 586                     0.428193355709                     0.137933930582
 587                     0.039756064726                     0.139804200053
 588                    -0.348681226257                     0.141674469523
 589                    -0.737118517240                     0.143544738994
 590                     0.486948288087                     0.145474391285
 591                     0.098510997104                     0.147344660755
 592                    -0.289926293879                     0.149214930226
 593                    -0.678363584862                     0.151085199696
 594                     0.545703220465                     0.153014851987
 595                     0.157265929483                     0.154885121458
 596                    -0.231171361501                     0.156755390928
 597                    -0.619608652484                     0.158625660398
 598                     0.604458152844                     0.160555312690
 599                     0.216020861861                     0.162425582160
 600                    -0.172416429122                     0.164295851631
 601                    -0.560853720106                     0.166166121101
 602                     0.663213085222                     0.168095773393
 603                     0.274775794239                     0.169966042863
 604                     0.954810128828                     0.171260778980
 605                    -0.113661496744                     0.171836312333
 606                    -0.954988852619                     0.172153197370
 607                    -0.502098787727                     0.173706581804
 608                     0.721968017600                     0.175636234095
 609                     0.333530726617                     0.177506503565
 610                    -0.054906564366                     0.179376773036
 611                    -0.443343855349                     0.181247042506
 612                    -0.831783785027                     0.183137901139
 613                     0.780722949979                     0.183176694798
 614                    -0.891011493572                     0.184176730736
 615                     0.392285658995                     0.185046964268
 616                     0.003848368012                     0.186917233738
 617                    -0.384588922971                     0.188787503209
 618                    -0.773028852649                     0.190678361841
 619                     0.839477882357                     0.190717155500
 620                     0.898713478117                     0.191097709398
 621                     0.451040591373                     0.192587424971
 622                     0.062603300391                     0.194457694441
 623                    -0.325833990593                     0.196327963911
 624                    -0.714271281667                     0.198198234088
 625                     0.509795523752                     0.200127885673
 626                     0.121358232769                     0.201998155144
 627                    -0.267079058215                     0.203868424614
 628                    -0.655516349198                     0.205738694085
 629                     0.568550456130                     0.207668346376
 630                     0.180113165147                     0.209538615846
 631                    -0.208324125836                     0.211408885317
 632                    -0.596761416820                     0.213279154787
 633                     0.627305388508                     0.215208807078
 634                     0.238868097525                     0.217079076549
 635                    -0.149569193458                     0.218949346019
 636                    -0.538006484441                     0.220819615490
 637                     0.686060320886                     0.222749267781
 638                     0.297623029903                     0.224619537251
 639                    -0.090814261080                     0.226489806722
 640                    -0.479251552063                     0.228360076192
 641                    -0.942705307815                     0.230102443728
 642                     0.744815253265                     0.230289728484
 643                     0.942482438027                     0.231013605666
 644                     0.356377962282                     0.232159997954
 645                    -0.032059328702                     0.234030267424
 646                    -0.420496619685                     0.235900536895
 647                     0.803570185643                     0.237830189186
 648                     0.415132894660                     0.239700458657
 649                    -0.815281214146                     0.240029603352
 650                     0.026695603677                     0.241570728127
 651                    -0.884911717557                     0.243098656697
 652                    -0.361741687306                     0.243440997597
 653                    -0.750181616985                     0.245331856230
 654                     0.862325118021                     0.245370649889
 655                     0.473887827038                     0.247240919359
 656                     0.085450536055                     0.249111188829
 657                    -0.302986754928                     0.250981458300
 658                    -0.691424046002                     0.252851728476
 659                     0.532642759416                     0.254781380062
 660                     0.144205468433                     0.256651649532
 661                    -0.244231822550                     0.258521919002
 662                    -0.632669113533                     0.260392188473
 663                     0.591397691794                     0.262321840764
 664                     0.202960400811                     0.264192110235
 665                    -0.185476890172                     0.266062379705
 666                    -0.573914181155                     0.267932649175
 667                     0.650152624173                     0.269862301467
 668                     0.261715333190                     0.271732570937
 669                    -0.126721957793                     0.273602840408
 670                    -0.515159248777                     0.275473109878
 671                     0.708907556551                     0.277402762169
 672                     0.320470265568                     0.279273031640
 673                     0.909989348174                     0.280543392039
 674                    -0.067967025416                     0.281143301110
 675                    -0.456404316399                     0.283013570581
 676                     0.767662488929                     0.284943222872
 677                     0.379225197946                     0.286813492342
 678                    -0.926908794149                     0.287194218813
 679                    -0.009212093037                     0.288683761813
 680                    -0.847987198355                     0.289419068051
 681                    -0.397649384020                     0.290554031283
 682                    -0.786743426693                     0.291939094908
 683                     0.826417421307                     0.292483683575
 684                     0.437980130324                     0.294353953045
 685                     0.049542839341                     0.296224222515
 686                    -0.338894451642                     0.298094491986
 687                    -0.728099469143                     0.300298931584
 688                     0.496735062702                     0.301894413748
 689                     0.108297771719                     0.303764683218
 690                    -0.280139519264                     0.305634952688
 691                    -0.668583566577                     0.307508047018
 692                     0.555489995081                     0.309434874450
 693                     0.167052704098                     0.311305143920
 694                    -0.221384586886                     0.313175413391
 695                    -0.609821877869                     0.315045682861
 696                     0.614244927459                     0.316975335153
 697                     0.225807636476                     0.318845604623
 698                    -0.162629654507                     0.320715874094
 699                    -0.551066945491                     0.322586143564
 700                     0.672999859837                     0.324515795855
 701                     0.284562568854                     0.326386065326
 702                    -0.103874722129                     0.328256334796
 703                    -0.492312013112                     0.330126604266
 704                     0.731754792215                     0.332056256558
 705                     0.343317501232                     0.333926526028
 706                    -0.045119789751                     0.335796795499
 707                    -0.433557080734                     0.337667064969
 708                     0.790509724594                     0.339596717261
 709                     0.908953243443                     0.339771148314
 710                     0.402072433610                     0.341466986731
 711                    -0.907658176955                     0.343215771487
 712                     0.013635142627                     0.343337256201
 713                    -0.374802148356                     0.345207525672
 714                     0.850130968803                     0.346766906503
 715                    -0.848671324639                     0.348651935596
 716                     0.460827365989                     0.349007447433
 717                     0.072390075006                     0.350877716904
 718                    -0.789485627863                     0.351112407804
 719                    -0.316047215978                     0.352747986374
 720                    -0.704485438752                     0.354625519873
 721                     0.519582298367                     0.356547908136
 722                     0.131145007384                     0.358418177606
 723                    -0.257292283599                     0.360288447077
 724                    -0.645729574583                     0.362158716547
 725                     0.578337230745                     0.364088368839
 726                     0.189899939762                     0.365958638309
 727                    -0.198537351221                     0.367828907779
 728                    -0.586974642205                     0.369699177250
 729                     0.637092163123                     0.371628829541
 730                     0.248654872140                     0.373499099012
 731                    -0.139782418843                     0.375369368482
 732                    -0.528219709826                     0.377239637952
 733                     0.695847095502                     0.379169290244
 734                     0.307409804518                     0.381039559714
 735                    -0.081027486465                     0.382909829185
 736                    -0.469464777448                     0.384780098655
 737                     0.754911943768                     0.386944355581
 738                     0.366164736897                     0.388580020417
 739                    -0.022272554087                     0.390450289887
 740                    -0.410709845070                     0.392320559358
 741                     0.814223272090                     0.393879940189
 742                    -0.748688013819                     0.394060694321
 743                     0.886444650778                     0.394616993200
 744                     0.424919669275                     0.396120481119
 745                    -0.885025193198                     0.397958338769
 746                     0.036482378292                     0.397990750590
 747                    -0.351954912691                     0.399861020060
 748                    -0.821209307688                     0.401138488649
 749                     0.483674601653                     0.403660941822
 750                     0.095237310670                     0.405531211292
 751                    -0.293199980313                     0.407401480763
 752                     0.542429534031                     0.411201402525
 753                    -0.690123248102                     0.412511566196
 754                     0.153992243048                     0.413071671995
 755                    -0.234445047935                     0.414941941465
 756                    -0.622882338919                     0.416812210936
 757                     0.601184466409                     0.418741863227
 758                     0.212747175426                     0.420612132697
 759                    -0.175690115557                     0.422482402168
 760                    -0.564127406540                     0.424352671638
 761                     0.659939398788                     0.426282323930
 762                     0.271502107805                     0.428152593400
 763                    -0.116935183179                     0.430022862871
 764                    -0.505372474162                     0.431893132341
 765                     0.718694331166                     0.433822784632
 766                     0.330257040183                     0.435693054103
 767                    -0.058180250800                     0.437563323573
 768                    -0.446617541783                     0.439433593043
 769                     0.389011972561                     0.443233514805
 770                     0.000574681578                     0.445103784276
 771                    -0.387862609405                     0.446974053746
 772                     0.860670995546                     0.447954276278
 773                     0.447766904939                     0.450773975508
 774                     0.798232669936                     0.450917658141
 775                    -0.859094184153                     0.451217923787
 776                    -0.735725329135                     0.451861813966
 777                     0.059329613956                     0.452644244978
 778                    -0.329107677027                     0.454514514449
 779                    -0.795591957348                     0.454549648419
 780                     0.506521837318                     0.458314436211
 781                     0.118084546334                     0.460184705681
 782                    -0.270352744649                     0.462054975151
 783                    -0.658790035632                     0.463925244621
 784                     0.565276769696                     0.465854896913
 785                     0.176839478713                     0.467725166383
 786                    -0.211597812271                     0.469595435854
 787                    -0.600035103254                     0.471465705324
 788                     0.624031702074                     0.473395357616
 789                     0.235594411091                     0.475265627086
 790                    -0.152842879892                     0.477135896556
 791                    -0.541280170875                     0.479006166027
 792                     0.683682132476                     0.481605069185
 793                     0.294349343469                     0.482806087789
 794                     0.749414932286                     0.484471035275
 795                    -0.094087947514                     0.484676357259
 796                    -0.482525238497                     0.486546626729
 797                     0.353104275847                     0.490346548491
 798                    -0.035333015136                     0.492216817962
 799                    -0.423770306119                     0.494087087432
 800                     0.411859208225                     0.497887009194
 801                     0.831823889532                     0.499709364326
 802                     0.023421917242                     0.499757278664
 803                    -0.365015373741                     0.501627548135
 804                    -0.704172954665                     0.501996116511
 805                    -0.829961781106                     0.502796055966
 806                    -0.763366721505                     0.504254123079
 807                     0.470614140604                     0.505427469896
 808                     0.082176849621                     0.507297739367
 809                    -0.306260441363                     0.509168008837
 810                     0.529369072982                     0.512967930599
 811                     0.140931781999                     0.514838200069
 812                    -0.247505508984                     0.516708469540
 813                    -0.635942799968                     0.518578739010
 814                     0.588124005360                     0.520508391302
 815                     0.199686714377                     0.522378660772
 816                    -0.188750576606                     0.524248930242
 817                    -0.577187867589                     0.526119199713
 818                     0.646878937738                     0.528048852004
 819                     0.258441646755                     0.529919121474
 820                    -0.129995644228                     0.531789390945
 821                    -0.518432935211                     0.533659660415
 822                     0.317196579134                     0.537459582177
 823                    -0.071240711850                     0.539329851648
 824                    -0.459678002833                     0.541200121118
 825                     0.740897903321                     0.543092369651
 826                     0.375951511512                     0.545000042880
 827                    -0.012485779472                     0.546870312350
 828                    -0.400923070455                     0.548740581820
 829                     0.799783523037                     0.549533209433
 830                    -0.797736545263                     0.552500530626
 831                     0.434706443890                     0.552540503582
 832                     0.046269152907                     0.554410773053
 833                    -0.342168138076                     0.556281042523
 834                    -0.681325719000                     0.556649610899
 835                     0.493461376268                     0.560080964285
 836                     0.105024085285                     0.561951233755
 837                    -0.283413205698                     0.563821503226
 838                    -0.739916126181                     0.565376856326
 839                     0.552216308646                     0.567621424987
 840                     0.163779017663                     0.569491694458
 841                     0.688319148645                     0.570377442182
 842                    -0.224658273320                     0.571361963928
 843                     0.222533950041                     0.577032155160
 844                    -0.625578556703                     0.577776755510
 845                    -0.165903340942                     0.578902424631
 846                    -0.554340631925                     0.580772694101
 847                     0.281288882420                     0.584572615863
 848                    -0.107148408563                     0.586442885333
 849                     0.625198090605                     0.587044213412
 850                    -0.495585699547                     0.588313154804
 851                     0.340043814798                     0.592113076566
 852                    -0.048393476185                     0.593983346036
 853                    -0.436830767168                     0.595853615506
 854                     0.764762782306                     0.597309232133
 855                     0.398798747176                     0.599653537268
 856                     0.010361456193                     0.601523806739
 857                    -0.378075834790                     0.603394076209
 858                     0.457553679554                     0.607193997971
 859                     0.069116388571                     0.609064267441
 860                    -0.319320902412                     0.610934536911
 861                     0.516303121437                     0.614777117704
 862                    -0.684093233525                     0.615821745301
 863                     0.127871320950                     0.616604728144
 864                    -0.260565970034                     0.618474997614
 865                     0.575063511054                     0.622274933279
 866                     0.186626253328                     0.624145188846
 867                    -0.742683640706                     0.624548990728
 868                    -0.201811037655                     0.626015458317
 869                     0.669907622714                     0.626680340324
 870                    -0.590248328639                     0.627885727787
 871                     0.245381185706                     0.631685649549
 872                    -0.143056105277                     0.633555919019
 873                    -0.531493396260                     0.635426188490
 874                     0.304136118084                     0.639226110251
 875                    -0.084301172899                     0.641096379722
 876                     0.726892171294                     0.642859396216
 877                    -0.472738463882                     0.642966649192
 878                     0.362891050462                     0.646766570954
 879                    -0.025546240521                     0.648636840425
 880                    -0.413983531504                     0.650507109895
 881                     0.421645982841                     0.654307031656
 882                     0.033208691857                     0.656177301127
 883                    -0.641716225631                     0.657212442666
 884                    -0.355228599126                     0.658047570597
 885                     0.620841645734                     0.659869653806
 886                     0.481579414352                     0.662769458684
 887                     0.091963624236                     0.663717761830
 888                    -0.296473666747                     0.665588031300
 889                     0.540261233650                     0.670859249178
 890                     0.150718556614                     0.671258222532
 891                    -0.237718734369                     0.673128492003
 892                    -0.698909868948                     0.673175628702
 893                     0.209473488992                     0.678798683235
 894                    -0.178963801991                     0.680668952705
 895                     0.685004759529                     0.685246786646
 896                     0.268228421370                     0.686339143937
 897                    -0.590584597040                     0.687121591501
 898                    -0.120208869613                     0.688209413408
 899                    -0.508874917749                     0.690174750628
 900                     0.326983353749                     0.693879604640
 901                    -0.061453937235                     0.695749874110
 902                    -0.450119985371                     0.697715211331
 903                     0.385738286127                     0.701420065342
 904                    -0.002699004857                     0.703290334813
 905                    -0.391136295839                     0.705160604283
 906                     0.586382538390                     0.708052332721
 907                     0.444493218505                     0.708960526045
 908                     0.056055927522                     0.710830795516
 909                    -0.332381363461                     0.712701064986
 910                    -0.656532861054                     0.714566326066
 911                     0.114810859900                     0.718371256218
 912                    -0.273626431083                     0.720241525688
 913                     0.173565792278                     0.725911716921
 914                     0.642739637128                     0.726825069991
 915                    -0.214871498705                     0.727781986391
 916                    -0.551330394244                     0.731484956897
 917                     0.232320724657                     0.733452177623
 918                    -0.156116566327                     0.735322447094
 919                     0.291075657035                     0.740992638326
 920                    -0.097361633948                     0.742862907796
 921                     0.538494024094                     0.742919090885
 922                    -0.493281257042                     0.748309349626
 923                     0.349830589413                     0.748533099028
 924                    -0.038606701570                     0.750403368499
 925                    -0.427044941660                     0.752272914582
 926                    -0.611709299101                     0.753294209048
 927                     0.480686755442                     0.755854326385
 928                     0.408585521791                     0.756073559731
 929                     0.020148230808                     0.757943829202
 930                    -0.368289078239                     0.759814106223
 931                     0.078903163186                     0.765484289904
 932                     0.594844204254                     0.766681684049
 933                    -0.309534127797                     0.767354559374
 934                     0.137658095565                     0.773024750607
 935                    -0.250779195419                     0.774895020077
 936                     0.196413027943                     0.780565211309
 937                    -0.192024263040                     0.782435480780
 938                    -0.564606217025                     0.789214959113
 939                    -0.133269330662                     0.789975941482
 940                     0.258039086937                     0.790161588513
 941                     0.316794019315                     0.797702049216
 942                    -0.074733826000                     0.799408751912
 943                     0.546955689958                     0.801548442213
 944                    -0.459861807641                     0.801588773426
 945                     0.444779058729                     0.802967360071
 946                    -0.015759465906                     0.805056862887
 947                     0.386071067885                     0.810864982341
 948                     0.042976276567                     0.812748259059
 949                    -0.345441824511                     0.814467593060
 950                     0.101750398851                     0.820137784292
 951                    -0.404211934874                     0.821888829766
 952                    -0.286686892132                     0.822008053763
 953                    -0.515399143338                     0.822194718445
 954                     0.160559641369                     0.828283098880
 955                    -0.227931959754                     0.829548514465
 956                     0.497028958319                     0.833428249211
 957                     0.219476789374                     0.835127684998
 958                    -0.112234081158                     0.845352099751
 959                    -0.171436811984                     0.847361400386
 960                     0.281446118511                     0.847909018141
 961                     0.342547114096                     0.851047890062
 962                    -0.449617235746                     0.859933005130
 963                     0.003424932246                     0.861101126589
 964                     0.445250060114                     0.862202305703
 965                    -0.055772165836                     0.863270044516
 966                     0.062159242888                     0.868800566818
 967                    -0.338402227334                     0.873284637341
 968                     0.120934340107                     0.876182204391
 969                    -0.264864870447                     0.877078917166
 970                    -0.396309451331                     0.885764782985
 971                     0.391811948171                     0.887763385853
 972                     0.233956725339                     0.892567497678
 973                    -0.208070200634                     0.893912398898
 974                     0.175184434195                     0.899971443930
 975                    -0.149439159027                     0.902362344840
 976                     0.336913758343                     0.910016236905
 977                    -0.091703768729                     0.915614715703
 978                     0.026712901265                     0.916261682396
 979                    -0.032505311834                     0.917746224001
 980                    -0.304024732929                     0.921525579547
 981                     0.280760067424                     0.928877934140
 982                     0.099922941220                     0.931567416706
 983                    -0.247230063116                     0.938359061278
 984                     0.210982585309                     0.947167767973
 985                    -0.188493982369                     0.951868348981
 986                     0.152796680420                     0.958276372684
 987                    -0.129833350253                     0.960952665107
 988                    -0.064500034783                     0.968235600205
 989                     0.053916635211                     0.968882566898
 990                    -0.005301577887                     0.970367108502
