   1                     0.023706595495                    -0.969882380717
   2                    -0.035948086770                    -0.969505838122
   3                     0.083271642676                    -0.966591779720
   4                    -0.095466848641                    -0.965463575650
   5                    -0.154624648555                    -0.957770877170
   6                     0.165130565620                    -0.956015549766
   7                    -0.213197809753                    -0.946456828922
   8                     0.223575981243                    -0.944059116638
   9                     0.281176051861                    -0.928533178167
  10                    -0.266678721196                    -0.920025502587
  11                     0.118681389835                    -0.918581648427
  12                    -0.000041281017                    -0.915157055120
  13                    -0.059695963282                    -0.914780512525
  14                    -0.326004513308                    -0.913758662010
  15                     0.059483472985                    -0.911204010516
  16                    -0.119144624505                    -0.909812657917
  17                     0.341757537374                    -0.907875170625
  18                    -0.177717785703                    -0.898498609668
  19                    -0.381548647960                    -0.891994654881
  20                     0.397598832964                    -0.884957062869
  21                     0.222728981645                    -0.884409259201
  22                     0.163318453709                    -0.879004439970
  23                    -0.231198697146                    -0.872067283334
  24                     0.294871259395                    -0.870470589599
  25                    -0.435650139970                    -0.866857999121
  26                    -0.291447981860                    -0.865084826749
  27                     0.095471653261                    -0.863625929629
  28                    -0.081547505629                    -0.859270756648
  29                     0.451237445059                    -0.858847252585
  30                     0.036273736411                    -0.856248291709
  31                    -0.140721092499                    -0.851700451665
  32                     0.350349286207                    -0.848538616557
  33                    -0.022874809798                    -0.848484762750
  34                    -0.494586162000                    -0.834636665534
  35                    -0.365791858072                    -0.834457306376
  36                     0.249883855198                    -0.831292070431
  37                     0.190473327262                    -0.825887251200
  38                    -0.193558543535                    -0.824004145205
  39                    -0.252732066258                    -0.816433328637
  40                     0.131614924407                    -0.816165558250
  41                     0.406847456948                    -0.814582757201
  42                     0.531232862703                    -0.811803843721
  43                    -0.311905589118                    -0.808862523338
  44                     0.072441401546                    -0.808594752951
  45                    -0.441466637029                    -0.807486362269
  46                    -0.104578222635                    -0.804239774694
  47                     0.472229194663                    -0.803006681769
  48                    -0.545399172018                    -0.802246592752
  49                     0.013267878686                    -0.801023947653
  50                    -0.045905644174                    -0.793453142354
  51                     0.351560993168                    -0.788895053059
  52                     0.291899705616                    -0.786306322594
  53                    -0.388822109786                    -0.779426129698
  54                     0.580122774154                    -0.777619059696
  55                    -0.157415272252                    -0.776543762556
  56                    -0.491539251863                    -0.775058655840
  57                     0.233461684129                    -0.773941087894
  58                    -0.216588795112                    -0.768972957258
  59                    -0.593718281857                    -0.767241277254
  60                     0.174040172674                    -0.766978481563
  61                    -0.275762317972                    -0.761402151959
  62                     0.114828264357                    -0.758920200841
  63                     0.513399651278                    -0.754875823636
  64                    -0.334935840832                    -0.753831346660
  65                     0.055654741497                    -0.751349395542
  66                     0.446877787174                    -0.749005486978
  67                    -0.438894724620                    -0.746998423270
  68                    -0.003518781364                    -0.743778590243
  69                     0.387704264314                    -0.741434681680
  70                     0.626819230445                    -0.740494083326
  71                    -0.538180107423                    -0.737863851187
  72                    -0.062692304224                    -0.736207784945
  73                     0.328530741454                    -0.733863876381
  74                    -0.639913250412                    -0.729208383826
  75                    -0.121865827084                    -0.728636979646
  76                     0.269357218593                    -0.726293071083
  77                    -0.181039349944                    -0.721066174347
  78                     0.210145058363                    -0.719030634760
  79                     0.560822093887                    -0.718682801690
  80                    -0.240212872804                    -0.713495369049
  81                     0.150971535502                    -0.711459829462
  82                    -0.299386395664                    -0.705924563750
  83                     0.091798012642                    -0.703889024163
  84                    -0.586430083005                    -0.702781622682
  85                     0.484484396191                    -0.702696029426
  86                    -0.476547428598                    -0.700726436240
  87                    -0.358649609262                    -0.699091232599
  88                     0.032624489782                    -0.696318218864
  89                     0.423847535460                    -0.693974310301
  90                    -0.417725002760                    -0.690789378371
  91                    -0.026549033078                    -0.688747413566
  92                     0.364674012599                    -0.686403505002
  93                     0.634647561918                    -0.681354078872
  94                    -0.085722555938                    -0.681176608267
  95                     0.305500489739                    -0.678832699703
  96                    -0.531922994107                    -0.678537032348
  97                     0.694193740230                    -0.677738066012
  98                    -0.695311799346                    -0.676590967118
  99                    -0.144896078798                    -0.673605802968
 100                     0.246326966879                    -0.671261894405
 101                    -0.636057913199                    -0.669677221604
 102                    -0.204069601658                    -0.666034997670
 103                     0.187114806648                    -0.663999458082
 104                     0.578337774854                    -0.661655581940
 105                    -0.263243124518                    -0.658464192371
 106                     0.127941283788                    -0.656428652784
 107                     0.519155931377                    -0.654150097069
 108                    -0.322416647379                    -0.650893387072
 109                     0.068767760928                    -0.648857847485
 110                     0.459990806605                    -0.646513938922
 111                    -0.381590170239                    -0.643322581774
 112                     0.009594238068                    -0.641287042187
 113                     0.400817283745                    -0.638943133623
 114                    -0.440763695020                    -0.635751791492
 115                     0.734535766384                    -0.633791008929
 116                    -0.049579284792                    -0.633716236888
 117                    -0.735581210044                    -0.632577361693
 118                     0.341643760885                    -0.631372328324
 119                    -0.499937215959                    -0.628180971176
 120                    -0.108752807652                    -0.626145431589
 121                     0.282470238025                    -0.623801523026
 122                    -0.559594490577                    -0.623543637168
 123                     0.674228431927                    -0.621522326536
 124                    -0.167926330512                    -0.618574626291
 125                     0.223296715165                    -0.616230717727
 126                     0.614550366651                    -0.614248079787
 127                    -0.618945591028                    -0.612528369206
 128                    -0.227099853373                    -0.611003820992
 129                     0.164084554934                    -0.608968281405
 130                    -0.679835193482                    -0.607907195716
 131                     0.555307600611                    -0.606624372841
 132                    -0.286273376233                    -0.603433015693
 133                     0.104911032074                    -0.601397476106
 134                     0.496134077751                    -0.599053567543
 135                    -0.345446899093                    -0.595862210395
 136                     0.045737509214                    -0.593826670808
 137                     0.436960554891                    -0.591482762244
 138                    -0.404620421953                    -0.588291405096
 139                    -0.013436013647                    -0.586255865509
 140                     0.773724651488                    -0.585298140960
 141                     0.377787032031                    -0.583911956945
 142                    -0.463793944813                    -0.580720599797
 143                    -0.072609536506                    -0.578685060210
 144                     0.714570458081                    -0.577575269452
 145                     0.318613509171                    -0.576341151647
 146                    -0.754762153349                    -0.576089183155
 147                    -0.522967467673                    -0.573149794499
 148                    -0.131783059367                    -0.571114254912
 149                     0.259439986311                    -0.568770346348
 150                     0.650624394617                    -0.566734806760
 151                    -0.582140990534                    -0.565578989200
 152                    -0.190956582227                    -0.563543449613
 153                     0.200266463451                    -0.561199541050
 154                     0.591450871757                    -0.559164001463
 155                    -0.641975842743                    -0.557497192528
 156                    -0.250130105087                    -0.555972644314
 157                     0.141054303220                    -0.553937104727
 158                     0.532277348897                    -0.551593196164
 159                    -0.701149365603                    -0.549926387230
 160                    -0.309303627947                    -0.548401839016
 161                     0.081880780360                    -0.546366299429
 162                     0.473103826037                    -0.544022390865
 163                    -0.804190989520                    -0.542688388923
 164                    -0.368477150807                    -0.540831033717
 165                     0.022707257499                    -0.538795494130
 166                     0.413930303177                    -0.536451585566
 167                     0.810401555222                    -0.533369622673
 168                    -0.427650673667                    -0.533260228418
 169                    -0.036466265361                    -0.531224688831
 170                     0.750829762506                    -0.530203487311
 171                     0.354756780317                    -0.528880780268
 172                    -0.486824196527                    -0.525689423120
 173                    -0.095639788221                    -0.523653883533
 174                     0.690966420771                    -0.522787749676
 175                     0.295583257456                    -0.521309974969
 176                    -0.545997719387                    -0.518118617821
 177                    -0.154813311081                    -0.516083078234
 178                     0.236409734596                    -0.513739169670
 179                     0.627594142903                    -0.511703630083
 180                    -0.605171242248                    -0.510547812522
 181                    -0.213986833941                    -0.508512272935
 182                     0.177236211736                    -0.506168364372
 183                     0.568420620043                    -0.504132824785
 184                    -0.665006094457                    -0.502466015851
 185                    -0.273160356801                    -0.500941467637
 186                     0.118024051505                    -0.498905928050
 187                     0.509247097183                    -0.496562019486
 188                    -0.724871839885                    -0.495190044500
 189                    -0.332333879661                    -0.493370662338
 190                     0.058850528645                    -0.491335122751
 191                     0.450073574323                    -0.488991214188
 192                    -0.784616062221                    -0.486335526336
 193                    -0.391507402522                    -0.485799857040
 194                    -0.000322994215                    -0.483764317452
 195                     0.841650871863                    -0.482553256116
 196                     0.390900051462                    -0.481420408889
 197                     0.782079079147                    -0.479387120754
 198                    -0.843793646189                    -0.478796530634
 199                    -0.450680925382                    -0.478229051741
 200                    -0.059496517075                    -0.476193512154
 201                     0.331726528602                    -0.473849603590
 202                     0.722838568263                    -0.472359690871
 203                    -0.509854448242                    -0.470658246442
 204                    -0.118670039935                    -0.468622706855
 205                     0.272553005742                    -0.466278798291
 206                     0.663737414049                    -0.464243258704
 207                    -0.569027971102                    -0.463087441143
 208                    -0.177843562795                    -0.461051901556
 209                     0.213379482882                    -0.458707992993
 210                     0.604563891189                    -0.456672453406
 211                    -0.628201493962                    -0.455516635844
 212                    -0.237017085655                    -0.453481096258
 213                     0.154205960022                    -0.451137187694
 214                     0.545390368329                    -0.449101648107
 215                    -0.688036346171                    -0.447434839173
 216                    -0.296190608515                    -0.445910290959
 217                     0.094993799791                    -0.443874751372
 218                     0.486216845468                    -0.441530842809
 219                    -0.747209869032                    -0.439864033874
 220                    -0.355364131376                    -0.438339485660
 221                     0.035820276931                    -0.436303946073
 222                     0.427043322608                    -0.433960037510
 223                    -0.807646313936                    -0.431304349659
 224                    -0.414537654236                    -0.430768680362
 225                    -0.023353245929                    -0.428733140775
 226                     0.367869799748                    -0.426389232211
 227                    -0.871625722249                    -0.426031026346
 228                     0.759054208055                    -0.424353692624
 229                     0.832257154736                    -0.423641619073
 230                    -0.473711177096                    -0.423197875063
 231                    -0.082526768789                    -0.421162335476
 232                     0.308696276888                    -0.418818426912
 233                     0.699880685195                    -0.416782887326
 234                    -0.532884699956                    -0.415627069764
 235                    -0.141700291650                    -0.413591530177
 236                     0.249522754028                    -0.411247621614
 237                     0.640707162335                    -0.409212082027
 238                    -0.592058222816                    -0.408056264466
 239                    -0.200873814510                    -0.406020724879
 240                     0.190349231168                    -0.403676816315
 241                     0.581533639474                    -0.401641276728
 242                    -0.651231745677                    -0.400485459167
 243                    -0.260047337370                    -0.398449919580
 244                     0.885417760370                    -0.396571840551
 245                     0.131175708308                    -0.396106011017
 246                     0.522360116614                    -0.394070471429
 247                    -0.711066597885                    -0.392403662495
 248                    -0.319220860230                    -0.390879114282
 249                     0.071963548077                    -0.388843574695
 250                     0.463186593754                    -0.386499666131
 251                    -0.770240120747                    -0.384832857197
 252                    -0.378394383090                    -0.383308308983
 253                     0.012790025217                    -0.381272769396
 254                     0.404013070894                    -0.378928860832
 255                    -0.835505466708                    -0.378553136332
 256                     0.795197479201                    -0.376893321245
 257                    -0.437567905950                    -0.375737503684
 258                    -0.046383497643                    -0.373701964097
 259                     0.344839548034                    -0.371358055534
 260                    -0.896466998303                    -0.370711489223
 261                     0.736023956341                    -0.369322515947
 262                    -0.496741428810                    -0.368166698385
 263                    -0.105557020504                    -0.366131158798
 264                     0.285666025174                    -0.363787250235
 265                     0.676850433481                    -0.361751710648
 266                    -0.555914951670                    -0.360595893087
 267                    -0.164730543364                    -0.358560353500
 268                     0.226492502314                    -0.356216444936
 269                     0.617676910620                    -0.354180905349
 270                    -0.615088474531                    -0.353025087788
 271                    -0.223904066224                    -0.350989548201
 272                     0.848358084834                    -0.349823542724
 273                     0.167318979454                    -0.348645639638
 274                     0.558503387760                    -0.346610100051
 275                    -0.674261997391                    -0.345454282489
 276                    -0.283077589084                    -0.343418742903
 277                     0.108145456593                    -0.341074834339
 278                     0.908080913098                    -0.340925090686
 279                     0.499329864900                    -0.339039294752
 280                    -0.734096849600                    -0.337372485818
 281                    -0.342251111944                    -0.335847937604
 282                     0.048933296362                    -0.333812398017
 283                    -0.798099273506                    -0.332081643863
 284                     0.440156342040                    -0.331468489453
 285                    -0.401424634804                    -0.328277132305
 286                    -0.010240226498                    -0.326241592718
 287                     0.380982819180                    -0.323897684155
 288                    -0.858661122129                    -0.323574608501
 289                     0.772167227487                    -0.321862144568
 290                    -0.460598157664                    -0.320706327006
 291                    -0.069413749358                    -0.318670787420
 292                     0.321809296320                    -0.316326878856
 293                    -0.917671434799                    -0.314822128906
 294                     0.712993704626                    -0.314291339269
 295                    -0.519771680525                    -0.313135521708
 296                    -0.128587272218                    -0.311099982121
 297                     0.262635773459                    -0.308756073557
 298                     0.653820181766                    -0.306720533970
 299                    -0.578945203385                    -0.305564716409
 300                    -0.187760795078                    -0.303529176822
 301                     0.203462250599                    -0.301185268259
 302                     0.594646658906                    -0.299149728672
 303                    -0.638118726245                    -0.297993911110
 304                    -0.246934317938                    -0.295958371524
 305                     0.144288727739                    -0.293614462960
 306                     0.865131144887                    -0.292574198998
 307                     0.535473136046                    -0.291578923373
 308                    -0.697292249106                    -0.290423105812
 309                    -0.306107840798                    -0.288387566225
 310                     0.085115204879                    -0.286043657661
 311                     0.927473186389                    -0.284506589383
 312                     0.476299613186                    -0.284008118074
 313                    -0.758079939368                    -0.282749832040
 314                    -0.365281363659                    -0.280816760926
 315                     0.025903044648                    -0.278781221339
 316                     0.417126090326                    -0.276437312776
 317                    -0.817306073783                    -0.275602251837
 318                     0.808310498633                    -0.274401773189
 319                    -0.424454886519                    -0.273245955628
 320                    -0.033270478212                    -0.271210416041
 321                     0.357952567465                    -0.268866507477
 322                     0.749136975772                    -0.266830967890
 323                    -0.876275513724                    -0.266578502412
 324                    -0.483628409379                    -0.265675150329
 325                    -0.092444001072                    -0.263639610742
 326                     0.298779044605                    -0.261295702178
 327                     0.689963452912                    -0.259260162592
 328                    -0.542801932239                    -0.258104345030
 329                    -0.935285826394                    -0.257826022817
 330                    -0.151617523932                    -0.256068805443
 331                     0.239605521745                    -0.253724896880
 332                     0.630789930052                    -0.251689357293
 333                    -0.601975455099                    -0.250533539731
 334                    -0.210791046792                    -0.248498000145
 335                     0.180431998885                    -0.246154091581
 336                     0.571616407192                    -0.244118551994
 337                    -0.661148977960                    -0.242962734433
 338                    -0.269964569652                    -0.240927194846
 339                     0.121258476025                    -0.238583286282
 340                     0.889794849718                    -0.238255467748
 341                     0.512442884332                    -0.236547746695
 342                    -0.720827815045                    -0.235600686835
 343                    -0.329138092513                    -0.233356389547
 344                     0.062084953165                    -0.231012480984
 345                     0.453269361472                    -0.228976941397
 346                    -0.780140946224                    -0.227322989472
 347                    -0.388311615373                    -0.225785584249
 348                     0.002872792934                    -0.223750044662
 349                     0.394095838611                    -0.221406136098
 350                    -0.839314469085                    -0.219752184174
 351                     0.785280246918                    -0.219370596511
 352                    -0.447485138233                    -0.218214778950
 353                     0.945570962452                    -0.217093044713
 354                    -0.056300729926                    -0.216179239363
 355                     0.334922315751                    -0.213835330800
 356                     0.726106724058                    -0.211799791213
 357                    -0.506658661093                    -0.210643973651
 358                    -0.115474252786                    -0.208608434064
 359                    -0.904992883938                    -0.206433800274
 360                     0.275748792891                    -0.206264525501
 361                     0.666933201198                    -0.204228985914
 362                    -0.565832183953                    -0.203073168353
 363                     0.842370752739                    -0.202064613568
 364                    -0.174647775646                    -0.201037628766
 365                     0.216575270031                    -0.198693720202
 366                     0.607759678338                    -0.196658180615
 367                    -0.625005706814                    -0.195502363054
 368                    -0.233821298507                    -0.193466823467
 369                     0.157401747171                    -0.191122914903
 370                     0.548586155477                    -0.189087375316
 371                    -0.684179229674                    -0.187931557755
 372                    -0.292994821367                    -0.185896018169
 373                     0.098228224311                    -0.183552109605
 374                     0.489412632617                    -0.181516570018
 375                    -0.743352752534                    -0.180360752457
 376                     0.899457499795                    -0.179246361077
 377                    -0.352168344227                    -0.178325212870
 378                     0.039054701451                    -0.175981304306
 379                     0.430239109757                    -0.173945764719
 380                    -0.954575428801                    -0.173261610937
 381                    -0.803171197939                    -0.172291812795
 382                    -0.411341867087                    -0.170754407571
 383                    -0.020157458780                    -0.168718867984
 384                     0.371065586897                    -0.166374959420
 385                    -0.862344720799                    -0.164721007496
 386                     0.762249995204                    -0.164339419834
 387                    -0.470515389947                    -0.163183602272
 388                    -0.079330981640                    -0.161148062686
 389                     0.311892064037                    -0.158804154122
 390                     0.957078261208                    -0.158537210963
 391                     0.703076472344                    -0.156768614535
 392                    -0.529688912807                    -0.155612796974
 393                    -0.138504504501                    -0.153577257387
 394                     0.252718541177                    -0.151233348823
 395                     0.643902949483                    -0.149197809236
 396                    -0.588862435668                    -0.148041991675
 397                    -0.197678027361                    -0.146006452088
 398                     0.193545018317                    -0.143662543524
 399                     0.851937970063                    -0.143180903994
 400                     0.584729426623                    -0.141627003938
 401                    -0.648035958528                    -0.140471186376
 402                    -0.256851550221                    -0.138435646790
 403                     0.134371495457                    -0.136091738226
 404                     0.525555903763                    -0.134056198639
 405                    -0.707209481388                    -0.132900381078
 406                    -0.316025073081                    -0.130864841491
 407                     0.075197972597                    -0.128520932927
 408                     0.466382380903                    -0.126485393340
 409                    -0.766383004248                    -0.125329575779
 410                    -0.375198595941                    -0.123294036192
 411                    -0.904310266922                    -0.122321528264
 412                     0.016024449736                    -0.120950127628
 413                     0.906931336962                    -0.120060512612
 414                     0.407208858043                    -0.118914588042
 415                    -0.826201449653                    -0.117260636117
 416                     0.798393266349                    -0.116879048455
 417                    -0.434372118801                    -0.115723230893
 418                    -0.963419613186                    -0.114264972871
 419                    -0.043187710495                    -0.113687691307
 420                     0.348035335183                    -0.111343782743
 421                     0.739219743489                    -0.109308243156
 422                    -0.493545641662                    -0.108152425595
 423                    -0.102361233355                    -0.106116886008
 424                     0.288861812323                    -0.103772977444
 425                     0.680046220629                    -0.101737437857
 426                    -0.552719164522                    -0.100581620296
 427                     0.965053939960                    -0.099414192703
 428                    -0.161534756215                    -0.098546080709
 429                     0.229688289462                    -0.096202172145
 430                     0.620872697769                    -0.094166632559
 431                    -0.611892687382                    -0.093010814997
 432                    -0.220708279075                    -0.090975275411
 433                     0.170514766602                    -0.088631366847
 434                     0.561699174909                    -0.086595827260
 435                    -0.671066210242                    -0.085440009699
 436                     0.847943693270                    -0.083658902570
 437                    -0.279881801935                    -0.083404470112
 438                     0.111341243742                    -0.081060561548
 439                     0.502525652049                    -0.079025021961
 440                    -0.730239733102                    -0.077869204400
 441                    -0.339055324795                    -0.075833664813
 442                     0.052167720882                    -0.073489756249
 443                     0.443352129189                    -0.071454216663
 444                    -0.789413255962                    -0.070298399101
 445                    -0.398228847656                    -0.068262859514
 446                    -0.007005801978                    -0.065918950951
 447                     0.384178606329                    -0.063883411364
 448                    -0.908884434546                    -0.062841280357
 449                    -0.849231701367                    -0.062229459440
 450                     0.775363014635                    -0.061847871777
 451                     0.918898087190                    -0.061617208551
 452                    -0.457402370516                    -0.060692054216
 453                    -0.066217962209                    -0.058656514629
 454                     0.325005083469                    -0.056312606065
 455                    -0.968621089823                    -0.054836296785
 456                     0.716189491775                    -0.054277066478
 457                    -0.516575893376                    -0.053121248917
 458                    -0.125391485069                    -0.051085709330
 459                     0.265831560608                    -0.048741800766
 460                     0.657015968915                    -0.046706261180
 461                    -0.575749416236                    -0.045550443618
 462                    -0.184565007929                    -0.043514904032
 463                     0.206658037748                    -0.041170995468
 464                     0.597842446055                    -0.039135455881
 465                    -0.634922939096                    -0.037979638320
 466                    -0.243738530789                    -0.035944098733
 467                     0.147484514888                    -0.033600190169
 468                     0.538668923195                    -0.031564650582
 469                    -0.694096461956                    -0.030408833021
 470                     0.969697528170                    -0.030340384916
 471                    -0.302912053650                    -0.028373293434
 472                     0.869573653476                    -0.028062430362
 473                     0.088310992028                    -0.026029384870
 474                     0.479495400335                    -0.023993845284
 475                    -0.753269984816                    -0.022838027722
 476                    -0.362085576510                    -0.020802488136
 477                     0.029137469168                    -0.018458579572
 478                     0.420321877474                    -0.016423039985
 479                    -0.812443507677                    -0.015267222424
 480                     0.811506285781                    -0.014387500398
 481                    -0.421259099370                    -0.013231682837
 482                    -0.030036053692                    -0.010887774273
 483                     0.361148354614                    -0.008852234686
 484                    -0.931914686260                    -0.007810103679
 485                    -0.872261953082                    -0.007198282762
 486                     0.752332762921                    -0.006816695100
 487                    -0.480432622230                    -0.005660877538
 488                    -0.089248213923                    -0.003625337951
 489                     0.301974831754                    -0.001281429388
 490                     0.693159240061                     0.000754110199
 491                    -0.539606145090                     0.001909927760
 492                    -0.148421736783                     0.003945467347
 493                     0.242801308894                     0.006289375911
 494                     0.633985717201                     0.008324915498
 495                    -0.598779667950                     0.009480733059
 496                    -0.207595259643                     0.011516272646
 497                     0.912145553933                     0.013728192893
 498                     0.183627786034                     0.013860181210
 499                     0.574812194341                     0.015895720796
 500                    -0.657953190810                     0.017051538358
 501                    -0.266768782504                     0.019087077945
 502                     0.124454263174                     0.021430986508
 503                     0.515638671480                     0.023466526095
 504                    -0.717126713671                     0.024622343657
 505                    -0.325942305364                     0.026657883243
 506                     0.065280740314                     0.029001791807
 507                     0.969729053850                     0.029315477383
 508                     0.456465148620                     0.031037331394
 509                    -0.776300236531                     0.032193148955
 510                     0.847649556927                     0.033072870981
 511                    -0.385115828224                     0.034228688542
 512                     0.006107217454                     0.036572597106
 513                    -0.969404104053                     0.038594276007
 514                     0.397291625760                     0.038608136693
 515                    -0.835473759391                     0.039763954254
 516                     0.788476034067                     0.040643676279
 517                    -0.444289351084                     0.041799493841
 518                    -0.053066305406                     0.044143402405
 519                     0.338118102900                     0.046178941991
 520                     0.729302511207                     0.048214481578
 521                    -0.503462873944                     0.049370299139
 522                    -0.112278465637                     0.051405838726
 523                     0.278944580040                     0.053749747290
 524                    -0.910082406871                     0.054172777934
 525                     0.670128988347                     0.055785286877
 526                    -0.562636396805                     0.056941104438
 527                    -0.171451988498                     0.058976644025
 528                     0.219771057180                     0.061320552589
 529                     0.610955465486                     0.063356092176
 530                    -0.621809919665                     0.064511909737
 531                    -0.230625511358                     0.066547449324
 532                     0.160597534320                     0.068891357887
 533                     0.894046010914                     0.070572097078
 534                     0.551781942626                     0.070926897474
 535                    -0.680983442525                     0.072082715035
 536                    -0.289799034218                     0.074118254622
 537                     0.101424011460                     0.076462163186
 538                     0.492608419766                     0.078497702773
 539                    -0.740156965385                     0.079653520334
 540                    -0.348972557078                     0.081689059921
 541                     0.042250488600                     0.084032968485
 542                     0.433434896906                     0.086068508071
 543                    -0.799330488245                     0.087224325633
 544                     0.824619305213                     0.088104047658
 545                     0.966094015670                     0.088860497309
 546                    -0.408146079938                     0.089259865220
 547                    -0.016923034261                     0.091603773784
 548                     0.374261374046                     0.093639313370
 549                    -0.858504011105                     0.094795130932
 550                     0.765445782353                     0.095674852957
 551                    -0.467319602799                     0.096830670518
 552                    -0.965199396681                     0.098101782563
 553                    -0.076096557121                     0.099174579082
 554                     0.315087851186                     0.101210118669
 555                     0.706272259492                     0.103245658256
 556                    -0.526493125659                     0.104401475817
 557                    -0.135308717352                     0.106437015404
 558                     0.255914328326                     0.108780923968
 559                     0.647098736632                     0.110816463554
 560                    -0.585666648519                     0.111972281116
 561                    -0.194482240212                     0.114007820703
 562                     0.196740805466                     0.116351729266
 563                     0.587925213772                     0.118387268853
 564                    -0.644840171379                     0.119543086414
 565                    -0.253655763072                     0.121578626001
 566                    -0.911026239964                     0.123083615800
 567                     0.137567282605                     0.123922534565
 568                     0.918589230963                     0.124945374064
 569                     0.528751690912                     0.125958074152
 570                    -0.704013694239                     0.127113891713
 571                    -0.312829285932                     0.129149431300
 572                     0.078393759745                     0.131493339864
 573                     0.469578168052                     0.133528879451
 574                    -0.763187217099                     0.134684697012
 575                     0.859993237797                     0.136140573282
 576                    -0.372002808792                     0.136720236598
 577                     0.019220236885                     0.139064145162
 578                     0.410404645192                     0.141099684749
 579                    -0.431176331653                     0.144291041897
 580                    -0.825294709697                     0.144560507908
 581                    -0.039953285975                     0.146634950461
 582                     0.351231122332                     0.148670490048
 583                     0.802070698720                     0.150416509937
 584                     0.742415530638                     0.150706029635
 585                    -0.490349854513                     0.151861847196
 586                    -0.099126808835                     0.154205755760
 587                     0.292057599472                     0.156241295346
 588                     0.683242007778                     0.158276834933
 589                    -0.549523377373                     0.159432652495
 590                    -0.158338969066                     0.161468192081
 591                    -0.956627879486                     0.161545458886
 592                     0.232884076611                     0.163812100645
 593                     0.624068484918                     0.165847640232
 594                    -0.608696900233                     0.167003457793
 595                    -0.217512491926                     0.169038997380
 596                     0.173710553751                     0.171382905944
 597                     0.954730038945                     0.172407621155
 598                     0.564894962058                     0.173418445531
 599                    -0.667870423093                     0.174574263092
 600                    -0.276686014786                     0.176609802679
 601                     0.114537030891                     0.178953711243
 602                     0.505721439198                     0.180989250829
 603                    -0.900518126537                     0.181806715623
 604                    -0.727043945953                     0.182145068391
 605                     0.896134045780                     0.183602820373
 606                    -0.335859537646                     0.184180607977
 607                     0.055363508031                     0.186524516541
 608                     0.446547916338                     0.188560056128
 609                    -0.786217468813                     0.189715873689
 610                    -0.395033060507                     0.191751413276
 611                    -0.003810014829                     0.194095321840
 612                     0.387374393477                     0.196130861427
 613                     0.838217111899                     0.197901480112
 614                    -0.454206583367                     0.199322218575
 615                    -0.062983537689                     0.201666127139
 616                    -0.844516752818                     0.202365631989
 617                     0.328200870618                     0.203701666725
 618                     0.779040447005                     0.205447686614
 619                     0.719385278923                     0.205737206313
 620                    -0.513380106227                     0.206893023874
 621                    -0.122157060549                     0.209236932438
 622                     0.269027347757                     0.211272472024
 623                     0.660211756064                     0.213308011611
 624                    -0.572553629087                     0.214463829172
 625                    -0.181369220780                     0.216499368759
 626                     0.209853824897                     0.218843277323
 627                     0.601038233203                     0.220878816910
 628                    -0.631727151947                     0.222034634471
 629                    -0.944372192965                     0.222249846418
 630                    -0.240542743640                     0.224070174058
 631                     0.150680302037                     0.226414082622
 632                     0.541864710344                     0.228449622208
 633                    -0.690900674808                     0.229605439770
 634                     0.942328781549                     0.230760270757
 635                    -0.299716266500                     0.231640979356
 636                     0.091506779177                     0.233984887920
 637                     0.482691187483                     0.236020427507
 638                    -0.750074197668                     0.237176245068
 639                    -0.358889789361                     0.239211784655
 640                     0.032333256317                     0.241555693219
 641                     0.883556285905                     0.241978837858
 642                     0.423517664623                     0.243591232806
 643                    -0.418063312221                     0.246782589953
 644                    -0.026840266543                     0.249126498518
 645                    -0.808373481673                     0.249826003368
 646                     0.364344141763                     0.251162038105
 647                     0.815186860187                     0.252932656791
 648                    -0.875496204223                     0.253346966723
 649                    -0.477236835081                     0.254353395252
 650                    -0.086013789403                     0.256697303817
 651                     0.305170618903                     0.258732843403
 652                     0.756010195293                     0.260478863293
 653                     0.696355027211                     0.260768382991
 654                    -0.536410357942                     0.261924200551
 655                    -0.145187312263                     0.264268109115
 656                     0.245997096043                     0.266303648702
 657                     0.637181504350                     0.268339188289
 658                    -0.595583880802                     0.269495005850
 659                    -0.204399472494                     0.271530545437
 660                     0.186823573183                     0.273874454001
 661                     0.578007981490                     0.275909993588
 662                    -0.654757403662                     0.277065811149
 663                    -0.263572995354                     0.279101350735
 664                    -0.928921464427                     0.279890600097
 665                     0.127650050323                     0.281445259299
 666                     0.518834458630                     0.283480798887
 667                    -0.713930926522                     0.284636616447
 668                    -0.322746518215                     0.286672156034
 669                     0.926364561240                     0.288240411419
 670                     0.068476527463                     0.289016064598
 671                     0.459660935770                     0.291051604185
 672                    -0.381920041075                     0.294242961332
 673                     0.009303004603                     0.296586869897
 674                    -0.772230210527                     0.297286374747
 675                     0.400487412910                     0.298622409484
 676                     0.866357156500                     0.299162100165
 677                    -0.839352933078                     0.300807338102
 678                    -0.441093563935                     0.301813766631
 679                    -0.049870518257                     0.304157675196
 680                     0.341313890050                     0.306193214782
 681                    -0.500267086796                     0.309384571930
 682                    -0.109044041117                     0.311728480494
 683                     0.807935904595                     0.312146224016
 684                     0.282140367190                     0.313764020081
 685                     0.674047422112                     0.316101572306
 686                    -0.559440609656                     0.316955377229
 687                    -0.168217563977                     0.319299285793
 688                     0.748759239701                     0.319692430518
 689                     0.222966844330                     0.321334825380
 690                     0.614151252637                     0.323370364967
 691                    -0.618614132516                     0.324526182527
 692                    -0.227429724208                     0.326561722114
 693                     0.163793321469                     0.328905630678
 694                     0.554977729776                     0.330941170266
 695                    -0.677787655376                     0.332096987826
 696                    -0.286603247069                     0.334132527413
 697                    -0.909962995470                     0.336453833344
 698                     0.104619798609                     0.336476435977
 699                     0.495804206916                     0.338511975564
 700                    -0.345776769929                     0.341703332712
 701                     0.045446275749                     0.344047241276
 702                     0.906897739035                     0.344630709643
 703                    -0.735943998687                     0.345388437456
 704                     0.436630684056                     0.346082780863
 705                    -0.404950292789                     0.349274138010
 706                    -0.013727247111                     0.351618046575
 707                    -0.795192775932                     0.352345828891
 708                     0.377457161196                     0.353653586162
 709                     0.848341966707                     0.356034412007
 710                    -0.464123815649                     0.356844943308
 711                    -0.854530338244                     0.358500225644
 712                    -0.072900769971                     0.359188851873
 713                     0.318283638336                     0.361224391460
 714                    -0.523297338510                     0.364415748608
 715                     0.709637551527                     0.364729264498
 716                    -0.132074292831                     0.366759657172
 717                     0.784882778681                     0.367167822377
 718                     0.259110115476                     0.368795196759
 719                     0.650294523782                     0.370830736346
 720                    -0.582470861371                     0.371986553906
 721                    -0.191247815691                     0.374330462471
 722                     0.199936592615                     0.376366002057
 723                     0.591121000922                     0.378401541645
 724                    -0.641713402412                     0.379609959604
 725                    -0.250459975922                     0.381592898792
 726                     0.140763069755                     0.383936807356
 727                     0.531947478062                     0.385972346943
 728                    -0.309633498782                     0.389163704091
 729                     0.081589546895                     0.391507612655
 730                    -0.699869980688                     0.392901468573
 731                     0.472773955202                     0.393543152242
 732                    -0.368807021643                     0.396734509390
 733                     0.022416024035                     0.399078417954
 734                    -0.759054502132                     0.400385960410
 735                     0.413600432342                     0.401113957540
 736                    -0.427980544503                     0.404305314687
 737                     0.881221111673                     0.405811763552
 738                    -0.036757498825                     0.406649223252
 739                    -0.818303279377                     0.407343351844
 740                     0.354426909482                     0.408684762839
 741                    -0.487154067363                     0.411876119986
 742                     0.745785437627                     0.412225794180
 743                    -0.877640841689                     0.413497748598
 744                     0.822101128781                     0.413789891361
 745                    -0.095931021685                     0.414220028551
 746                     0.295253386622                     0.416255568138
 747                    -0.546327590225                     0.419446925285
 748                     0.686607299812                     0.419760441176
 749                    -0.155104544545                     0.421790833850
 750                     0.236079863761                     0.423826373436
 751                     0.627264272068                     0.425861913024
 752                    -0.605501113086                     0.427017730584
 753                    -0.214278067405                     0.429361639149
 754                     0.176906340901                     0.431397178735
 755                     0.568090749208                     0.433432718322
 756                    -0.273490227636                     0.436624075470
 757                     0.117732818041                     0.438967984034
 758                    -0.663657487462                     0.440309044285
 759                     0.508917226348                     0.441003523621
 760                    -0.332663750497                     0.444194880769
 761                     0.058559295181                     0.446538789333
 762                    -0.722985014584                     0.447902430908
 763                     0.449743703488                     0.448574328919
 764                    -0.391837273357                     0.451765686067
 765                    -0.000614227679                     0.454109594631
 766                     0.390570180628                     0.456145134218
 767                     0.783003787727                     0.458847863165
 768                    -0.451010796217                     0.459336491365
 769                    -0.791230138474                     0.460502245195
 770                    -0.059787750539                     0.461680399930
 771                     0.331396657768                     0.463715939517
 772                     0.850912902649                     0.466026895363
 773                    -0.850567700787                     0.466656641948
 774                    -0.510184319077                     0.466907296663
 775                     0.722755185913                     0.467256970858
 776                    -0.118961273399                     0.469251205229
 777                     0.272223134907                     0.471286744815
 778                    -0.569357841940                     0.474478101963
 779                     0.663577048098                     0.474791617854
 780                    -0.178134796259                     0.476822010528
 781                     0.213049612047                     0.478857550114
 782                     0.604234020354                     0.480893089701
 783                    -0.237308319120                     0.484392815826
 784                     0.153876089187                     0.486428355413
 785                     0.545060497494                     0.488463895000
 786                    -0.296520479351                     0.491655252147
 787                     0.094702566327                     0.493999160711
 788                    -0.641550509717                     0.495717567416
 789                     0.485886974634                     0.496034700299
 790                    -0.355694002211                     0.499226057446
 791                     0.035529043467                     0.501569966010
 792                     0.426713451774                     0.503605505597
 793                    -0.701852305038                     0.503689808403
 794                    -0.414867525071                     0.506796862745
 795                    -0.023644479393                     0.509140771309
 796                     0.367539928913                     0.511176310896
 797                    -0.760940985037                     0.511896700972
 798                     0.759973536013                     0.513879039842
 799                    -0.474041047931                     0.514367668042
 800                    -0.082818002253                     0.516711576608
 801                     0.820661801409                     0.517443758106
 802                    -0.820278547349                     0.518051097725
 803                     0.308366406053                     0.518747116194
 804                    -0.533214570792                     0.521938473340
 805                     0.700988464845                     0.522800042024
 806                    -0.141991525114                     0.524282381906
 807                     0.249192883193                     0.526317921493
 808                    -0.592388093655                     0.529509278640
 809                     0.640546796384                     0.529822794531
 810                    -0.201165047974                     0.531853187205
 811                     0.190019360333                     0.533888726791
 812                     0.581203768640                     0.535924266379
 813                    -0.260338570834                     0.539423992504
 814                     0.130845837473                     0.541459532090
 815                     0.522030245780                     0.543495071678
 816                    -0.319550731065                     0.546686428825
 817                     0.071672314613                     0.549030337389
 818                    -0.664974991834                     0.550582096377
 819                     0.462856722920                     0.551065876976
 820                    -0.378724253925                     0.554257234124
 821                     0.012498791753                     0.556601142688
 822                     0.403683200059                     0.558636682275
 823                    -0.726893378441                     0.560882243590
 824                    -0.437897776785                     0.561828039423
 825                    -0.046674731108                     0.564171947987
 826                     0.344509677199                     0.566207487573
 827                     0.787307762405                     0.566904156231
 828                    -0.786329773652                     0.567656524864
 829                    -0.497071299646                     0.569398844720
 830                    -0.105848253968                     0.571742753285
 831                     0.285336154339                     0.573778292872
 832                    -0.556244822506                     0.576969650017
 833                     0.676690067530                     0.577283165910
 834                    -0.165021776828                     0.579313558584
 835                     0.226162631479                     0.581349098171
 836                    -0.615813521761                     0.584376446839
 837                     0.617516544670                     0.584853971209
 838                    -0.224195299688                     0.586884363883
 839                     0.166989108619                     0.588919903469
 840                     0.558173516926                     0.590955443057
 841                     0.734030230747                     0.593743074258
 842                    -0.283368822548                     0.594455169182
 843                     0.107815585759                     0.596490708768
 844                     0.498999994065                     0.598526248355
 845                    -0.342580982779                     0.601717605503
 846                     0.048642062898                     0.604061514067
 847                    -0.687609147543                     0.605777366970
 848                     0.439826471205                     0.606097053654
 849                    -0.401754505639                     0.609288410801
 850                    -0.010531459962                     0.611632319365
 851                     0.380652948345                     0.613667858952
 852                    -0.749417801609                     0.616122385349
 853                    -0.460928012352                     0.616859342308
 854                    -0.069704982822                     0.619203124664
 855                     0.321479425485                     0.621238664251
 856                    -0.520101551359                     0.624430021397
 857                    -0.128878505682                     0.626773929963
 858                     0.262305902625                     0.628809469550
 859                    -0.579275074220                     0.632000826695
 860                    -0.188052028542                     0.634344735262
 861                     0.657792936816                     0.635987132188
 862                     0.203132379765                     0.636380274849
 863                     0.593336028212                     0.639389514888
 864                    -0.638448579796                     0.639571767087
 865                    -0.247225551402                     0.641915540561
 866                     0.143958856905                     0.643951080147
 867                    -0.306396538857                     0.649506136330
 868                     0.718917800178                     0.651453015714
 869                     0.084785334044                     0.651521885446
 870                     0.475969742351                     0.653557425033
 871                     0.535618582627                     0.654473260303
 872                    -0.365611117042                     0.656748831332
 873                     0.025611811184                     0.659092690744
 874                    -0.710133570711                     0.661017508729
 875                     0.416796219491                     0.661128230332
 876                    -0.424784639903                     0.664319636632
 877                    -0.033561711676                     0.666663496043
 878                     0.357622696631                     0.668699035630
 879                    -0.483955441182                     0.671911683551
 880                    -0.092735234536                     0.674234301342
 881                     0.298449173771                     0.676269840929
 882                    -0.543131677436                     0.679461250653
 883                    -0.151908757396                     0.681805106641
 884                     0.239275650911                     0.683840646227
 885                    -0.602305200296                     0.687032055950
 886                    -0.210944145070                     0.690386825741
 887                     0.180102128051                     0.691411451526
 888                     0.617867324381                     0.693768172547
 889                     0.677519776726                     0.694406788015
 890                    -0.661373145916                     0.695386737326
 891                    -0.270237396363                     0.696954416749
 892                     0.120928605191                     0.698982256824
 893                    -0.329388939899                     0.704695075495
 894                     0.505001025880                     0.705672753653
 895                     0.061755082331                     0.706553062123
 896                    -0.388621612183                     0.711788271863
 897                     0.002581559470                     0.714123867422
 898                     0.396551954873                     0.717244116234
 899                     0.563364588861                     0.718022547851
 900                    -0.447795135043                     0.719359077162
 901                    -0.056591963390                     0.721694672721
 902                     0.335772510427                     0.724209325337
 903                    -0.115765486250                     0.729265478020
 904                     0.276598987567                     0.731780130636
 905                    -0.505792393903                     0.733328360082
 906                    -0.565430283933                     0.734792932796
 907                     0.453342725533                     0.735509692283
 908                    -0.174800873924                     0.737847197120
 909                     0.217135649925                     0.739235982284
 910                    -0.624603806794                     0.742363738093
 911                    -0.233974396784                     0.745418002419
 912                     0.157962127064                     0.746806787583
 913                    -0.293248355404                     0.752157492763
 914                     0.611620861786                     0.753096113736
 915                     0.098788604204                     0.754377592881
 916                     0.038724830617                     0.761584238801
 917                     0.509613217888                     0.765150065171
 918                    -0.351149943697                     0.766742584388
 919                    -0.411651863897                     0.766819448541
 920                    -0.020448692244                     0.769155044099
 921                     0.371993414442                     0.771610475248
 922                    -0.079622215104                     0.776725849399
 923                     0.312832362443                     0.779278123318
 924                    -0.469649122756                     0.780788731460
 925                    -0.138657602778                     0.785307568499
 926                     0.253285016612                     0.786691711007
 927                     0.564178605756                     0.789263160108
 928                    -0.197831125638                     0.792878373798
 929                    -0.557590175245                     0.793931377114
 930                     0.194105398211                     0.794267158962
 931                     0.457954917551                     0.794987003800
 932                     0.134581289734                     0.802103531363
 933                     0.074882214757                     0.809033859165
 934                    -0.303711707866                     0.810888584663
 935                     0.015695816644                     0.816615950736
 936                     0.404560471979                     0.821592568681
 937                    -0.043478943958                     0.824186220777
 938                     0.510832213348                     0.824793480152
 939                    -0.404576386767                     0.826054240040
 940                    -0.507740291827                     0.826700448259
 941                    -0.246414504171                     0.827497418136
 942                    -0.102948924841                     0.833095780649
 943                     0.289428895146                     0.834151619826
 944                    -0.162122447701                     0.840666585948
 945                     0.230255469181                     0.841723182418
 946                     0.348198429530                     0.844908759943
 947                    -0.349542240412                     0.849077394373
 948                     0.171082919193                     0.849301587827
 949                     0.459173913010                     0.854630418782
 950                    -0.455970632779                     0.856343749401
 951                     0.112092160318                     0.858184901839
 952                     0.052764947209                     0.864438275747
 953                    -0.293999252344                     0.870844327482
 954                    -0.006405267054                     0.872034896356
 955                    -0.065579883043                     0.879597152840
 956                     0.405779467438                     0.881235983662
 957                    -0.396997950118                     0.885226786026
 958                    -0.236381228983                     0.886303508718
 959                     0.292174264426                     0.893744285885
 960                     0.207232285791                     0.896757316618
 961                    -0.177921997517                     0.898192207424
 962                     0.350850762039                     0.904509578651
 963                     0.148241526915                     0.905640630631
 964                    -0.118842593404                     0.906465472206
 965                    -0.341136148537                     0.908155590933
 966                     0.089137368082                     0.913735154032
 967                     0.029758706508                     0.919479494750
 968                    -0.280099881266                     0.928858380815
 969                     0.251187399840                     0.937090564064
 970                    -0.051680511964                     0.937611206173
 971                    -0.222481857905                     0.944317562052
 972                     0.185430081958                     0.952286469399
 973                    -0.164022626439                     0.956206260758
 974                     0.124296951890                     0.962105368058
 975                    -0.104943222325                     0.964479525539
 976                     0.064422782284                     0.968030753757
 977                    -0.001693417273                     0.970170586770
